500 50 500
2 26 4 27 20 13 30 4 36 24 44 20 5 12 42 8 16 45 39 5 4 46 5 4 43 12 32 10 5 23 18 6 29 43 33 17 14 45 36 4 49 20 4 11 10 42 14 11 29 44 45 20 1 6 45 50 40 20 50 41 4 12 28 35 10 24 15 17 7 21 41 34 3 35 8 18 30 45 15 18 34 36 43 19 33 2 23 5 26 31 39 40 47 29 50 20 29 1 41 35 38 1 14 12 7 31 12 5 42 19 19 37 38 38 46 43 20 32 32 31 35 19 47 50 10 45 48 40 13 14 45 23 2 11 44 42 50 28 5 8 23 9 4 30 15 38 47 48 18 3 36 14 37 27 50 26 22 16 33 30 22 13 35 8 14 45 14 44 19 14 13 10 17 16 2 37 20 4 41 30 40 5 7 21 1 17 2 18 48 26 11 30 15 15 3 50 29 41 2 49 7 37 17 3 38 42 26 38 3 34 23 7 25 3 36 16 49 13 29 19 12 4 4 37 45 2 20 26 2 47 9 10 10 22 39 33 2 26 50 46 18 6 23 8 33 49 5 35 44 26 35 30 40 41 46 5 15 39 3 32 28 1 3 9 41 39 33 17 24 15 18 24 44 9 20 24 23 3 21 19 15 7 19 38 42 42 15 40 24 48 36 29 36 12 9 15 50 5 50 31 36 7 36 36 43 18 4 16 24 29 47 27 29 24 19 18 31 14 4 10 38 42 48 49 20 16 3 18 31 15 41 43 42 17 40 11 42 13 22 18 41 44 47 18 19 45 38 44 50 28 33 22 37 4 37 22 47 21 11 4 30 6 32 13 23 11 9 16 5 36 46 44 7 20 20 41 13 33 24 18 28 50 5 9 20 14 23 44 33 24 32 47 5 17 50 4 23 14 25 19 18 13 50 48 2 8 16 36 9 37 44 15 25 12 46 32 39 47 45 17 28 50 32 8 30 25 34 23 17 34 9 46 16 10 33 39 2 8 40 5 31 27 24 31 29 48 46 38 46 19 45 19 21 21 1 18 7 31 42 38 44 48 17 34 19 37 28 12 38 29 7 34 35 43 3 15 44 15 23 17 48 49 31 44 35 21 5 40 22 3 6 26 39 28 9 40 29 1 49 25 
188 2
9 45
393 25
94 50
434 12
318 31
207 4
141 24
447 35
161 1
481 17
31 37
457 13
69 29
481 40
306 5
21 7
116 7
218 22
299 48
130 33
336 39
219 46
82 37
197 18
186 30
414 13
407 38
424 29
452 24
413 8
398 21
465 18
131 36
280 28
176 40
117 28
335 38
328 28
318 20
53 37
262 50
448 9
374 41
191 34
427 36
141 3
104 15
272 37
25 40
382 11
43 9
265 48
303 7
252 30
137 4
20 29
20 21
319 42
483 27
289 10
226 7
350 18
401 3
277 33
447 13
417 49
432 20
62 46
189 17
297 32
369 12
335 20
419 49
346 25
154 17
81 5
460 19
304 16
410 2
150 31
330 3
163 37
42 41
58 13
10 37
99 26
134 18
176 41
258 43
292 7
25 27
66 45
291 34
361 34
416 47
491 44
325 4
328 49
128 45
32 31
87 10
118 9
242 31
329 19
168 28
44 39
411 26
382 30
375 48
265 1
156 15
274 35
242 24
313 27
188 50
99 49
81 7
458 37
261 2
335 25
160 3
241 2
83 38
185 32
458 49
359 32
231 17
443 32
116 4
189 45
283 22
411 12
302 49
421 25
61 43
112 16
188 1
490 33
173 10
239 1
321 40
250 11
111 21
429 14
219 10
94 2
361 28
298 44
241 7
458 23
346 50
443 43
165 17
154 28
3 18
201 34
140 3
416 5
470 37
206 40
353 31
183 44
440 27
168 4
242 14
28 35
126 21
495 13
216 35
408 46
296 22
378 3
205 23
409 5
289 40
474 46
133 10
148 26
2 37
219 21
10 39
119 36
357 8
143 13
198 29
258 29
348 40
283 46
45 34
32 7
166 22
87 31
15 17
40 28
169 9
194 36
146 43
228 1
341 33
222 21
96 5
333 42
124 42
417 38
72 1
359 27
43 30
469 22
341 35
324 18
73 10
8 32
311 30
424 34
402 44
351 50
130 14
131 22
241 33
493 13
248 48
99 30
257 22
434 48
335 4
66 38
61 33
197 15
14 21
165 45
286 43
382 7
459 49
114 41
294 15
324 11
493 7
72 21
366 34
478 20
147 27
86 34
295 13
471 44
365 22
287 49
265 27
220 32
318 6
159 48
64 46
474 44
390 38
8 44
92 7
296 32
456 29
382 2
464 1
274 38
287 11
251 9
413 47
190 32
385 15
144 19
196 24
185 6
213 21
20 11
460 17
302 16
106 38
210 27
413 34
263 10
455 15
278 37
370 11
405 22
29 35
239 35
256 29
258 48
210 3
8 3
160 36
456 9
43 9
383 42
54 5
139 13
165 5
22 31
118 10
206 41
367 46
393 27
16 21
478 4
468 31
335 39
99 29
476 31
187 29
248 21
229 16
161 29
2 41
166 46
281 24
299 31
16 22
383 8
245 36
497 2
281 39
115 43
355 50
202 18
404 20
11 16
459 20
131 45
483 21
441 33
134 50
155 46
417 48
109 27
192 31
263 8
397 4
40 27
497 5
41 24
73 42
295 13
269 36
24 50
222 24
147 12
203 11
492 36
282 41
379 27
215 26
428 44
274 36
165 2
179 29
327 14
98 34
88 30
367 23
167 11
374 24
438 1
403 23
67 21
226 37
122 31
458 27
486 45
436 39
160 15
280 20
39 31
201 47
65 9
347 22
368 4
198 1
345 13
246 21
386 12
476 18
290 47
446 42
443 13
426 46
30 43
343 24
357 36
402 50
143 22
258 1
93 30
69 22
331 24
207 38
409 27
471 24
266 50
300 23
217 32
390 24
75 42
211 48
484 8
419 23
240 6
73 29
329 4
310 35
311 38
432 38
349 18
266 14
261 10
403 33
284 47
73 15
205 36
163 3
59 21
39 16
52 28
100 35
68 7
401 35
405 16
304 8
414 38
240 33
494 10
232 34
375 46
127 31
129 40
157 19
124 40
58 30
121 6
78 6
128 46
76 3
26 25
419 3
215 43
231 49
284 1
376 46
317 34
382 17
347 10
130 23
198 4
182 18
39 38
385 47
141 47
33 44
103 47
256 45
324 41
140 12
34 3
325 27
1 50
347 4
130 1
200 48
477 15
166 6
51 18
214 29
140 41
37 25
398 44
277 21
94 28
436 20
323 45
182 19
25 9
85 40
344 50
110 41
12 4
486 9
300 14
166 31
246 19
426 27
299 15
101 36
114 11
459 8
390 21
371 42
22 4
116 35
241 37
291 40
33 30
240 30
152 12
196 24
