5000 500 5000
30 304 149 57 459 62 183 389 184 494 180 445 489 371 423 401 195 211 256 120 234 62 392 373 249 107 6 365 485 82 323 151 118 408 302 340 176 347 161 26 329 392 405 133 493 14 248 20 253 90 381 183 54 375 257 112 449 473 151 130 243 395 242 154 259 194 266 281 429 487 480 358 22 420 22 240 118 266 163 123 433 453 453 298 420 354 48 197 477 174 214 380 159 263 169 296 41 432 29 471 173 320 198 149 468 341 452 63 481 18 327 340 394 288 76 276 389 69 282 96 211 3 24 103 186 129 248 404 384 348 460 135 497 73 124 350 309 448 279 5 202 483 13 367 424 448 1 5 356 273 388 148 69 100 407 472 490 246 493 380 160 194 69 257 99 185 300 465 14 185 154 443 127 317 331 223 350 489 369 23 99 165 99 151 379 5 3 73 284 258 377 440 429 489 177 116 285 166 264 293 205 277 193 392 127 397 77 335 57 430 202 329 344 207 161 33 211 59 394 139 381 413 362 480 337 26 136 351 126 135 53 28 25 428 463 244 245 41 214 35 397 106 161 100 329 310 163 128 317 324 490 499 356 275 490 139 196 206 409 284 386 238 255 222 311 453 429 144 325 136 74 259 239 304 128 465 197 416 442 269 287 259 161 295 440 262 330 241 446 496 100 336 353 246 389 340 93 299 422 405 408 122 436 245 168 237 374 151 64 377 20 172 493 218 174 1 313 175 213 231 414 233 271 317 26 382 17 331 390 102 69 79 258 4 259 43 414 200 474 478 226 81 269 266 425 376 477 303 262 242 155 14 278 16 365 357 433 1 12 330 276 189 224 14 290 464 194 381 350 310 217 27 224 278 15 394 178 99 112 315 162 486 215 115 224 342 460 391 477 187 142 337 210 300 177 37 132 33 166 50 227 108 156 51 430 323 316 447 476 452 330 415 421 261 432 16 411 423 372 7 337 378 360 194 7 271 133 303 455 477 149 421 418 5 341 452 499 180 403 212 381 195 238 315 109 426 459 180 224 26 65 217 384 344 166 192 231 307 327 324 24 286 418 179 385 221 138 269 340 162 359 344 219 287 199 204 177 23 453 140 141 270 343 329 405 289 69 11 119 109 364 179 119 422 483 96 130 91 249 140 49 492 459 228 496 441 241 166 184 429 364 231 371 109 421 489 416 478 408 71 463 360 78 261 291 81 253 99 219 207 57 211 35 205 495 419 27 461 152 331 260 366 491 258 317 344 357 331 125 173 143 115 67 287 204 384 471 104 198 497 27 377 484 401 452 325 254 333 471 11 169 199 192 295 385 68 252 316 356 56 20 380 280 230 353 477 448 332 141 110 88 125 259 56 386 341 374 81 403 407 99 73 147 14 253 309 383 172 434 82 173 325 264 319 471 4 406 299 403 411 326 227 88 54 146 351 335 102 269 407 80 483 170 256 368 348 2 200 283 229 454 73 54 8 177 96 411 361 342 287 495 63 35 236 314 8 496 87 21 82 119 490 440 294 406 71 395 18 207 405 173 2 334 17 151 382 4 60 149 163 396 100 76 468 415 417 159 180 131 288 77 110 335 75 3 265 360 118 165 459 377 43 397 448 433 53 166 88 42 259 150 249 259 359 87 423 465 354 240 23 109 378 215 241 406 229 367 425 392 78 10 481 242 226 296 419 9 7 371 395 228 84 55 170 238 266 447 253 178 301 251 500 449 427 30 206 312 272 405 359 353 48 406 129 369 88 155 191 101 25 39 66 416 240 188 361 43 205 302 17 235 478 242 268 465 268 180 31 451 309 352 318 475 15 358 55 273 299 26 394 138 18 410 300 113 202 166 387 102 154 340 184 95 66 481 133 382 495 368 57 494 243 207 431 426 325 50 176 78 215 92 386 488 260 224 394 334 37 122 73 372 458 42 447 39 23 222 107 356 272 164 299 318 384 426 23 68 217 153 445 152 345 242 262 124 25 216 411 419 241 431 231 194 6 288 49 251 212 385 196 284 454 163 311 401 400 214 28 90 325 331 128 480 406 423 85 15 228 139 305 155 460 400 331 284 144 136 491 261 61 396 271 405 459 330 462 291 19 220 282 56 192 271 254 140 134 119 457 100 435 473 222 469 337 137 100 319 243 64 122 452 338 292 154 127 131 313 216 33 192 213 371 310 495 208 299 49 157 167 226 45 314 72 186 54 250 158 144 69 326 409 381 215 21 340 74 470 395 239 416 102 399 131 237 235 254 280 442 244 11 437 280 14 444 441 188 431 500 160 295 401 17 336 114 409 361 443 475 27 416 40 243 149 14 421 245 472 423 433 429 71 256 246 498 7 25 393 224 164 416 437 428 313 352 154 275 256 125 219 197 342 356 29 246 149 456 405 69 154 128 492 78 77 317 498 369 107 249 415 392 301 28 317 393 301 119 246 42 397 43 255 345 130 388 48 419 206 45 387 215 473 396 29 124 484 370 122 327 246 155 438 47 305 26 309 419 428 208 101 71 458 216 132 103 38 177 286 332 404 115 67 179 291 71 55 35 312 92 197 240 422 238 152 328 402 133 389 463 458 8 305 141 91 290 338 434 277 302 322 265 273 323 223 318 119 315 278 371 149 50 485 365 496 475 146 471 189 298 475 225 275 264 467 90 356 60 227 243 88 268 439 350 357 288 190 372 438 70 314 295 372 386 314 37 81 278 392 40 343 215 270 288 429 367 41 65 460 429 108 348 15 191 25 131 159 302 18 455 127 343 469 235 82 458 489 368 322 25 364 38 417 272 412 158 325 65 462 363 11 192 151 94 327 61 468 177 346 172 11 455 317 75 447 273 366 105 443 365 104 232 410 412 311 40 476 360 73 264 169 8 429 232 169 110 362 88 2 287 370 493 30 234 270 168 491 369 263 387 120 80 13 351 353 44 300 449 256 238 436 304 428 469 471 270 96 358 420 65 112 329 155 371 166 85 167 285 288 372 393 349 123 382 318 11 325 54 189 11 164 169 192 470 350 232 57 189 383 64 459 138 412 60 476 240 134 274 273 332 303 219 105 13 154 23 447 165 46 410 115 130 174 242 38 431 412 17 443 350 61 391 279 37 234 15 406 268 430 170 256 269 361 196 404 335 244 1 261 303 20 335 412 355 3 150 346 61 416 188 140 432 287 207 247 134 107 205 63 372 241 393 176 173 344 247 207 276 408 127 236 472 28 329 19 29 265 211 168 396 370 193 206 11 435 401 166 433 250 459 146 187 346 483 110 372 131 160 482 258 252 271 374 99 53 34 475 132 36 455 354 243 500 259 404 275 192 173 396 65 38 91 416 70 458 394 16 346 285 90 199 81 404 51 286 491 374 423 168 4 340 341 195 397 66 303 182 410 323 255 350 20 99 367 248 261 400 244 394 117 151 74 67 58 379 2 488 83 455 458 311 285 268 313 257 236 253 156 33 461 69 293 246 384 55 258 74 387 182 264 329 247 78 316 162 68 74 342 119 83 382 218 271 76 386 377 65 154 122 224 200 292 228 261 284 19 397 472 473 204 215 383 424 290 357 17 38 215 361 454 478 86 226 500 133 170 179 308 4 385 181 327 137 163 315 309 423 259 55 408 186 401 305 384 178 98 226 118 159 258 294 400 411 472 367 20 346 90 183 454 406 452 203 491 171 150 428 291 473 394 473 166 82 77 63 84 312 385 67 178 224 166 240 272 34 384 51 357 77 147 431 280 457 197 29 137 76 7 333 280 271 244 239 362 370 63 192 318 353 254 1 189 17 236 477 410 28 180 451 209 11 271 33 417 383 191 358 16 103 282 344 385 305 350 46 248 487 270 64 169 176 37 201 287 451 160 323 149 273 14 207 278 75 493 343 425 196 298 72 55 464 39 364 122 115 359 293 158 293 197 443 415 6 291 85 5 58 199 88 375 434 486 423 274 422 240 240 67 95 214 399 342 277 346 219 436 24 125 144 1 116 246 153 92 478 188 138 242 459 488 259 297 486 240 71 107 450 2 71 268 453 2 394 285 196 350 480 213 213 291 156 491 373 287 425 346 236 176 459 390 438 222 457 345 440 39 77 375 393 156 102 53 124 486 381 444 307 362 312 286 251 177 344 380 292 24 242 199 106 419 52 220 81 177 72 283 2 391 457 9 251 420 262 348 366 293 270 362 247 64 294 4 170 335 362 307 439 229 79 369 380 352 136 336 445 126 286 422 333 40 256 348 14 254 405 482 363 164 228 30 222 115 364 350 76 370 424 96 247 489 103 358 265 284 138 207 267 67 6 39 497 490 272 62 102 299 465 401 130 497 235 321 102 486 435 108 3 225 98 153 221 69 183 279 364 482 306 17 1 15 1 458 195 258 10 28 57 456 147 67 89 257 382 4 273 128 141 70 266 382 369 399 475 425 193 44 203 111 399 214 241 344 180 372 377 306 457 473 368 20 449 487 301 312 226 469 121 346 86 111 202 144 407 472 197 383 163 280 212 21 203 117 155 132 322 5 153 415 463 5 228 141 84 198 499 66 110 377 447 263 119 201 481 318 64 326 324 44 261 266 66 214 45 142 206 274 67 85 416 113 82 378 431 394 338 494 190 438 133 156 263 200 222 363 314 368 164 57 350 376 57 364 103 86 122 215 224 400 273 66 291 171 437 56 377 257 110 106 334 67 426 70 403 222 203 194 211 455 89 469 139 490 437 23 366 465 310 186 323 148 197 449 309 219 466 495 432 100 267 305 326 111 1 457 207 302 491 338 222 144 317 192 285 365 38 119 310 104 381 353 55 50 7 63 423 96 34 406 266 231 247 68 352 43 76 165 303 430 418 333 437 451 351 442 110 209 210 26 337 354 245 103 305 196 434 235 110 79 290 235 169 471 150 206 111 115 83 170 165 452 270 260 245 466 132 14 90 195 157 130 493 260 333 142 481 285 419 464 144 398 197 264 476 227 393 176 346 86 15 249 437 77 26 451 198 440 165 11 102 345 315 301 331 143 191 332 96 261 188 133 193 11 290 138 110 222 476 348 433 396 157 143 197 210 326 48 46 111 31 255 30 314 30 26 239 17 161 222 291 1 372 76 244 383 22 67 201 332 477 449 46 109 115 361 101 116 67 269 274 7 50 128 245 257 128 248 386 351 358 267 417 283 460 351 499 105 120 129 389 229 456 123 310 321 34 337 61 413 381 87 79 349 169 433 185 75 221 430 344 1 377 210 127 483 27 94 477 51 199 396 484 331 316 36 183 191 486 354 56 234 387 34 98 199 488 26 135 240 57 361 203 488 452 213 266 242 171 155 229 353 269 211 422 355 199 283 470 236 448 37 125 32 142 332 31 442 93 437 436 27 422 169 248 172 266 299 255 126 295 129 41 446 214 60 241 139 439 203 151 80 440 172 292 442 438 254 9 19 107 48 475 155 16 485 116 139 351 94 444 71 396 136 123 348 291 89 2 498 496 100 197 308 58 449 466 417 171 338 415 476 143 484 292 386 147 442 421 168 91 186 323 363 17 170 436 65 216 498 307 68 451 170 92 317 477 126 212 247 326 441 15 13 295 210 395 55 192 433 266 142 249 299 12 287 337 498 15 266 332 82 461 172 185 68 462 137 487 187 288 495 443 115 41 44 478 211 264 468 381 147 201 8 367 93 45 253 360 175 141 227 199 305 378 213 75 290 472 470 137 82 277 350 336 150 97 463 67 169 94 476 402 409 109 216 419 17 6 284 116 78 375 307 332 258 312 145 484 412 61 24 190 159 115 79 499 406 196 182 255 188 262 254 152 100 311 134 207 25 339 219 27 13 144 78 333 158 479 335 51 372 295 380 398 38 90 132 205 75 165 43 87 242 262 101 224 320 167 36 451 310 241 341 63 466 135 388 73 201 245 420 484 389 403 361 221 236 58 223 444 411 500 186 47 340 323 274 62 2 425 138 267 385 90 2 373 98 473 112 102 317 414 245 65 4 479 376 346 151 52 63 393 341 348 414 129 56 490 313 434 148 131 288 403 335 444 397 3 300 180 27 170 155 474 285 44 76 14 310 446 163 308 497 438 282 397 454 106 61 198 419 461 329 421 86 19 434 115 158 421 203 477 452 149 482 95 184 311 380 358 52 466 321 233 454 236 29 61 90 423 185 308 287 273 458 48 90 335 429 383 104 126 448 50 478 234 297 136 344 246 428 363 118 50 266 432 319 41 159 56 42 45 242 498 372 211 245 482 346 324 304 438 26 280 124 204 379 377 100 209 361 195 303 373 19 32 296 334 184 439 54 42 300 297 215 147 391 57 469 108 473 449 302 411 58 202 44 161 359 227 382 2 231 462 6 305 413 81 312 295 91 147 64 339 16 48 345 448 274 420 36 272 81 98 139 216 29 327 259 229 147 326 416 377 24 492 363 248 199 205 17 115 483 292 129 2 143 403 216 159 370 41 29 317 133 370 117 201 415 110 370 34 457 485 181 271 176 496 102 38 198 11 435 239 346 62 287 230 23 101 400 31 200 60 405 319 116 498 104 48 114 247 239 70 163 429 319 349 48 279 404 428 227 59 311 409 465 156 257 15 445 138 75 30 478 171 225 184 82 104 477 7 18 342 70 93 121 182 6 337 224 308 162 13 365 16 285 108 182 217 51 230 256 390 18 322 154 261 103 213 122 331 497 42 248 224 32 214 34 360 487 314 290 7 109 383 194 286 295 46 486 187 80 89 207 397 42 153 208 144 339 362 486 327 24 344 64 54 489 268 231 8 402 57 478 391 417 283 432 271 142 82 498 434 62 300 157 235 133 349 45 41 275 223 491 9 320 489 181 28 61 138 400 343 153 341 333 22 83 493 13 488 129 381 422 284 233 158 132 234 425 244 199 410 44 485 70 154 435 388 309 21 213 26 200 198 56 430 206 20 187 149 427 67 103 445 430 482 1 284 83 47 336 478 404 323 489 455 35 273 350 301 263 150 402 260 307 140 304 251 268 81 286 53 468 461 456 177 500 188 176 205 335 357 248 209 123 110 134 1 59 183 303 40 447 219 79 37 400 136 495 418 17 296 500 41 321 367 401 40 466 421 250 414 370 186 143 262 77 459 70 287 23 169 56 159 60 358 274 340 366 431 394 448 291 425 387 470 249 328 11 364 70 254 272 73 294 88 307 404 34 44 331 427 482 414 18 104 265 39 465 208 104 144 461 433 201 58 180 14 230 136 402 70 443 235 246 132 186 312 407 2 267 246 266 236 150 89 296 349 323 109 484 151 376 481 22 282 20 441 386 416 79 296 231 204 295 462 39 268 141 175 144 469 262 44 415 329 200 83 116 450 276 377 398 204 475 311 186 79 26 438 188 34 141 273 444 22 231 328 212 64 310 98 66 385 370 482 281 417 387 377 470 145 460 406 105 431 183 214 131 460 193 167 455 333 420 205 350 421 27 83 451 249 433 122 226 260 147 350 240 132 478 172 62 273 38 311 185 231 111 255 361 292 105 287 438 329 449 157 80 303 433 13 203 196 85 345 126 253 471 49 211 180 234 120 293 311 176 37 93 219 67 64 206 325 323 135 282 341 95 288 268 427 61 144 169 120 91 160 179 245 174 471 252 4 312 3 477 82 149 103 13 410 281 397 86 484 429 190 31 212 157 16 12 318 294 92 225 414 159 136 328 414 191 466 138 44 233 2 239 97 189 333 1 350 157 244 77 32 323 499 312 112 69 127 258 442 96 439 53 45 170 9 377 313 333 42 438 294 141 275 257 493 245 179 235 125 391 223 384 338 77 382 298 156 387 394 316 193 497 338 234 58 229 76 159 171 95 7 381 341 302 205 485 251 30 443 478 164 470 220 157 18 498 206 366 1 40 395 382 82 137 208 440 373 198 121 438 189 335 431 438 198 451 454 45 411 95 395 359 127 398 18 172 465 330 462 484 65 70 446 344 61 313 279 401 364 384 156 327 102 141 130 295 485 350 458 211 333 212 307 94 343 387 204 95 235 30 321 249 499 31 264 203 404 69 226 382 182 406 356 403 275 385 17 270 437 175 269 62 479 285 100 168 12 322 8 251 365 52 322 227 315 468 396 410 101 444 460 246 126 168 432 202 499 58 179 488 284 97 286 72 438 414 92 371 227 276 395 346 407 131 96 179 232 205 498 167 193 346 278 200 203 146 349 177 280 479 173 249 220 331 122 385 364 417 297 350 436 192 193 312 239 385 329 369 248 161 415 181 434 134 209 482 332 209 118 15 116 45 393 23 210 364 301 82 296 193 303 36 466 4 287 190 275 460 307 356 184 242 290 54 65 132 349 438 413 62 358 132 218 70 358 353 89 156 152 56 6 183 280 157 287 192 161 348 49 46 80 39 74 222 86 67 457 323 288 460 393 148 364 47 299 220 316 34 296 158 362 328 476 4 17 119 100 492 408 29 164 319 355 50 294 236 204 288 356 481 484 385 194 6 415 143 209 234 426 418 40 403 368 317 273 222 471 240 199 375 414 147 323 451 492 4 200 240 159 448 324 318 233 218 202 246 226 136 453 11 189 131 270 466 194 254 410 250 418 117 386 329 116 333 459 398 203 241 427 57 284 222 451 337 217 316 204 444 415 341 323 330 380 458 200 181 241 86 383 70 188 482 61 375 35 381 75 383 358 361 54 315 228 333 22 327 406 61 339 438 12 132 116 36 378 457 131 475 335 23 113 300 221 35 408 143 397 346 474 365 33 221 3 366 87 390 47 289 372 44 405 86 94 259 286 40 347 357 247 258 273 150 412 382 153 304 357 291 305 289 188 75 399 391 143 125 164 23 92 472 125 311 488 445 48 9 381 113 298 166 138 151 20 224 260 417 189 147 232 59 443 27 245 376 119 497 422 111 349 318 434 387 286 2 299 140 238 84 278 401 434 46 462 143 394 353 448 99 482 4 392 82 185 169 213 243 341 129 392 303 320 198 25 451 260 163 326 160 408 86 321 3 125 51 14 296 189 235 474 304 45 8 466 11 171 143 409 159 135 409 245 59 287 274 374 308 497 343 233 263 184 500 450 374 153 345 243 491 174 297 270 373 41 199 339 191 301 105 195 191 346 474 18 40 466 379 79 440 322 496 452 403 29 15 11 320 155 2 163 139 109 308 89 97 443 93 265 377 33 135 6 335 154 5 42 195 258 166 350 346 5 445 70 14 9 179 420 217 107 275 445 405 23 459 238 291 96 275 199 160 264 353 297 165 355 245 346 446 215 405 124 214 175 97 475 445 310 318 167 403 279 365 260 400 80 446 68 449 198 128 389 243 72 348 455 470 467 372 186 375 478 271 499 218 367 210 317 304 472 77 494 422 350 464 188 267 149 117 255 308 26 294 500 483 90 386 382 186 354 477 365 259 423 131 207 240 63 312 239 103 365 358 292 415 483 145 225 269 435 23 318 485 47 449 471 48 3 30 467 142 247 105 24 89 73 135 384 224 491 358 277 265 265 214 305 338 140 492 351 28 491 9 242 489 226 176 478 385 27 214 386 313 86 248 468 259 104 435 383 216 497 138 77 101 219 275 463 341 471 8 82 220 223 139 472 182 3 342 59 208 315 23 489 314 42 440 368 1 465 229 58 380 168 367 199 494 377 103 67 30 15 31 135 339 87 233 245 451 484 298 74 312 217 286 343 486 302 249 292 358 476 454 160 222 2 274 88 308 15 177 496 409 124 111 209 339 186 394 437 274 363 169 485 167 313 175 461 470 332 81 74 43 101 80 96 86 83 287 431 480 171 367 250 387 44 281 221 208 216 73 303 98 273 357 323 484 206 107 128 54 453 53 215 204 500 258 107 451 346 162 366 150 176 8 365 112 208 398 64 114 355 409 263 294 330 440 324 409 116 279 276 52 117 244 316 418 226 476 171 404 329 252 287 134 230 339 352 332 81 72 414 463 216 401 296 63 498 42 415 463 247 248 417 120 243 401 468 67 111 249 96 496 256 343 432 455 341 469 207 261 327 479 150 95 438 280 15 270 146 206 303 231 28 360 171 43 217 303 163 424 55 217 12 395 390 97 391 70 99 188 40 65 253 405 479 216 267 225 212 307 74 282 435 481 8 242 24 296 261 231 190 8 363 130 186 372 253 289 146 20 318 450 66 379 59 336 246 460 441 327 149 328 272 475 417 443 96 403 384 141 127 126 298 247 267 211 100 134 497 122 57 423 362 259 43 68 93 465 40 86 158 125 482 451 334 84 283 338 294 277 349 120 454 160 316 156 290 215 288 325 236 298 288 156 444 121 17 376 13 215 35 424 384 175 137 383 50 245 490 8 220 265 197 431 72 414 97 32 367 144 346 155 331 441 166 117 196 329 234 164 113 195 260 194 428 324 158 370 374 25 338 119 24 104 384 446 229 292 474 109 97 384 155 218 380 333 66 469 38 420 110 496 202 108 274 437 169 345 64 170 339 497 302 24 94 210 43 266 93 20 498 90 97 263 246 14 490 263 410 214 403 267 249 42 427 349 71 260 41 115 90 332 27 155 325 359 471 493 164 71 199 147 363 372 483 136 75 397 325 41 3 410 224 86 58 277 417 98 311 184 94 17 401 463 237 72 461 121 401 433 417 453 146 208 267 199 67 164 451 58 326 151 9 354 444 349 450 454 360 68 371 51 461 164 251 46 38 115 120 413 64 99 379 460 35 455 32 431 64 279 465 245 273 323 323 453 269 104 84 251 466 138 383 334 122 340 300 452 48 116 8 167 436 469 347 198 326 130 120 176 421 404 211 120 296 413 410 383 293 418 95 480 139 429 280 232 196 203 63 197 122 281 282 366 288 247 80 66 308 428 17 450 189 207 351 190 458 280 49 442 237 10 129 195 84 215 387 201 172 19 15 184 184 207 211 168 123 116 261 382 471 110 454 227 394 22 206 431 374 132 199 296 102 399 129 99 52 227 125 110 83 405 177 455 234 164 168 180 260 362 435 113 115 298 358 441 96 277 455 328 269 75 238 325 497 253 422 390 116 347 233 418 430 279 245 405 121 76 33 208 337 403 306 276 298 448 342 328 402 68 217 264 332 346 93 174 301 191 438 371 231 222 124 338 262 49 495 400 444 172 337 77 16 470 372 490 160 459 206 355 123 434 110 11 398 318 371 200 363 183 359 488 209 107 293 161 226 473 415 279 279 311 16 243 328 309 412 272 35 261 477 463 439 243 136 72 489 340 450 430 311 211 167 41 155 356 486 31 267 304 265 210 75 404 311 490 99 53 78 88 37 9 128 7 444 24 15 305 17 188 400 320 303 383 113 119 179 498 185 392 12 133 451 272 285 389 163 480 258 350 377 486 322 342 
4888 440
4174 265
3645 235
1182 173
313 208
713 413
1783 395
2560 423
188 4
3111 442
858 392
2361 100
3715 25
749 335
457 289
696 110
1123 232
3439 442
4411 181
322 207
1761 246
4612 13
2555 287
1423 439
1520 42
1069 176
4649 1
150 490
1369 163
1821 5
1417 408
3564 50
3852 356
1335 297
786 469
1928 377
2974 278
4515 46
722 246
1730 263
4692 129
194 7
296 402
4556 135
40 341
2411 331
2003 37
4848 143
514 138
3574 417
2402 170
1132 363
969 42
2713 497
267 442
1243 402
1873 27
1673 200
3960 26
3196 487
1808 170
3795 252
1311 396
4728 154
2404 430
426 449
2841 151
3768 20
279 255
4458 350
1605 380
1277 435
2886 437
3997 491
2006 20
3083 242
3374 272
3582 117
1659 34
3303 223
41 2
1139 468
3310 23
2055 86
3952 323
872 148
168 217
2291 113
1649 12
4713 38
306 374
3442 313
1523 142
4167 59
1727 414
1807 33
2376 153
2399 417
777 306
725 52
4363 401
78 5
4089 218
1712 336
1546 492
4945 278
52 444
238 437
1165 168
2787 464
2458 130
4900 214
2160 143
607 476
4408 34
3237 298
2510 180
648 174
1097 304
4080 250
4095 308
4982 375
1513 396
3456 303
172 417
4339 308
194 233
3489 483
4080 370
4711 499
1475 422
4601 299
3921 407
4960 445
3430 151
476 191
2088 282
2733 83
3784 107
1629 72
1350 155
372 361
1423 483
945 309
1199 197
185 385
488 349
900 493
1163 442
953 160
4726 403
4745 48
1027 311
1543 190
2386 106
4118 433
4506 138
4135 327
2072 171
3158 92
1397 275
3553 53
4334 379
3274 492
3139 6
1111 12
483 189
242 210
2264 416
257 187
701 136
1175 247
3423 129
2336 244
1715 67
1364 222
1663 224
1281 6
2253 81
4046 142
1528 439
3588 478
3329 25
2656 463
4437 37
4429 368
879 174
2387 51
3996 150
2961 427
16 86
1126 168
1149 222
1621 39
2435 20
169 3
4456 361
2891 266
3400 150
4536 130
3306 317
1918 5
2513 17
3341 130
137 149
4263 32
4325 432
4086 159
2694 333
2343 447
159 38
3289 285
171 9
472 179
2007 227
340 279
1494 123
2407 53
3000 237
768 449
4676 68
347 101
586 187
4096 79
2569 415
347 18
305 83
2022 379
2408 176
4245 252
4238 95
4887 16
551 66
3619 482
3452 232
903 333
269 315
2394 326
310 138
663 382
310 287
556 418
1112 188
1485 406
757 420
3109 496
931 181
4484 268
3468 324
2981 256
133 322
1773 59
833 208
3709 324
2640 190
4005 217
3994 408
4900 113
4457 266
3345 274
3715 392
2004 461
1813 432
1446 115
1741 362
2768 198
896 426
4949 340
3617 499
4784 209
1326 59
2342 145
3469 470
4607 224
3461 427
2572 397
4671 14
1427 180
3635 31
2009 494
1808 17
695 358
3949 155
2298 186
2243 426
45 289
95 390
4181 230
3935 147
1952 282
619 198
2497 283
2193 415
3656 335
1076 381
4063 38
1493 257
4973 28
4202 135
2111 43
1007 6
145 445
1860 414
2301 259
237 387
3617 240
4777 78
3796 22
2087 337
4403 396
951 269
1227 46
2603 464
3294 266
4264 154
4247 272
3546 279
2013 368
778 129
4880 58
1079 428
1909 78
966 131
616 106
4378 196
3505 295
4812 206
2280 351
136 191
115 448
1949 359
4565 242
4285 143
2310 320
2000 430
3410 291
1620 357
4280 204
4610 162
719 453
1439 169
2205 291
2616 430
2377 266
2115 479
2257 25
647 168
67 474
1566 94
4085 184
2039 289
3822 397
452 397
1149 123
1891 84
2148 388
3366 380
976 215
868 482
2570 177
4332 421
4577 35
4694 61
2798 378
3557 258
2461 28
1900 148
2702 299
4964 392
958 152
3424 127
3907 2
4950 24
4047 230
2358 364
2629 291
2945 334
3336 474
1346 437
1056 53
4688 436
1923 42
1830 103
2886 236
21 128
855 173
3465 435
2086 143
509 353
1148 415
461 62
565 164
922 126
2944 197
1144 63
1147 29
486 131
4137 213
77 456
1905 202
3324 89
51 221
4204 313
545 157
867 192
2571 25
576 497
1613 14
638 347
3252 322
4360 165
3516 139
2318 336
2473 461
936 43
3113 317
2393 8
4876 280
3281 22
4270 28
951 270
918 235
4334 378
1593 484
1387 338
1839 173
289 147
3420 185
2223 315
3759 40
4582 482
1906 336
1628 394
4461 415
846 292
592 278
1232 197
2232 203
2199 230
354 117
3145 460
2996 109
3602 216
4832 310
4889 366
1102 446
3509 196
3007 178
4818 46
4098 58
4842 382
4779 107
3093 23
604 390
2136 174
141 297
4614 210
1086 500
4801 62
2809 472
2482 366
641 85
2365 201
523 401
4444 378
2526 33
1997 295
1786 366
3036 29
374 9
522 115
1804 310
289 37
1760 402
2735 417
2931 280
3858 66
3299 180
996 160
2464 341
1951 137
3147 30
3637 175
3543 121
3589 241
2344 348
811 202
394 323
1898 208
4781 385
3265 412
2514 196
462 306
910 407
2674 135
3034 49
1516 494
2389 476
2218 215
3477 95
3135 454
4998 366
1674 211
4147 287
4304 256
3008 209
1872 489
4591 407
1703 177
4134 332
446 377
1612 160
320 297
383 242
1601 24
1032 144
657 287
1162 330
2902 97
1233 306
3641 263
2989 29
2321 300
1278 32
1387 165
1351 14
358 346
3880 28
3924 320
395 475
3588 141
2258 51
1105 435
919 219
1846 355
1422 306
4293 419
3941 32
2572 116
1058 454
4161 246
1570 249
4506 300
1970 205
4397 126
669 343
2656 19
1031 234
767 261
2201 432
3786 237
695 478
954 80
45 304
3984 456
4462 295
2041 206
3330 132
329 479
1661 38
1228 283
1623 363
1332 354
1337 420
2546 245
3073 423
599 268
2903 146
72 213
495 272
3380 106
197 56
761 289
916 32
3121 229
1988 342
526 381
2069 80
1631 102
2868 13
4185 304
725 37
1670 308
983 399
1285 293
4021 109
23 338
4666 479
2464 430
1641 198
866 453
4673 340
2092 164
961 267
3193 33
1698 300
1850 86
4285 51
2557 372
2020 342
2793 447
2876 364
1520 267
3184 259
4286 59
3142 461
138 472
4808 226
4692 169
2455 33
3648 218
1415 319
1661 487
4350 442
363 347
1760 118
26 117
1190 176
1421 299
570 447
3184 339
2892 103
314 2
907 216
2588 129
962 220
596 85
2101 229
1665 437
2498 159
175 243
4134 456
1552 12
1726 374
1199 262
1203 50
4079 43
1031 299
1166 452
2735 37
285 451
132 348
1971 435
2623 322
4973 154
3581 426
3736 129
1849 205
2209 157
2631 375
611 387
1934 239
4058 443
1578 217
4848 436
2517 475
661 468
3448 14
1949 273
153 353
3432 239
3008 482
4277 199
4301 339
4549 188
4724 166
3609 24
1518 253
4974 1
255 491
717 102
2768 443
3106 73
2675 35
1847 285
2989 176
224 386
1272 218
1262 280
2003 257
1970 368
4856 367
4241 310
3525 35
428 218
1779 92
4013 345
3581 182
2197 89
1749 344
1571 130
1775 223
4613 210
1232 8
217 402
4504 331
160 375
1055 205
3088 74
1936 136
594 393
1607 464
2830 166
3837 404
828 237
4164 170
2741 459
4553 100
1238 266
2634 261
2477 466
438 163
1925 94
3650 151
2638 471
1193 387
1431 143
999 265
2416 127
108 191
2189 250
161 435
4070 276
127 31
3161 301
2705 407
2248 258
3121 332
1401 94
333 323
3721 429
4114 71
51 452
3766 131
2146 200
4564 404
4065 263
4647 430
565 115
435 258
3399 346
1296 448
820 436
1762 297
3258 263
1300 356
3650 471
1328 23
1692 434
1327 220
1962 227
570 116
3574 333
2251 146
4431 99
4985 413
1357 432
315 60
1925 53
3758 266
1464 484
4216 379
1583 4
1948 106
4553 146
4996 47
4440 304
4967 219
2539 125
2909 54
446 31
4299 454
4810 182
4940 191
3723 178
2511 97
98 460
1062 377
1038 71
1403 79
2929 311
4970 424
1227 436
2062 360
1158 70
323 134
158 110
1669 72
4199 296
375 302
3630 84
1416 45
2645 38
3096 369
1424 138
3182 466
2492 177
3682 57
17 158
4756 113
1144 349
2006 151
4496 220
2585 132
2906 335
4669 277
2523 64
3916 22
1211 120
465 8
546 189
1665 296
1816 231
4256 258
3314 288
1914 350
4391 115
4881 422
203 251
1042 462
1017 52
475 483
2347 458
791 374
2417 98
1099 87
2212 134
1104 209
4356 255
1095 381
2012 217
571 410
1650 115
3728 125
3508 86
2812 376
604 368
3404 246
852 206
4139 252
2774 263
2467 341
4365 209
3444 356
1583 385
3865 389
1927 161
3844 272
128 174
1238 99
2732 156
2281 335
1089 132
4402 63
3661 97
3507 247
2890 166
1091 191
1596 189
4545 72
1121 323
3091 294
2466 250
1518 191
999 489
3069 15
2490 228
813 214
2385 278
4720 124
3477 63
1034 62
2836 102
4839 337
1672 445
3074 316
952 201
4134 362
835 248
1269 101
400 375
137 85
1828 158
2338 153
793 437
521 327
452 463
3115 417
818 362
2440 173
2512 195
3418 236
4787 61
3951 217
2411 337
323 290
3009 357
4828 158
2897 444
732 278
3217 100
4545 112
1927 372
3850 450
1851 128
3546 484
322 99
3509 409
2969 379
2215 240
2174 249
2301 301
3577 160
4362 399
1857 249
2013 253
1992 102
4554 435
1735 333
96 393
3127 120
3248 90
1039 240
412 447
1146 386
4769 53
2318 138
4412 336
1671 258
2006 221
3706 188
4489 108
1860 374
3927 365
1634 181
1530 203
453 489
1598 173
156 108
474 469
1172 88
914 36
912 212
3675 396
3738 131
2666 161
332 348
4882 147
2573 267
2876 298
1055 27
4626 241
3619 34
3125 97
2474 36
1524 167
2015 485
1764 387
3883 53
1439 482
2849 85
4105 9
2036 77
2315 385
3098 340
1267 285
3093 350
2716 401
3377 490
4666 361
2462 300
244 10
120 232
393 442
2079 496
129 202
4067 239
2536 289
2284 305
2832 452
4218 76
1447 276
3091 445
1041 287
3501 83
4879 184
4632 294
1069 458
1928 15
4037 90
475 329
2149 170
351 349
1599 354
4760 459
4988 463
4972 11
3388 456
4632 283
206 112
534 250
998 300
2743 199
2402 219
3165 485
3699 169
4078 471
2789 487
692 289
196 64
3657 394
1065 226
1326 410
4116 447
2588 262
605 109
1388 296
1124 168
706 119
1670 62
2518 134
814 411
526 27
3053 66
1553 414
2000 455
2430 74
4898 339
4312 366
3395 179
2412 231
1497 196
4246 9
2043 376
720 257
4843 119
4147 225
697 74
2603 83
4712 347
1077 8
1678 105
4613 356
3091 134
393 116
2082 101
2121 236
1510 349
2 124
2678 239
1407 43
3726 358
3674 472
902 349
2531 484
4289 161
79 69
1019 344
349 321
3910 114
1208 425
582 238
425 419
3245 37
936 164
216 44
2560 85
1009 448
3466 367
4673 264
1718 361
882 402
630 172
2911 358
62 55
199 53
3403 47
4434 210
4867 397
4411 133
542 371
4092 381
3896 26
1486 401
3002 197
1533 353
3355 113
2919 434
353 148
3640 119
1966 101
2736 366
2306 141
1063 96
3262 187
1802 44
2740 426
2742 354
3647 261
2650 277
4778 296
1269 296
3321 73
979 260
4399 445
4631 335
3596 87
1989 425
596 94
4842 267
1834 126
1357 151
2776 462
4191 177
4549 492
1974 85
208 407
3988 355
2158 377
1240 159
279 377
815 241
3784 170
400 13
1976 5
1606 434
3348 187
2680 147
3130 395
2275 423
3583 19
2598 122
2763 362
2941 477
4369 370
1610 358
2072 148
3540 417
256 171
4140 140
3773 313
2636 407
4093 43
4092 310
4416 440
2766 312
3421 256
2758 245
2715 476
2970 234
1467 47
172 399
4097 368
1 9
4915 16
3701 378
1145 477
3561 147
3707 79
3854 303
3522 327
745 466
3950 23
927 139
893 227
1103 492
193 146
3545 82
3514 148
2848 48
4833 29
2878 261
220 300
4495 287
3852 383
3520 114
46 433
3345 266
2552 63
4717 357
1738 47
536 51
3874 170
3099 170
1760 84
2389 280
4761 19
3288 460
1765 254
1170 116
4658 103
4693 225
2204 27
1584 31
4476 367
4324 124
3129 447
3454 45
1182 371
2246 418
2691 5
4498 39
3032 3
2201 188
1554 156
1684 475
2849 160
3009 19
2194 493
1496 154
3200 122
2581 305
55 465
3324 385
340 375
4796 352
1786 109
675 249
1400 255
2049 365
4043 34
3792 400
4889 310
4261 415
2640 454
3654 268
2410 338
2252 281
4989 421
1111 323
563 98
2874 336
3748 364
1402 498
2541 366
2190 264
1575 412
3890 22
1185 196
86 41
4724 489
3220 388
834 298
3316 345
393 309
3632 229
1889 102
273 277
1177 379
4060 242
2128 495
4488 140
1981 24
3140 276
921 65
1318 403
2398 457
3397 119
1448 383
2488 186
2482 481
4780 158
2158 119
1981 298
3238 184
3513 403
3031 122
4005 207
1716 140
385 465
1799 360
4208 488
4444 444
3788 250
2377 122
2739 409
2040 199
1108 290
2376 67
928 105
1035 487
2174 115
3458 172
117 205
66 125
1045 236
4874 240
1016 472
4222 198
4916 432
4501 147
1120 91
3177 195
819 367
2623 109
814 358
1815 153
1750 291
2855 166
1045 140
2823 417
562 483
3225 332
1759 388
35 234
4977 81
1195 85
2210 70
844 188
3286 29
3490 333
2858 216
2106 340
2228 93
582 378
2296 120
2114 51
2227 487
3395 55
3738 465
1033 231
2124 316
3162 202
2012 156
2896 172
4639 18
1447 218
319 62
3081 204
3002 37
4580 55
3328 95
610 18
3932 45
1295 104
3819 97
351 320
4529 59
2640 70
865 38
2605 134
2288 86
286 242
1319 50
308 2
4091 464
1211 437
4928 389
2429 445
991 453
2037 41
3493 448
2085 264
2132 15
1006 280
107 146
721 451
605 359
3718 476
2830 209
275 496
1195 379
2223 310
876 244
3507 491
127 299
210 479
628 192
1122 85
1694 228
745 194
4455 166
2451 331
353 48
117 408
1262 72
1203 389
4677 383
1201 65
1926 352
3571 492
2295 240
1415 240
1753 312
4580 319
3556 336
826 308
3663 35
2291 380
4367 316
2355 424
916 159
1276 237
3459 353
2320 377
2562 400
972 353
3899 72
2002 270
4353 75
482 497
4456 428
4830 465
973 483
998 111
378 219
3703 332
2337 268
4990 38
2401 71
1162 405
3818 61
4661 306
2918 434
2210 270
4150 437
3124 42
1516 455
4629 412
3710 136
965 240
4996 340
2575 414
3537 259
3606 256
1194 364
4550 133
34 281
4020 159
2353 444
1534 406
1860 139
3977 413
2301 366
1822 319
2259 155
2655 5
2074 157
1827 218
2814 116
1509 105
1112 79
915 298
3908 405
841 313
289 339
701 100
1012 227
3663 465
2101 78
336 338
2361 170
2201 349
3917 289
729 342
3812 151
4960 36
1766 380
2809 113
3251 16
1923 129
2712 444
1503 320
1939 69
1789 4
687 314
1170 120
2929 224
620 317
3577 327
3105 421
1734 382
3543 96
1696 292
1735 12
3812 214
2744 137
1962 476
3769 170
2362 110
2851 6
2902 42
1154 335
2272 67
4174 498
4905 275
3234 183
2863 498
2138 145
4585 236
3515 283
487 373
4440 60
89 316
204 31
311 35
976 402
2109 377
3769 463
3679 172
3582 87
2071 184
4523 271
3457 396
2982 177
1548 230
3572 243
689 193
331 405
2840 44
3358 267
1850 342
1986 135
3016 254
1205 43
1642 329
3852 440
4624 91
4874 227
432 488
4884 39
1722 297
3993 69
2788 261
661 178
1946 483
998 366
4623 39
4305 252
1728 27
2500 33
2980 89
1254 92
933 126
3126 478
879 472
1353 327
3489 172
1666 347
12 223
3512 481
179 228
2011 261
3354 363
1467 279
2505 448
1054 29
2521 131
1459 241
2090 245
4960 500
3192 334
2046 27
2290 330
3022 60
51 226
161 486
869 390
2844 160
4453 68
3647 389
2279 31
1154 282
922 238
4906 343
2586 37
1029 495
2751 184
3128 415
153 34
1634 411
2797 54
1529 1
1892 428
105 26
2147 441
4638 379
707 228
1023 291
4195 93
3779 128
1440 460
1172 415
2511 2
3184 36
4672 400
4127 272
4948 494
1308 217
1794 393
2535 366
3535 133
516 233
4698 294
1044 286
4295 22
4068 356
111 482
1477 86
291 431
4652 195
2371 66
3844 381
1140 348
1876 301
474 491
3615 19
3733 368
4483 334
2926 495
112 287
2569 402
316 138
1929 445
1791 160
2221 21
4194 115
2684 134
4519 149
3463 195
727 345
2543 62
2463 444
3070 40
3831 325
3658 247
4394 85
2044 487
3754 152
1707 9
17 131
3873 332
1907 278
2479 77
647 431
2681 403
3075 490
1309 214
814 240
2239 192
857 360
969 249
4304 102
787 192
4902 5
2934 320
2393 198
2009 139
3916 163
1647 65
1156 330
2124 299
3832 345
1062 456
83 434
3418 348
2688 91
333 191
2643 110
3121 120
542 218
694 113
559 481
3570 301
1054 121
4318 482
308 398
603 197
2436 144
2134 376
3341 269
4259 486
3794 294
2612 357
3264 284
1377 270
1857 240
1717 188
2457 75
1797 433
2527 236
1151 253
4142 348
3538 485
4296 161
2647 309
3451 420
2403 141
3055 314
4638 26
1984 258
2021 477
4799 46
2208 275
1543 338
1381 41
2357 74
2695 22
3074 313
1403 345
4993 341
3572 474
3437 425
543 344
2966 126
439 448
1408 77
1338 280
4294 316
4592 405
456 145
663 465
3681 474
4527 357
1102 200
3090 36
2351 10
2712 110
689 297
3705 27
540 123
754 447
1752 317
4322 326
2381 365
4810 154
3083 212
1236 12
4025 336
1690 312
1178 138
2122 67
2873 167
831 451
638 182
3772 156
451 167
1930 321
4599 348
2055 42
1347 483
1831 472
1534 77
2384 93
2371 406
1068 138
1108 307
2244 450
3182 75
1795 26
1050 274
4003 406
928 308
1067 18
4340 75
1142 307
168 137
2179 127
2048 160
3989 198
1136 495
3584 222
2763 491
877 26
3156 209
2008 200
79 214
1322 64
2970 110
2142 305
4613 466
2152 52
2641 420
4984 373
361 47
4896 195
1534 375
4344 187
1911 24
240 290
4067 313
551 442
3321 67
1370 434
4641 472
2232 136
4747 408
1914 468
3832 101
2043 53
3680 13
2425 339
3948 492
463 296
2958 421
1335 28
18 220
318 97
2496 82
2496 238
4115 41
4331 95
3515 424
1333 411
2129 383
1797 75
2748 78
3598 141
440 185
1122 161
1016 94
166 64
543 378
4757 457
4652 8
1342 291
3976 375
4105 261
494 460
1614 266
2301 458
1091 241
1051 221
3488 3
1819 118
2082 107
3875 172
2167 284
2587 63
4097 465
4226 354
3528 137
423 127
487 184
4281 407
2614 393
4249 293
1830 227
4029 472
2516 126
4075 421
210 83
2374 260
117 420
867 468
4772 120
27 205
3079 181
4173 130
1351 220
548 230
1297 259
527 150
2826 447
2833 470
4354 211
2055 53
2998 327
4073 184
4196 378
4319 230
1801 113
1133 177
2576 440
3068 156
4644 200
4102 70
4555 147
4467 377
4761 460
2909 375
3136 333
2062 54
1385 274
1386 123
4270 182
3158 211
4380 462
2263 309
3741 101
1809 468
1833 138
3094 183
2029 488
22 388
3104 410
2761 297
823 77
1063 98
973 227
3025 57
2719 70
4158 21
3703 260
2448 245
1961 193
2331 73
1265 66
2155 420
1795 266
2038 295
928 123
3691 212
3875 472
360 480
3158 458
4900 283
114 242
2719 309
4181 464
2008 322
1343 33
1938 9
2151 6
532 211
952 294
2786 84
3437 318
171 282
3926 170
3194 172
3038 412
490 282
1344 225
4840 241
1266 379
3540 292
1467 355
4205 137
4087 75
1296 196
1215 212
4473 248
250 475
744 183
2845 42
1179 143
545 118
2283 196
142 9
1952 364
432 54
2741 482
1903 254
3186 190
410 417
3941 402
1291 495
1843 191
4922 308
2232 49
3321 387
4674 47
4426 49
4909 352
295 417
126 357
539 157
3769 135
38 250
3784 264
1116 82
3596 335
4079 322
3078 134
2768 297
4035 336
2317 67
2526 376
2299 106
1047 318
1237 421
976 51
1740 143
1311 378
59 65
4888 370
1217 491
4154 235
4046 249
1241 360
4310 500
1176 302
1126 378
4134 115
2407 175
633 151
2036 327
4798 182
4920 463
1398 366
3545 190
3574 223
3027 44
879 165
3891 377
4644 164
3641 49
3597 30
957 291
889 131
3675 376
3457 496
4750 131
1471 479
4066 360
4629 410
2916 56
483 493
148 251
682 156
761 422
1053 248
2938 462
2602 252
1390 53
2078 389
224 390
71 259
110 44
1897 190
2931 380
1987 156
4790 243
3486 133
297 480
882 442
771 260
291 207
917 174
61 135
3195 322
4092 246
3665 441
3225 240
880 200
3373 295
1256 244
4672 253
1737 77
3589 124
2052 250
2254 267
4059 488
141 281
2261 244
2711 229
88 378
1954 500
2618 125
3775 380
1374 62
3256 131
1516 477
2233 223
1267 37
840 270
2144 11
3325 118
2078 66
1091 177
2228 29
1892 97
4320 220
135 147
4998 152
3278 288
908 58
4874 347
4513 356
1783 396
4716 463
2461 214
512 407
4581 101
2110 58
3395 321
3855 313
2230 299
126 43
4082 433
303 180
3744 485
460 18
3961 489
3898 270
1128 325
2401 188
2059 494
3751 88
1607 340
1789 461
2980 453
3095 489
922 177
4316 337
4426 377
1904 490
2993 273
3354 278
3494 255
154 435
4139 408
2507 145
2227 299
2312 243
2056 386
1392 420
1189 304
2184 151
256 147
3566 331
654 327
3262 153
2266 172
848 421
2894 18
1725 222
2727 303
4543 105
1513 18
1806 32
4417 149
3888 88
4078 188
1389 343
3510 447
631 318
2013 136
4586 202
962 22
3354 109
4473 108
157 170
4980 363
2160 9
3727 35
3508 305
1055 278
3930 269
2693 60
4065 155
4252 464
4937 478
4574 138
215 5
2006 463
1026 490
4957 408
3997 50
4991 273
439 218
441 478
1734 191
3050 281
671 159
1833 500
2871 130
4385 486
4336 61
4816 209
4745 166
2760 25
3283 170
4075 265
545 269
3145 185
2649 34
1369 3
2197 278
1633 324
2292 175
866 499
3665 204
1211 24
2927 279
2851 210
3083 499
3148 347
3329 48
3312 386
4834 113
3176 431
3063 484
259 92
462 280
4091 436
514 366
4717 16
651 339
3874 492
1737 491
2700 231
3359 362
4875 232
4903 256
2892 55
2998 83
3074 344
414 152
3041 330
1370 177
1367 305
125 345
4155 228
3040 394
1493 141
3152 56
4899 44
3593 296
1787 204
103 61
4910 417
709 292
2601 248
1785 116
4255 434
3654 116
2803 170
4568 469
3923 93
2963 137
4602 435
3296 325
2399 495
4603 32
1316 488
4444 37
4236 40
4316 448
4273 82
1057 355
2967 33
1596 351
3744 161
4391 431
338 92
1599 271
3289 444
923 384
4775 455
1673 323
1540 109
306 436
4959 432
3750 414
1954 46
1203 384
3126 463
711 78
1435 39
2835 440
2737 61
3159 445
328 332
3638 497
3058 375
1925 85
2003 101
2523 356
212 59
1420 185
1843 493
4336 159
547 15
1642 212
3701 260
4824 421
2142 438
1637 93
2623 105
714 399
1712 379
3756 370
1935 335
139 417
4691 403
667 488
2756 151
1773 282
4974 259
2536 147
3147 222
2553 123
2168 55
1941 131
2109 243
2083 41
3462 405
4742 232
3839 271
1996 161
3946 181
814 26
3723 443
2477 104
4821 32
4012 271
3693 398
1705 16
4391 386
570 336
3353 376
3923 457
4044 141
8 97
4483 47
2417 460
4130 235
526 274
2127 472
4185 396
4776 255
3769 99
850 132
4811 2
2017 375
671 10
3833 343
2646 208
2033 433
3973 242
177 162
1798 112
4592 448
2424 223
2911 113
4630 254
4469 192
482 409
4321 31
1930 18
1861 489
2631 425
2700 16
4415 243
3053 416
2104 193
2144 371
2198 357
1556 103
3046 479
4482 228
1053 268
4916 270
2786 113
1673 341
1240 237
874 130
2525 383
523 50
737 309
2373 229
4275 294
4120 97
1947 205
4556 135
2996 206
3543 494
1339 161
1116 260
1565 265
3704 78
1866 408
3656 69
475 231
2419 403
2446 159
1889 36
449 214
2095 95
616 112
4041 187
300 492
2606 417
4155 229
2955 209
4468 397
1423 313
4554 93
2821 127
4101 229
1731 358
4226 146
4953 383
1806 322
1917 97
2465 148
2808 326
4393 90
2052 356
2846 206
2720 83
3740 152
3643 388
2267 38
2136 225
4110 148
396 151
2967 170
3346 150
1957 47
728 205
424 101
1913 135
1711 220
4346 113
2193 439
1091 130
2430 260
2893 243
2471 44
729 178
1049 281
379 76
2914 78
2652 371
4232 130
2336 110
4457 217
3802 269
1904 273
2702 81
1854 23
2419 129
4991 409
2386 469
3891 169
2917 250
3129 477
4583 225
92 264
3159 25
1739 181
3650 111
3310 304
3756 368
2359 216
919 438
800 241
2862 179
4025 378
322 257
3793 136
725 100
208 183
2216 324
761 185
3528 55
2417 391
2824 208
4571 400
788 485
2095 31
356 294
226 237
3523 487
2575 245
164 257
3043 467
944 446
547 472
765 133
3163 186
1168 353
4716 167
150 119
882 413
2482 273
1908 51
836 54
839 77
3050 387
876 222
4935 101
630 391
3267 443
2467 330
829 462
3654 143
1972 117
1495 305
2277 499
535 326
269 266
2728 162
479 199
1219 33
682 132
4179 164
4194 383
2643 10
3343 348
3964 405
326 195
149 202
4621 374
1238 390
2036 263
1988 261
1492 474
2375 478
978 474
4032 374
2777 407
39 365
1636 256
2870 439
1530 230
2137 298
2632 2
2179 348
320 428
340 439
2112 410
2852 493
309 102
3379 407
1366 44
3321 117
4255 392
2299 305
4835 409
83 476
2107 264
1100 191
249 6
946 374
3173 485
3164 334
4258 240
1019 282
2440 100
4199 196
3289 217
4561 352
2802 242
3378 478
4544 130
4251 46
4714 250
346 416
4641 195
3846 488
3316 141
4327 462
1889 138
3107 78
4460 491
2047 461
3610 424
1412 455
1473 448
4864 372
4968 53
2138 259
1949 203
2028 499
2047 11
3450 17
3354 433
4387 82
3755 173
3984 357
3543 50
4636 159
3080 117
3539 220
1828 16
3726 298
2531 22
1283 158
811 301
1646 192
1705 106
3096 275
4808 99
4801 337
3151 3
2893 130
66 432
780 229
3938 177
2835 302
1442 367
1840 135
1153 500
2825 86
3603 444
4707 445
3367 162
3644 470
2404 355
2005 282
2213 348
1899 7
1274 156
3831 264
192 316
4006 12
433 474
2114 393
4847 198
1024 90
3837 110
174 81
968 379
1297 177
1588 230
4609 129
4427 289
416 139
2727 394
50 338
4143 253
4096 401
1209 69
4166 459
4165 326
9 361
4367 3
4986 128
2458 259
513 367
1129 238
1849 148
4465 243
1324 122
3127 23
2047 325
3368 39
3698 253
3832 247
2150 198
1561 348
1608 101
1064 214
2417 24
3477 434
3977 454
4552 46
3103 269
2925 172
3892 435
1835 383
2146 126
1617 113
857 326
4694 362
4279 351
4532 71
2096 163
2023 401
527 60
2095 378
4434 95
1050 422
1255 293
2862 303
2667 272
392 26
1901 442
3649 18
4511 491
2417 283
107 213
2588 93
1716 289
1324 115
2751 444
2577 270
4127 391
308 20
604 486
67 23
387 21
38 74
547 113
3279 29
4015 136
3225 139
589 305
3159 166
270 178
381 89
1884 7
3423 174
477 298
23 403
1296 96
669 96
4111 164
2076 473
1127 358
2674 333
2500 299
684 186
2064 271
3662 445
3339 193
3937 288
673 410
2211 165
1669 26
4033 135
4470 376
2032 180
4203 344
3776 480
13 72
489 120
3090 147
2770 215
775 489
1238 8
2333 497
4808 363
265 446
954 313
642 447
4384 494
83 66
901 154
2154 145
1515 213
3119 70
4380 71
3954 39
1073 181
1765 36
895 148
4015 225
2016 242
798 10
3620 473
2913 461
1613 299
4728 330
3138 369
4029 422
2746 247
1497 223
833 248
2833 3
1705 455
1254 100
3640 421
555 388
1160 416
924 272
959 305
3323 236
1806 162
624 50
3023 168
3834 473
300 61
316 290
1606 437
1553 333
664 343
531 308
2920 105
1822 241
4159 191
95 279
1947 95
1636 282
809 41
1207 341
2458 479
3025 214
434 362
4997 465
1332 119
1622 68
3046 146
4408 202
4454 121
4362 223
4084 478
311 126
3615 475
2678 149
2367 495
1272 186
178 28
2272 311
3817 105
1351 409
4490 376
2673 323
3410 137
113 377
1513 149
3689 165
1063 350
650 433
1865 243
773 335
1790 8
4709 36
3279 398
3735 88
3585 13
3940 451
3005 218
295 266
2217 392
1895 422
4215 56
4880 319
3718 20
1154 371
4161 155
3188 192
1325 434
809 18
263 48
1131 195
169 365
1135 35
3229 410
1082 179
3437 341
3767 478
3737 40
3784 402
609 439
2441 442
3645 173
2958 58
1595 164
4769 304
2570 369
3711 284
4968 89
4099 280
770 145
1621 9
1515 221
4107 256
444 298
2621 130
4525 11
2371 313
670 256
2869 166
3038 270
4526 351
2622 437
1853 105
1788 438
3540 261
1929 143
3547 359
1746 162
1790 101
2568 466
659 458
2771 415
27 487
3697 184
2749 345
207 398
2427 168
2050 102
1048 450
3909 53
836 269
4611 472
3064 269
1178 478
2403 230
2109 150
3107 449
1457 393
236 208
1277 271
2825 127
2044 451
4212 125
3046 403
1956 89
1594 315
4255 359
4222 225
461 313
2282 153
2141 106
200 43
2337 482
3015 237
857 399
186 425
1636 147
4484 449
228 485
4352 499
2692 374
4690 301
702 414
4577 118
711 275
3319 162
2415 38
4625 77
2937 316
491 109
605 29
255 201
2160 119
3054 10
4861 111
1543 45
41 443
4067 333
1318 352
1571 310
1913 48
323 224
4820 186
806 83
3460 67
2828 65
2498 23
4650 52
265 440
3152 409
1683 139
1859 357
3361 288
3686 2
3762 230
4084 316
884 45
4691 357
3511 136
2624 203
4254 108
4161 339
2220 464
4171 392
3601 283
2115 98
4040 146
2875 357
2484 263
1408 223
1195 177
4345 172
4916 328
1863 402
1331 97
2245 57
1442 175
257 100
2102 426
4225 69
1749 187
653 491
1808 453
3404 168
3320 492
2760 23
1807 109
1611 343
4061 320
4453 36
3796 81
491 116
4747 339
4956 268
3947 184
195 200
2342 245
3221 255
4214 165
4944 329
3437 394
2911 25
4398 21
1904 357
1185 173
4228 335
1379 230
4355 366
2012 144
3304 8
3014 350
3879 220
591 414
2762 294
1588 243
4267 119
1680 498
4802 40
141 500
4007 16
419 169
4172 290
2341 64
3522 295
952 471
2460 47
2537 42
1092 331
3269 123
3 374
2653 437
406 346
900 246
2825 15
4862 21
2511 457
1055 163
460 60
1707 274
3424 142
4210 252
2064 464
2088 255
874 133
3761 168
3199 38
4046 463
1711 328
331 191
955 161
3028 227
2647 202
1526 182
58 63
3026 38
3996 186
1644 334
3978 369
1559 105
1928 32
4894 359
733 465
2600 330
3366 220
1184 408
1959 170
3875 261
4494 414
629 134
4933 195
4492 16
4957 105
2619 153
2121 105
2911 87
1381 175
2385 486
2556 259
406 126
1681 33
3935 361
1691 267
1549 401
2812 380
1414 441
190 420
2395 359
2874 391
2217 402
1140 124
235 390
1135 326
3195 155
3323 163
3796 275
2143 190
610 377
2143 237
2309 40
4014 406
4636 178
4969 19
1716 309
906 475
2369 405
83 345
344 467
1094 295
4520 230
1065 150
1165 351
4872 243
3773 210
2970 473
1903 279
4309 269
1042 48
3359 312
1801 178
3636 211
301 54
3300 442
2912 165
4976 86
3843 233
861 449
4723 72
1506 462
4346 287
3467 468
4461 142
2831 499
1964 447
2527 353
797 141
2974 399
4666 210
3582 99
2141 238
4077 21
2918 485
4670 290
2785 83
661 322
1133 308
4008 400
3178 136
3083 170
532 169
4695 43
795 480
2905 106
2913 78
3600 491
3515 145
2548 460
3901 75
3307 465
4828 51
3207 362
336 184
2577 352
1442 264
536 227
1733 81
4207 483
1191 259
1546 150
1263 175
4042 448
4477 489
2228 389
2259 395
115 344
3237 337
2639 98
615 405
2813 135
4047 393
4606 195
1930 223
4501 269
3202 384
4825 464
4309 169
3978 137
3862 458
3547 139
130 184
797 166
599 173
3213 183
2604 482
3843 344
20 122
1786 243
4454 13
1249 240
1088 84
685 500
4456 48
3375 314
4808 459
4736 246
3614 360
2625 327
4222 259
3615 94
666 119
1185 38
3837 490
3253 232
2517 386
489 35
1045 39
4453 368
4825 361
4624 486
888 21
4964 165
3986 392
2572 164
1725 237
3405 413
2949 43
3191 404
1548 111
1837 474
337 465
2301 345
1882 295
1976 345
2621 485
53 56
1783 402
4700 58
3289 37
1526 179
1718 293
613 460
4208 480
1412 169
1460 46
160 249
429 394
2243 236
620 193
1597 99
3109 165
1756 182
1649 126
4927 352
1085 215
3582 156
4397 100
414 432
2021 62
4807 497
265 308
1543 394
4284 383
3419 137
2005 208
3451 277
1909 50
804 31
865 254
4741 259
1746 408
3555 156
2132 217
4336 74
1311 191
2343 129
1485 166
3137 25
1265 471
1755 157
2495 193
1976 61
584 429
2613 67
554 120
3861 61
3970 33
116 261
4079 493
89 316
2706 446
4434 322
531 77
4595 89
2592 269
299 76
855 473
4053 351
4553 411
3381 337
406 436
3622 134
3610 179
625 403
3913 172
3009 209
1520 60
1080 485
2527 133
1749 385
323 365
1193 433
4903 487
1599 390
4755 445
459 223
4898 228
2790 232
4883 178
3639 148
4436 170
1958 336
4509 209
536 315
4059 425
4743 120
1253 421
3277 242
1570 32
246 249
561 412
1558 305
3879 280
4629 11
968 344
3750 183
1475 369
767 368
3227 303
217 41
2162 215
3935 429
2057 384
1830 320
3651 320
4081 382
3670 378
2350 37
1561 194
3337 81
2990 310
3021 139
635 59
299 157
4709 38
3137 416
2679 344
1340 395
3186 121
2866 300
4325 465
4943 381
1021 73
137 307
2107 137
4954 30
2302 193
1892 112
1276 345
963 181
367 79
2208 338
2014 398
3229 105
2852 324
112 194
4980 304
3863 261
3689 298
3062 294
3080 173
4959 172
3852 309
1776 412
2116 81
2539 407
3900 493
517 302
1114 311
1569 134
3777 179
3680 337
1961 149
4736 284
333 286
4940 148
3802 272
3550 142
1322 1
345 427
204 243
1164 238
2422 387
3927 455
3828 344
463 137
1020 5
2128 284
1632 114
2993 446
4484 418
1699 352
4342 341
2175 344
3261 115
3054 298
3751 60
4156 374
3216 310
1980 384
3665 446
983 101
4264 194
512 257
2125 328
3200 226
2905 316
49 171
2797 200
505 76
2598 335
119 19
1649 265
923 293
2718 396
4340 404
3 201
2606 96
4569 307
4143 205
625 295
1038 250
1270 90
621 274
2587 19
106 482
1168 192
2417 178
221 151
3239 41
2106 97
622 79
2526 156
4661 103
1656 289
563 353
3433 309
896 134
1992 137
3870 420
2507 386
1506 373
3696 57
1861 328
3277 251
1239 24
1824 455
2905 238
292 334
3922 296
666 99
3755 193
4943 419
1782 449
2041 111
980 353
2944 47
1704 282
1687 493
64 123
4405 39
3163 54
3330 139
2795 37
2240 30
3820 261
1049 114
671 304
3237 500
1527 98
4163 63
4765 212
1468 241
1770 418
3577 14
2554 218
3720 302
1793 75
4156 248
637 208
4566 55
2042 127
3944 271
1510 337
4072 461
4922 479
1403 111
1648 391
123 176
520 20
3624 296
3603 253
688 43
3753 251
2424 90
3644 149
3008 335
1971 7
3307 304
4550 106
394 375
4086 168
994 80
421 330
1641 394
2648 110
896 346
2664 406
344 422
2017 216
4674 171
1807 338
4513 391
4127 330
2659 277
358 344
702 425
2674 239
3973 168
3058 459
31 411
170 248
3252 371
282 113
2189 84
744 133
1540 15
3799 36
4612 360
995 85
149 55
3855 180
2495 271
3477 289
141 86
4014 330
1800 189
557 388
3471 217
1758 192
2559 410
22 445
1649 225
1177 389
781 319
4008 153
299 19
2357 274
97 452
3165 255
446 229
4432 329
2081 203
2640 329
2699 8
2525 330
1300 378
2393 164
69 154
453 96
4190 305
604 15
3529 355
2113 261
3637 95
1587 137
2572 347
280 4
844 417
2513 307
3812 315
1812 66
205 435
905 424
1131 316
66 124
299 66
2278 387
1744 267
274 344
2415 478
1508 49
1528 417
484 278
2419 185
2207 208
2093 293
4092 152
845 472
636 468
3484 84
1287 460
4534 121
573 396
4557 144
2494 241
3883 81
3985 11
2566 77
1675 345
2786 355
595 164
1360 352
4442 302
4624 460
3977 471
782 29
3586 239
3418 5
2896 173
4338 471
445 352
394 306
2031 2
2305 498
4716 85
700 241
1522 69
185 297
4455 215
1225 50
4392 328
2802 359
539 460
3018 404
4047 106
3506 459
3341 133
4801 65
990 177
4948 323
4983 152
2300 226
251 335
4715 297
3672 95
1434 318
2231 371
2739 321
4569 6
74 295
423 160
1816 449
2686 221
4433 305
509 458
106 339
1658 498
2772 202
3294 212
3192 419
4958 240
2735 94
3493 493
2884 105
3475 237
2676 308
1465 367
3111 322
4870 496
1695 216
4371 57
2318 77
2476 158
337 471
1458 276
2709 408
3166 493
4986 172
2874 67
753 286
2407 398
860 241
4483 110
379 200
380 24
2509 406
1934 456
571 20
4092 38
4068 116
838 249
4259 13
1585 102
1015 413
293 372
837 157
3077 94
3356 358
1636 180
3038 50
4705 118
1910 34
4575 272
1124 470
218 134
4577 477
3096 219
2797 202
1765 165
601 483
635 201
4122 430
284 390
3183 398
2531 27
3155 320
393 155
3029 446
515 198
3188 492
3596 192
139 212
296 32
3455 26
496 262
1602 190
821 298
2612 186
1659 411
560 105
3431 88
1573 180
110 299
2685 118
1803 102
590 276
297 320
1213 349
4108 439
2132 24
2411 398
101 383
618 35
4916 432
1337 159
107 4
2623 265
4664 125
3692 125
905 289
1908 310
2453 81
1 452
2194 238
3412 260
15 394
1956 66
2071 398
328 38
2472 346
2556 500
4914 6
4091 217
2774 110
1293 32
1604 133
4934 58
1019 406
3057 460
396 406
735 293
2563 400
993 65
1817 495
2678 102
4057 344
3564 187
2049 44
649 450
4122 491
3118 371
2553 398
984 349
1173 322
4698 47
2719 85
1459 446
2866 309
1939 216
1502 152
3275 319
1922 356
1824 446
1626 276
3151 1
1551 193
4798 392
1684 342
2601 242
493 448
2635 499
1326 418
3121 181
96 455
2504 192
42 80
887 290
239 357
2150 160
1776 188
3094 292
976 318
2221 375
358 337
4600 335
1005 88
1801 207
3164 398
2381 146
2863 23
2758 300
2712 322
2809 492
4618 112
4847 300
1558 73
3517 385
280 74
2345 76
211 342
4348 288
938 131
1421 188
1092 402
936 315
2667 70
2110 429
578 229
767 219
2702 73
4376 266
480 320
3745 41
2763 226
1426 280
3743 235
3291 412
3077 193
1981 403
4561 269
3649 192
2791 276
4670 488
1716 220
4592 142
3688 454
265 119
2392 237
922 429
499 188
294 130
4908 60
1702 153
1523 53
601 247
4669 60
2223 451
678 112
2389 276
3496 99
4819 401
4536 499
3008 195
3402 39
4752 494
2787 431
261 343
332 320
1810 419
669 58
4702 336
4756 272
3336 31
2362 136
2033 110
4338 383
200 13
3339 290
2742 230
231 129
3400 433
1207 458
182 260
3836 257
408 329
3031 491
2381 97
1617 272
84 156
919 8
19 315
4300 481
4230 275
3836 15
4608 341
4204 394
3867 258
208 137
3967 410
4254 419
1357 430
1533 279
4380 216
559 398
2346 121
984 123
2153 78
1834 287
427 241
1628 8
198 393
764 253
2887 313
563 370
415 254
4957 329
425 396
1256 361
4459 197
2153 169
3224 43
2112 480
2394 324
3303 196
4398 246
4777 445
1222 404
601 417
1139 23
4418 304
4654 480
3372 157
651 139
2268 93
2527 218
2825 153
2181 460
2225 86
1437 190
2501 399
3046 194
1084 64
4345 408
2566 400
846 492
888 163
1811 286
3270 163
394 434
836 220
1089 11
1076 100
946 305
439 199
1009 395
1248 164
2707 378
2080 486
3692 246
1494 87
2216 483
3968 453
1844 405
2054 25
4324 171
2787 410
1144 291
299 190
2180 165
4348 127
2004 100
2834 360
2283 167
3617 394
687 312
3797 7
4342 475
4198 101
2056 386
2512 320
938 146
4189 298
2553 436
3306 361
4851 140
1244 201
1999 470
3151 440
222 163
1545 204
4417 309
373 100
3345 415
4340 358
1927 390
3405 348
690 114
3011 15
3253 349
1844 448
1741 92
2010 375
2312 115
1370 69
1578 349
1147 2
2448 108
505 225
3807 310
4973 204
1784 202
2922 387
1898 469
2041 201
2386 175
3883 195
2674 364
4033 206
1678 419
533 340
4991 21
1747 112
1285 464
3077 333
3607 407
708 53
1473 26
4264 282
1114 447
4473 65
671 82
3676 280
865 176
100 215
3224 92
2076 63
819 392
3908 104
4413 305
1627 227
4200 357
3548 320
3497 500
2940 89
4562 499
664 171
2380 364
3504 62
4448 303
3541 30
3765 425
881 318
4277 299
4576 94
439 320
1102 414
4913 359
1873 396
1688 25
743 46
4575 384
3720 427
3471 146
2667 485
2919 167
4895 89
780 78
3728 210
1877 108
442 21
156 181
2914 97
4385 20
492 249
2109 438
814 445
2201 224
2412 398
1423 179
1912 407
804 91
359 477
1084 329
419 387
4025 42
2462 443
1817 292
2761 186
4240 178
2402 201
1190 183
2155 497
334 491
607 72
2747 431
274 116
800 355
2374 431
660 169
534 173
2536 237
2607 15
974 450
3542 134
2755 282
1069 387
2171 487
2457 308
3999 96
2411 405
587 33
2276 122
207 445
3080 375
1635 286
2412 166
4930 222
3918 357
1914 228
2021 406
4699 354
2721 338
466 185
2083 18
1338 105
1069 382
3388 103
3072 404
3539 113
440 196
416 385
3743 252
869 214
33 456
2492 364
2272 86
1070 404
1399 82
107 276
1356 165
3893 30
1871 427
272 37
2347 46
3953 357
1688 76
3594 144
3322 368
3601 203
3000 142
2178 249
2970 82
1699 221
716 473
2412 371
79 398
1977 150
3819 376
771 26
2758 66
2465 53
3924 167
544 331
570 45
324 405
3968 154
820 409
2983 455
1153 458
3370 242
821 52
3663 301
35 299
2542 306
1902 344
2765 468
1705 399
3095 224
1473 31
3352 240
1397 81
4308 312
3385 173
2049 169
3480 356
1204 25
100 127
2736 184
859 49
881 482
1831 102
1147 266
4505 439
4587 82
3412 230
4735 13
4636 332
2366 259
3096 311
1907 418
3197 328
2494 68
2784 415
2571 332
4256 139
3953 289
4621 73
1522 195
424 151
1676 452
2729 268
1971 428
3359 112
754 489
4568 130
3049 71
3881 183
929 402
3474 499
4308 61
1345 388
359 303
4527 437
2407 383
4956 238
1117 468
3261 195
3159 455
3454 216
3098 362
247 262
3701 106
2458 442
1210 246
1879 86
2239 241
2605 250
2247 32
4669 348
4499 448
437 308
432 218
4456 258
2389 376
4279 443
1329 200
3549 180
418 445
110 133
795 108
4886 150
3861 44
2707 409
3132 281
4541 407
4130 246
1410 35
1898 181
41 188
337 460
641 472
739 462
4225 492
2068 165
4254 40
4423 257
4695 135
1099 309
882 224
1346 331
3774 261
2159 163
1601 343
364 436
1159 257
3781 362
2628 223
2266 380
873 422
421 127
3905 256
1402 99
3560 97
1427 446
3432 53
626 67
4648 122
189 398
4290 459
4473 29
41 295
3429 259
2046 142
4250 165
237 435
1368 387
44 173
3429 106
1393 293
3552 415
798 44
176 390
1921 213
2854 259
443 4
558 112
1447 178
4596 27
1094 224
4181 375
1412 156
2745 400
367 106
3045 159
1664 474
773 483
3993 188
3111 418
344 164
2879 368
2388 448
1084 380
4726 452
3868 142
4964 264
4831 18
4517 26
1082 317
1346 206
1988 51
77 137
2733 40
1049 232
2050 53
652 499
2825 337
252 155
3638 476
1870 16
4248 82
3815 182
4930 364
3295 222
1662 265
2435 320
181 60
3238 307
4939 398
4078 110
868 496
917 384
4616 363
2330 218
361 126
734 482
1821 1
3140 3
2530 441
2088 474
273 446
4745 243
3020 146
3491 333
1050 264
1781 126
2520 304
4769 223
127 212
3220 168
318 314
854 155
1427 332
4676 224
1217 275
672 393
3797 241
875 310
1426 98
1963 436
2933 304
4285 42
3025 374
4447 139
2401 76
3033 67
1169 415
1043 328
1728 25
2302 487
2938 262
3462 186
1429 216
2424 40
1372 466
1788 200
1880 193
2351 299
3754 304
94 494
3472 452
3298 494
4308 136
4765 332
3021 384
3480 212
2521 104
953 480
4197 457
2055 68
628 129
3925 124
2500 376
2737 138
1486 300
1734 216
3889 379
4556 333
3764 420
1572 21
1229 270
1857 4
2193 449
1247 74
1086 48
4936 92
1590 343
1990 410
101 74
4105 19
159 83
709 83
1693 39
574 95
2946 45
3541 402
188 244
2009 360
1635 23
337 263
4726 96
2408 165
3027 497
389 487
119 391
3464 12
3698 91
674 211
3552 395
4249 169
865 103
2880 10
4469 159
966 38
4741 110
235 54
4205 316
2360 209
2376 400
3530 256
1564 481
2067 213
4993 82
4484 338
3205 167
2970 313
3262 365
3365 341
594 180
1263 153
4663 112
3815 27
2368 255
1198 146
790 339
1724 225
4310 456
251 137
958 41
4651 152
4286 429
2832 271
1586 453
2937 297
4863 109
236 232
3343 29
4547 47
329 108
913 277
2131 287
1017 149
4154 55
477 202
2054 382
3085 308
2080 284
1235 233
4752 480
1220 14
103 97
1459 431
1021 92
4101 58
1996 246
3824 440
783 45
704 195
1794 12
3329 485
4570 51
2537 376
3572 268
1090 147
4733 215
1582 74
1260 475
1188 159
1302 130
1557 172
4123 460
1874 229
3414 407
3161 121
1193 267
2790 307
687 237
3663 276
1974 251
1188 250
538 493
4804 368
1617 231
1493 265
669 321
3234 115
833 328
2447 248
4028 33
283 371
3026 99
1610 187
4686 198
2533 418
4009 381
407 349
1043 155
3295 79
83 142
629 124
236 478
2434 321
906 390
4356 5
3483 188
1620 57
3040 226
1678 470
3548 9
2162 298
4432 412
4779 110
3971 106
1452 471
1242 149
2244 121
1343 68
1510 455
1759 282
3130 89
4014 277
3052 48
2734 320
3760 37
1466 429
3325 50
3318 219
2230 276
948 67
3268 442
2652 326
3512 16
2303 275
3835 391
2814 137
3071 197
4288 350
2153 460
1023 67
1798 99
4372 268
550 166
3349 326
720 295
4794 471
372 47
4354 484
3808 157
2394 242
4712 308
1703 263
4234 254
3389 475
706 439
4383 379
4889 253
3918 99
162 317
4338 183
1376 70
4040 301
3029 214
2863 110
2308 498
2977 403
3974 209
4871 79
2794 100
1406 369
3464 222
2975 295
3182 496
4137 156
1818 141
510 1
2164 406
2448 66
948 369
2295 235
2731 462
951 425
186 441
1016 216
4718 114
1192 381
655 346
2404 82
1557 20
1593 474
3781 230
29 424
492 449
1838 163
4282 460
45 374
3170 121
1040 344
4325 447
2222 153
3902 395
645 281
3360 319
463 478
1685 459
3201 24
2217 486
50 163
3487 319
1069 360
4436 168
683 467
2539 52
1918 307
4068 323
4635 228
1375 354
2232 9
4410 224
501 26
2309 182
4052 189
940 73
3471 239
4523 482
559 52
3371 470
565 404
3698 96
821 296
2382 406
2362 438
2370 2
4741 75
4827 384
1559 283
3540 378
4165 96
1784 470
1225 249
2968 454
3417 113
36 189
3333 75
2672 371
1279 250
2980 193
3150 408
3829 202
4406 162
3659 78
3346 450
4369 10
239 324
2729 63
97 176
1780 208
3347 355
1280 50
1759 473
707 100
4959 289
3899 461
3443 498
4239 189
2821 333
2720 132
3072 478
4730 139
3477 4
1584 96
3411 418
1720 311
251 109
3285 134
3870 324
2323 58
3329 28
4571 259
3971 44
71 430
840 400
1962 103
2116 116
1944 206
1338 295
2419 491
2690 498
1176 53
4738 486
4169 464
1932 264
766 469
1640 301
3955 456
434 383
1148 268
1479 128
2607 400
2777 396
4920 23
361 20
937 104
3337 4
918 165
956 389
2661 26
3581 274
2131 415
678 15
2513 233
2394 371
2621 122
1590 75
3055 311
4490 424
1226 396
2380 498
377 313
2458 418
3919 179
2268 112
71 291
4195 286
1354 467
2358 179
349 204
1726 283
2570 362
4233 57
3624 447
2722 469
3525 273
120 56
2955 470
3386 327
2339 141
2381 283
4053 2
794 352
4722 436
940 69
2038 332
4369 377
137 441
3106 26
314 102
4117 107
1553 137
1175 397
2461 26
194 95
4584 367
4329 229
1656 231
4324 350
1936 321
4154 178
1907 288
4759 410
272 373
996 238
2852 45
924 192
3642 259
835 468
4007 443
2758 424
590 103
532 149
4686 92
341 319
3629 10
3348 345
1099 471
2666 232
1336 60
2066 387
3987 497
3915 193
4778 449
1073 400
1086 93
1273 406
580 405
4544 53
2309 104
136 130
3424 153
148 196
1780 28
2630 193
2696 279
4144 317
2009 426
2438 162
351 347
3898 180
2019 470
3542 47
3112 31
1113 97
2494 175
2487 230
2142 256
4910 211
1974 106
172 317
2773 499
1544 350
2267 367
7 77
1440 476
2043 55
3620 250
4495 478
4378 161
698 92
3983 119
3182 402
3713 241
4004 268
3072 213
4089 204
2807 373
749 497
2456 407
2752 75
2411 30
1781 364
2640 39
3481 127
176 449
3990 33
55 251
2303 278
2765 188
409 175
1897 430
432 467
1598 54
4306 325
2448 473
2782 255
4057 93
3525 282
2295 433
1013 352
1819 46
2503 379
3805 335
1518 471
4379 366
2161 142
447 169
4171 70
3639 223
4274 433
729 155
1627 422
2799 496
2500 492
311 71
4367 81
424 388
1489 384
1279 441
829 486
3914 280
711 385
2962 334
1573 32
2795 333
2281 17
4771 425
1370 253
3829 70
1574 213
4295 119
1562 284
1038 250
1599 236
1846 164
1400 45
1215 431
4909 366
2361 195
4097 295
2128 208
112 111
2469 227
326 99
4242 129
1847 248
3799 293
3649 40
2557 498
4564 65
1328 216
74 407
3755 402
526 129
2219 250
4611 240
1413 255
2628 422
3581 457
1402 497
1709 101
2792 317
596 483
2534 281
3540 75
1554 476
1748 407
1125 127
4765 38
310 468
526 284
4677 405
4737 290
1119 270
1258 29
3849 263
3149 473
1693 457
4055 133
1662 85
2577 433
4397 54
1161 436
1317 265
4675 116
1807 103
2738 79
146 72
3636 286
3365 257
628 153
2246 211
2329 347
4321 236
3734 206
2674 495
3660 102
3399 203
2862 214
4956 54
1484 213
2509 80
2142 242
1838 333
1299 203
2079 174
