686787260
42254535
3
292875224
874170
2
93074143
6201298
18054074
77987288
189391075
539540188
15845665
148153
540275453
3437245
31140957
299666833
126917845
488655481
17189396
51175012
4832164
10075
445239978
193591053
886600467
8029182
902742429
57124508
13404329
287331403
13747644
1121765
594341988
450843504
694462278
134685609
4434
24495509
143173394
30517898
124849410
971569
135685396
61288507
343907
45758020
375033191
13509894
176959255
109214560
366424256
7014503
110409923
397121
42164
638149872
50367788
14390760
173729422
1682
16765611
571686
51191
45587700
31197068
112758216
175968117
16690771
28570
448143
810716956
98757
673084454
196385346
976283597
1012819
56134625
104236737
921969489
437262608
114650995
213632866
676507175
183081636
977910590
1300351
1069941
5214513
2296717
55461702
54294363
872
197313092
2786995
11096007
88099
50955305
385264630
77942
77
617494610
901884968
52918341
19124356
327863260
166113237
916333331
24688513
13014838
6449271
3658932
749400961
104471103
1775
305161444
5665765
90228
174280554
297745937
829
62767993
370866964
41712432
104721520
4195
42950714
16046307
19089376
1793081
104691850
6324930
499136915
34533884
74260609
484768077
2330361
71522552
272479385
835563
563470334
39755406
1813080
3622
54409
200174496
340430
3251
7897
50548
36925912
64963533
90149401
352013
8158
5842
19844278
274836429
2142
11517069
0
973854
270725187
1067710
506523347
30331997
16599507
32551438
468018
3609356
8473491
326581475
72
155393465
262759428
25922438
215098
49760698
20917914
515245
414459358
86537553
2067687
488922208
819273018
634858
840216501
100469
2261154
17779731
19558634
315688999
121533167
1235755
12264
116456900
23702
9436455
910
60587
26768890
452381761
134640795
196303131
94033953
92949617
25652926
1540419
3523633
198886668
258984627
79162297
98199090
77991843
21607511
6111259
258823378
8071064
31848757
763976194
427350875
663152209
1920175
20544994
167268715
26640319
46004833
495
370211
230810
6587545
645224829
93211092
116728595
16364781
221178467
8692
75300481
508701416
74886192
10020154
37232552
175581011
1540900
293505918
21120761
758658898
60305347
141797951
12536044
100239905
235
28174
5322499
581999643
6
17737988
255295661
244445018
15478544
484924
4705
45171442
71279417
155074907
553491292
544909532
775898251
6807254
2017807
70342645
908671745
525497078
9
648265
504223021
129518930
4875155
195246700
62444918
37381213
652846932
37790747
79786055
641757941
35990434
48415441
80611
39616068
50517042
189063949
39685631
131592673
462950
61258
255172
605856945
289649
160670636
5194550
99597513
1145562
7314964
360428181
107791
341787379
350193607
48428780
6411615
49967211
2007682
2398086
61098801
166263863
180645
152582417
325565724
783187
10620870
197011001
549188
18332793
369234486
152393377
233676364
9505469
25040750
808799607
17569
407163151
150244753
277826374
8262
728978988
141919297
747753545
126183676
1446574
167
9821616
32023396
6
375063440
14610925
646275683
681517
94047888
1486567
4298
87286
40441088
363198194
20237929
51043538
516091275
55077
441653695
2066
45785307
496680494
274275
4783
16839968
955751158
287944768
353998154
136893
1816815
42987486
513573085
52924033
80397
4695338
2491574
873483615
9479349
714783732
316036691
345773896
9668284
1102799
988956
3846560
222291842
403979186
57513822
10283918
9990023
20336486
214457250
717928681
126993829
564515167
25183157
981974803
235639845
456029040
66285171
719509445
480399
125313264
276
43252667
267451
172
6344567
65198089
745105791
1021
38713719
457304685
29999875
210070265
9483783
166358
27737020
562697394
501249319
125393180
267085830
328684802
208085
266786
33073
34016989
486798450
101194413
93854586
418098442
19169760
17550161
249991
211949464
7234522
496012642
417495096
504555194
4069718
375040475
595023413
222173947
12033241
6259840
11688
177900483
569393566
648773853
85511992
250356002
20775
466361113
111831739
230093
102118911
335262793
222098096
1277551
4431245
14238
824168510
611839837
78028026
129447278
5200199
2651408
847594664
337261916
645499420
7911703
587633572
398360186
28584111
51517650
84488
37100873
708711781
205171487
15835720
126806165
8774775
1494474
29723840
42401687
718959249
3078
14308818
196288544
134452188
243411
64626473
26240587
81628959
110681704
1227097
380956572
282327346
531344884
26972
116168550
54660312
5921092
313017857
777463148
12145585
42205099
349336
86600205
14025364
114599453
197878039
194773
550353
214244819
16427905
45447495
7197806
426430222
244662026
5492565
912251
723453647
5978838
176695259
458944154
530413089
180903483
5359076
177
28
481099591
77664951
422215268
238529735
11020408
187561627
33147828
65370685
56338
789
228186
447947714
16070906
40037462
170839
5757166
117804738
687723
20677803
50032
5842302
40561174
738310160
392305164
420211135
4818
442462182
2343641
24771
11448036
49905777
2334
28073330
9434374
344711774
76234235
224117120
563949764
547944630
203248275
237832840
488811975
12131638
463777822
1021322
306028754
738504
7388
1798359
57082160
4375962
2184
396296713
191891954
241646417
180085429
10792059
149587194
25080671
26131545
30912
884082336
737838811
14716679
599934743
124163444
626702732
916025423
111949423
31440595
67177943
472212212
337824983
966146568
12332064
64507986
78262251
331329109
5381557
12101859
198560309
63401109
65771
421406517
17096399
10602521
235962474
145504332
119952513
1683282
704529434
98506
112763024
369605374
1742577
112252369
3205034
213984232
1744
510019227
21205690
994196937
236079072
136917858
894284323
160873715
58401875
205341
11815943
749453811
26736545
380723275
