1554874
382784
2720780
64264
146313231
637116
4299447
44656040
13643746
77116679
86865454
43818998
6526018
1533381
14754839
42261
296136846
5263009
54379234
954752138
205341898
67983253
7976563
50568530
786030871
235433530
19522221
13354029
1
1746387
113350877
5935059
74383446
30203338
159913764
100023887
788487280
15812
0
127917019
111795
173429
490938
178645946
388517593
83432566
5471061
9985210
780601
9941
73252973
411954
122512443
140489590
315724249
79405266
11902411
4508541
113437891
281381888
24912394
68598189
13476525
166113014
110031156
816752355
5275777
81126
2777
92086329
16216906
135017704
69283858
841751632
9932737
59199605
305070912
15537452
70401
58896182
2355698
7550634
3039700
2772189
20729915
866229564
85504988
233082460
8184
6292711
1156253
1801717
153550
6625927
2680756
32827252
982600429
87665747
26129600
242777281
1909120
184202056
208044924
270611912
164388422
10879784
4509069
1295980
17018
5589996
51463164
6818469
7818623
37
30547003
422812765
118843760
3512402
388935
2517017
97209569
264077563
379941025
4904447
19932227
29139081
6232234
855755541
74147474
2247782
33085256
887783590
182180025
1233348
73666
400723878
153449315
155736463
9867435
6
178275944
226079300
159882176
2639606
391771
304770865
10427
228818413
5036436
35099968
655358
308935889
9400293
303476362
4
319894
928875
8919442
108247
3381719
18235522
72659
2872455
2
2485840
30420
321506
2501712
6115335
1973360
12593037
0
9851619
303147899
521173802
2026539
41
160271750
1834459
258430190
7274151
159337996
34052473
345417487
92812034
15936316
169
215
318446111
67670
640764
3410
2327
220486537
525896811
110533741
1024020
6409502
6656380
628569240
50892439
46433124
1665
10276561
104373242
23416
16960530
761817
26092524
75280067
51592389
922333
11549500
322540340
104688385
227026
931576106
3843055
4695208
51535819
24949499
195981736
4129455
105695586
214011
494495832
45277423
183105629
291279283
63534979
49860648
814070
11609827
2255412
66219
88588551
28297
387178508
286423883
550403902
3323269
7696
37499459
11736318
5774475
132132582
2751
11679227
94353213
1467
2907562
857781146
16917
229411629
26831565
295471487
66208759
1132295
1
2188767
123026579
3565881
34121561
13452287
164011529
51792532
418327
421122562
1200638
17700609
118631541
907
36867
424685149
45784737
142886060
210116345
3526337
20268714
1742
3
2160
108179873
6651
557520
302595604
764
160001722
48463
21919
31057397
2244216
4531176
5128592
112466330
46780192
73270933
7304952
172306150
107853199
86542654
152533967
29917
287327368
9679034
124286897
0
420821299
75920926
130252886
1121900
479757429
139879
533986
128394705
205310456
60732561
49371665
453186153
220919875
37447973
554163719
687499477
65000131
48290141
56600678
17454944
125462203
112959191
58009518
107776491
4958394
483804518
390932913
76872828
239567
2737870
241
11908133
2661618
1219367
896961
1835902
15779434
22376215
10786956
109824864
535365197
140148915
6003548
32281898
1992932
11755314
711917729
22582314
530727019
13014364
175730635
666873548
190562469
90339
689134
36706946
9377128
253468592
184420777
338235
2450205
3683712
29524994
78669160
111241278
48422004
90659900
2417262
178189
2079
193207
54046909
15633269
177925
215280576
226658982
12761988
367530
52554373
25970288
66162423
30446317
110601245
28901505
22
56774127
2900962
162219199
2640
221048161
55354927
129282207
33789
122595
21713605
57954826
1160074
41829976
67456474
232468493
3290093
173390
194702645
14321
307541
197484
110012290
5329
62190715
2496451
117925322
875298
965354
90993759
718079
459235616
369982
59447988
35353230
118136887
10679924
243232
8222052
82024672
62263959
148199774
23430939
70411403
18705986
781773
189254311
11867535
147792713
11269
765144
82996343
110966907
57887540
896860
5149696
2367937
1999864
54824
121050
49249984
15434540
544047430
1004795
30459
2571309
138491673
5878648
110860460
10883447
155356050
19181290
9154437
6063697
47692086
23207063
811169085
1004744
66553091
8610387
512092756
107731862
214293803
195825
117839821
68045548
553
18270948
184324583
186804
851087
123677734
54090671
39004191
325476289
74023
262020
404479328
8310
2012368
15745931
46
2191155
1189946
205270
20095
134219089
302802
10913290
221973037
3883
73066733
184212946
0
82445454
5658639
336755178
858086
63299536
11965946
1263484
727784381
69470767
2812459
103508816
1745614
124427471
80621498
3595
13476421
2981
9815189
5778415
82105057
114242057
2575
21715221
40164
419242643
439484800
179225833
180528768
419993
184263249
5869723
238604
20427
894578435
315477
0
67643
24738
21978075
89330016
85730113
64288039
27797613
517165
1421598
165960974
153496263
37070603
3778495
811218
10
27
102231
318236
121935706
0
246053
118704608
393
2529681
50390756
113379600
64444545
7130646
190147393
430215757
12396
1042974
540370
418286878
106892231
5968286
30212
47933
69620059
172937206
531294
662117
144016816
41563557
307936203
18878812
30872928
2894315
52655
526114943
68888256
891413397
31337240
200650258
714326684
12167066
129259600
6429842
167715
277466505
747759147
187
36482120
189392404
95944
199690
2994128
773567337
14367626
404465877
44571807
659184
35069570
4143923
155653818
268980001
240459664
2636131
10920585
57651133
641521
157808431
268605842
961945
36588618
18199423
24903437
8679448
65053756
5851627
1024
21937
216435019
114135293
83803
9157569
3025548
9449924
1918625
57806172
23116114
1491729
201035
23891890
141891632
100209231
472835
145750107
2346158
164470540
5400695
6456060
34577404
120912
9205089
521698085
8293
4662016
143768202
20171427
27627
1963
104724
162058648
47343418
7620795
138908006
141417383
381100
505345
40021024
6396
2950798
5254605
14958703
303025302
74966771
8948
22857055
21820640
69542
116332264
114738696
218250
2343144
24239230
150038090
607630275
114458409
496421412
19875345
26357729
89316071
223186293
12286231
19018
19150178
5100767
29999388
18325867
3635306
1927524
79332501
28765097
0
298744388
38123
185
271429599
1081324
12378313
2094530
17607141
113995380
12204138
120300854
102857532
319406826
3089796
126234930
114471292
4
145030448
55616
586042218
3738742
37562605
2093
251395218
9
1193498
968763129
6605357
4856178
22646501
49281117
268768948
193186790
132019789
8749099
15965373
15913301
276139612
28203
56766433
5452044
12790726
147788
9241
98959783
9157305
790750727
46662800
312
7282239
27032690
2016
4075021
2135089
172655945
21073383
232414362
65444608
17261690
14815460
105842780
194375193
14541380
948016
475686064
13092727
18542533
5634884
86601
307847643
94526
83328342
125098773
168656441
40487952
209049536
80958
37834098
43390943
100700076
74968546
921373
377
3747
38214
498835
10525201
187668076
35012
35762
133382
624379274
77923482
186267044
2354911
1960413
20113886
32806882
18142153
105724915
157706226
