100 300 1
24 77 1 95 4
77 39 5 61 1
39 38 33 56 1
38 55 25 51 8
55 33 43 92 2
33 45 49 94 5
45 48 40 82 11
48 92 18 83 8
92 98 37 83 2
98 32 14 99 1
32 36 38 87 5
36 42 59 84 1
42 84 26 98 1
84 34 64 88 2
34 14 22 95 7
14 19 20 98 6
19 37 25 99 1
37 96 82 100 1
24 55 1 70 2
55 22 4 45 2
22 83 5 85 4
83 80 4 37 3
24 76 7 80 5
76 97 27 90 6
97 17 34 62 22
17 55 35 91 15
55 82 38 88 15
82 25 50 94 5
25 74 90 100 2
74 16 41 97 3
16 99 97 100 1
99 87 54 99 1
87 77 24 100 1
24 1 5 56 14
1 80 14 28 5
24 92 28 74 32
92 74 3 93 31
74 70 25 98 5
70 20 93 98 2
20 39 91 99 1
39 60 94 100 1
24 83 1 69 4
83 64 3 45 1
64 22 1 55 2
22 72 6 47 30
72 79 1 83 6
79 55 40 65 2
55 49 6 77 1
49 82 14 71 8
82 52 14 73 3
52 55 59 67 1
55 45 60 99 7
45 57 3 85 4
57 12 60 79 2
12 12 32 80 1
12 66 71 94 6
66 45 19 97 6
45 62 38 96 1
62 84 57 93 1
84 11 19 99 4
11 43 5 99 7
43 54 22 100 1
24 15 1 6 1
15 12 1 81 1
12 53 4 89 14
53 65 3 56 4
65 27 2 55 8
27 48 2 76 6
48 74 9 77 11
74 37 40 97 4
37 28 52 88 3
28 8 18 82 16
8 33 38 94 1
33 30 62 98 2
30 79 69 98 3
79 2 6 87 4
2 78 46 96 10
78 75 33 94 1
75 67 9 94 2
67 41 95 100 3
41 74 91 100 2
24 97 2 71 4
97 5 9 69 5
5 75 14 44 11
75 64 25 62 31
64 89 39 71 8
89 40 69 82 1
40 56 68 81 2
56 31 42 99 1
31 45 39 79 3
45 82 35 99 3
82 21 23 100 2
21 35 28 96 3
35 1 22 93 4
1 28 41 96 1
28 93 91 94 2
93 47 5 96 1
47 87 9 99 4
87 12 35 100 2
24 3 1 95 14
3 64 7 48 2
64 97 23 64 13
97 88 67 95 12
88 15 42 94 4
15 68 73 90 3
68 62 54 96 1
62 91 85 93 4
91 47 62 100 8
47 78 69 100 1
24 79 3 60 8
79 1 14 79 4
1 57 14 98 1
57 61 20 41 2
61 13 6 62 2
13 61 40 64 3
61 23 24 87 21
23 1 30 93 4
1 44 39 100 5
44 88 64 91 4
88 50 83 92 8
50 23 26 96 1
23 18 21 98 1
18 56 41 100 6
56 31 42 100 1
24 38 3 60 10
38 46 3 54 31
46 21 9 47 1
21 54 10 90 17
54 76 7 100 2
76 81 7 88 1
81 32 6 78 11
32 61 7 99 13
61 4 73 97 5
4 27 91 97 3
27 70 67 98 1
70 74 82 99 1
74 27 51 100 1
24 44 3 76 7
44 92 26 64 6
92 9 38 69 8
9 16 1 87 1
16 19 41 88 1
19 7 41 68 1
7 60 41 66 14
60 2 49 85 2
2 48 33 89 1
48 46 69 80 1
46 65 73 85 1
65 33 44 77 1
33 22 9 84 7
24 85 52 63 4
80 4 12 58 3
88 81 9 26 17
5 2 40 71 22
6 97 87 91 1
39 12 29 80 37
93 53 81 94 1
42 35 13 98 48
12 62 12 33 9
44 11 1 32 12
72 26 29 65 8
76 31 53 89 15
4 66 8 80 51
58 77 85 93 3
56 39 7 98 5
44 36 9 30 11
2 53 40 56 5
13 85 78 95 7
75 37 35 40 5
98 18 46 69 6
21 17 95 99 4
87 50 57 74 9
3 64 59 80 16
9 70 15 44 17
13 19 25 42 14
94 14 1 37 33
87 16 9 28 6
32 87 9 24 14
48 22 72 87 15
97 64 19 21 2
67 10 16 18 1
36 48 24 68 30
29 68 16 44 9
75 39 44 88 1
75 3 27 41 12
67 51 13 90 38
76 65 30 97 66
10 7 52 91 35
81 54 46 96 31
44 15 22 67 25
18 84 15 84 23
14 69 48 100 38
90 34 80 95 3
92 73 52 60 6
6 32 91 98 2
81 15 16 88 23
42 73 33 45 4
59 90 39 50 10
89 49 28 53 2
85 56 38 58 7
64 63 51 55 4
39 47 22 58 31
24 71 23 78 40
100 28 67 76 5
49 9 89 94 4
55 41 39 41 2
23 24 69 85 14
55 99 39 95 3
86 35 12 52 5
75 93 43 84 31
20 88 1 10 4
56 34 20 96 45
19 57 45 46 1
22 67 40 94 31
2 26 5 61 47
53 68 11 31 13
90 91 85 92 5
41 41 14 67 6
6 52 23 79 20
88 27 8 94 35
10 100 18 20 2
35 81 52 70 5
52 59 41 51 3
25 69 12 82 13
73 52 20 52 32
69 73 25 46 1
12 31 1 67 33
6 74 32 85 14
39 49 44 65 14
44 62 72 88 11
18 71 28 52 3
78 59 29 69 14
65 16 8 69 20
97 93 54 95 11
93 46 35 47 10
17 72 30 86 20
17 99 5 33 22
9 18 17 30 4
82 15 63 88 1
87 32 70 76 6
17 53 89 100 4
79 95 87 92 1
18 6 21 67 42
24 25 18 44 16
84 26 80 94 14
1 75 38 62 12
79 50 38 42 1
84 83 37 82 41
56 73 39 75 25
86 51 1 24 8
39 25 74 89 12
27 38 24 27 2
8 31 30 98 63
39 56 66 75 3
79 63 12 46 2
66 5 60 73 12
35 54 14 85 32
11 17 14 16 1
6 9 63 74 6
86 63 17 60 43
74 71 11 69 52
24 5 75 90 9
66 54 34 67 30
62 76 70 88 6
88 6 18 64 24
54 100 7 91 57
14 33 60 66 3
84 66 4 96 12
41 67 2 18 11
41 9 30 99 11
18 46 2 8 3
81 88 56 58 2
32 40 19 82 31
71 77 31 93 23
21 63 23 51 23
3 63 18 25 4
63 17 18 75 28
71 89 2 89 49
66 22 87 99 9
84 46 3 28 25
32 17 32 98 61
60 77 34 85 15
91 8 8 94 11
29 60 4 6 1
99 17 7 24 5
25 98 21 39 14
71 5 18 41 2
77 59 82 96 4
42 18 6 25 1
88 74 14 18 1
43 70 47 75 23
78 44 52 90 34
13 42 30 79 37
4 48 17 92 32
59 49 66 88 17
57 13 13 26 12
24 84 20 36 5
44 85 62 63 1
53 21 4 56 46
60 2 77 84 3
24 80
