1000 2000 1
284 888 1 329 25
888 209 26 509 18
209 771 8 455 4
771 778 64 853 57
778 790 25 910 12
790 878 4 919 115
878 913 4 324 10
913 54 110 314 16
54 180 80 465 90
180 800 271 483 54
800 7 223 828 3
7 657 275 723 8
657 52 142 995 3
52 428 376 548 1
428 711 391 860 3
711 148 29 612 4
148 413 336 718 9
413 183 378 617 52
183 259 11 721 95
259 742 295 754 7
742 753 606 905 14
753 376 317 999 33
376 647 200 832 1
647 285 74 864 1
285 926 302 881 6
926 292 418 930 64
292 369 77 847 37
369 356 283 854 2
356 737 292 960 1
737 578 719 921 1
578 27 700 989 1
27 348 186 893 15
348 639 84 805 1
639 372 133 979 3
372 687 307 816 1
687 252 122 970 6
252 765 768 831 10
765 979 176 882 48
979 418 482 856 1
418 654 339 979 1
654 837 862 987 29
837 407 577 976 18
407 362 501 969 1
362 225 624 994 23
225 371 814 938 4
371 625 136 972 2
625 769 734 981 1
769 382 561 980 19
382 997 876 986 1
997 758 720 984 4
758 35 468 991 1
35 694 589 976 1
694 663 533 1000 33
663 853 104 1000 1
284 130 43 723 1
130 382 41 157 61
382 594 7 233 5
594 917 76 784 2
917 367 58 709 3
367 753 93 507 27
753 29 91 407 25
29 601 129 895 13
601 182 97 433 3
182 66 126 285 2
66 854 44 377 9
854 225 201 912 2
225 618 305 651 13
618 871 99 494 6
871 31 159 398 1
31 896 71 933 103
896 90 10 668 13
90 951 96 567 17
951 343 241 547 13
343 990 234 826 12
990 278 496 614 19
278 990 79 841 3
990 908 380 646 2
908 865 101 790 62
865 176 372 1000 12
176 893 503 818 1
893 570 127 849 101
570 302 212 979 55
302 903 661 930 1
903 596 290 909 4
596 143 668 912 1
143 418 95 922 1
418 158 198 870 1
158 725 776 868 14
725 810 547 869 25
810 603 25 846 1
603 834 120 950 59
834 662 512 888 12
662 220 432 951 2
220 233 96 953 2
233 715 42 997 4
715 112 52 974 1
112 111 333 996 99
111 852 936 997 1
852 271 475 1000 3
271 554 331 1000 1
284 398 11 234 120
398 194 68 473 1
194 917 22 441 53
917 128 43 898 27
128 680 63 344 3
680 581 6 418 17
581 368 2 717 2
368 454 24 346 7
454 865 179 497 3
865 864 245 647 30
864 697 31 926 18
697 81 173 899 3
81 383 282 412 1
383 337 32 802 1
337 840 191 726 89
840 90 440 527 1
90 824 338 841 8
824 904 6 953 1
904 968 17 692 1
968 626 43 491 11
626 673 345 852 7
673 499 64 955 1
499 452 597 752 42
452 652 498 875 49
652 276 245 860 11
276 277 129 965 15
277 425 92 739 4
425 645 298 746 5
645 923 12 914 5
923 315 374 738 1
315 920 30 909 2
920 892 687 907 23
892 344 109 784 7
344 355 360 984 2
355 380 318 955 1
380 993 146 846 1
993 56 711 780 14
56 840 263 832 4
840 628 608 951 105
628 625 765 991 1
625 677 760 979 3
677 302 61 948 20
302 453 848 972 24
453 104 654 967 3
104 119 661 999 44
119 396 275 999 13
396 764 417 999 3
764 255 477 1000 1
284 631 9 940 13
631 133 41 427 2
133 834 8 961 1
834 121 13 650 19
121 815 34 715 109
815 442 54 393 7
442 525 192 363 37
525 112 205 544 70
112 134 172 485 1
134 302 4 477 28
302 269 33 981 2
269 750 59 697 18
750 280 50 375 7
280 435 282 479 4
435 961 278 816 3
961 114 33 538 42
114 874 491 704 36
874 297 226 783 4
297 556 42 695 1
556 529 506 701 1
529 610 248 980 15
610 764 403 998 15
764 852 466 756 2
852 881 589 823 2
881 957 493 623 5
957 812 522 918 1
812 303 121 882 51
303 433 536 928 1
433 818 354 922 3
818 959 61 768 6
959 367 88 952 1
367 491 289 998 108
491 848 458 774 2
848 733 525 776 1
733 299 236 956 2
299 949 518 798 6
949 532 345 914 31
532 804 684 927 1
804 154 236 843 12
154 460 575 880 12
460 71 304 935 2
71 281 31 895 2
281 862 130 969 3
862 415 593 855 14
415 65 692 919 6
65 845 77 949 28
845 336 801 943 29
336 443 311 989 71
443 605 414 994 2
605 151 741 998 7
151 837 420 999 1
837 360 878 1000 1
284 426 1 218 5
426 686 4 367 12
686 21 133 381 5
21 884 30 423 95
884 83 232 988 61
83 533 87 867 2
533 557 280 603 15
557 708 181 382 1
708 926 10 923 34
926 568 189 988 1
568 587 60 545 5
587 696 257 719 4
696 683 326 951 1
683 755 20 874 10
755 726 92 921 56
726 773 21 654 4
773 149 406 741 1
149 308 414 627 19
308 234 258 854 31
234 629 217 609 1
629 112 65 598 1
112 293 185 896 29
293 900 210 828 1
900 811 126 755 1
811 498 281 861 1
498 632 87 995 11
632 529 74 953 47
529 670 5 735 5
670 530 489 725 4
530 565 467 806 2
565 153 329 823 15
153 671 416 872 4
671 49 545 929 61
49 618 266 677 3
618 61 135 853 1
61 587 386 944 31
587 552 508 754 1
552 678 353 1000 49
678 63 611 983 4
63 905 356 795 11
905 281 334 821 1
281 484 199 896 62
484 892 8 896 31
892 83 349 998 25
83 869 283 929 4
869 5 49 984 8
5 579 111 936 1
579 991 307 965 48
991 305 367 968 3
305 656 792 994 44
656 618 538 997 2
618 158 379 998 2
158 794 897 998 2
794 268 390 1000 6
284 442 15 460 11
442 491 12 123 2
491 691 29 422 5
691 208 14 524 48
208 668 54 815 9
668 103 78 243 12
103 71 54 842 9
71 839 114 239 2
839 186 92 463 19
186 733 131 575 7
733 387 90 657 25
387 541 97 861 4
541 629 71 937 9
629 231 117 390 2
231 855 208 377 96
855 232 179 642 5
232 864 31 388 22
864 782 109 648 4
782 669 70 445 3
669 115 137 918 21
115 739 260 874 112
739 270 233 584 1
270 522 47 526 7
522 523 182 989 14
523 459 435 981 6
459 551 125 998 1
551 358 274 911 6
358 211 335 779 46
211 384 145 885 8
384 799 373 907 42
799 65 427 865 123
65 778 93 851 2
778 774 623 869 1
774 909 38 742 1
909 897 444 909 2
897 360 593 914 1
360 517 159 773 1
517 881 532 965 21
881 842 696 922 1
842 901 597 847 46
901 563 463 829 1
563 966 259 829 20
966 689 218 941 12
689 729 191 969 6
729 795 592 978 1
795 310 349 935 70
310 895 782 913 1
895 936 188 944 15
936 73 647 970 2
73 459 341 994 9
459 808 865 988 1
808 899 845 973 2
899 976 291 976 8
976 478 292 968 16
478 616 369 970 4
616 968 938 984 10
968 820 219 998 19
820 325 248 1000 2
284 515 1 530 1
515 988 1 876 1
988 245 2 155 2
245 207 1 827 2
207 698 35 533 1
698 792 18 661 2
792 288 39 532 43
288 592 193 742 3
592 800 142 815 16
800 923 93 642 1
923 789 70 309 2
789 988 57 748 2
988 831 49 812 2
831 799 113 987 1
799 299 24 919 5
299 894 179 967 3
894 151 179 396 6
151 509 232 986 2
509 856 255 863 32
856 682 62 369 47
682 687 126 607 8
687 308 113 409 1
308 382 275 594 45
382 208 351 551 16
208 275 307 924 1
275 573 18 876 1
573 216 26 730 1
216 194 380 667 32
194 613 320 611 2
613 364 363 610 22
364 604 253 646 3
604 962 341 727 8
962 259 376 704 7
259 216 352 840 2
216 236 55 655 128
236 882 291 801 59
882 847 430 811 1
847 760 459 723 4
760 719 80 967 4
719 119 467 715 2
119 474 393 988 102
474 785 334 831 14
785 785 357 923 27
785 873 665 932 2
873 321 662 989 54
321 931 260 995 19
931 21 191 996 1
21 941 638 962 47
941 623 888 975 11
623 980 666 999 28
980 284 345 994 1
284 965 452 999 10
965 509 59 998 1
509 560 318 1000 1
560 735 33 1000 1
284 343 4 973 4
343 126 13 163 3
126 304 137 279 42
304 753 102 412 41
753 939 80 801 15
939 200 242 614 16
200 429 77 581 25
429 87 229 480 1
87 399 232 686 106
399 875 265 969 10
875 840 255 956 1
840 444 47 634 36
444 639 325 906 3
639 415 44 730 1
415 274 197 497 32
274 450 10 685 2
450 902 237 986 1
902 980 537 922 56
980 439 39 771 16
439 102 130 721 3
102 682 64 975 28
682 473 107 914 62
473 773 724 871 6
773 134 478 920 23
134 333 457 969 2
333 482 347 807 1
482 912 325 912 8
912 823 583 974 29
823 479 553 902 1
479 300 419 927 2
300 94 560 884 14
94 119 258 862 1
119 628 641 956 1
628 120 29 836 1
120 310 421 938 4
310 674 308 898 4
674 223 372 994 2
223 20 33 998 2
20 830 94 960 1
830 404 843 879 1
404 629 319 945 3
629 456 633 965 1
456 218 544 992 87
218 285 757 968 15
285 1 20 972 6
1 591 864 992 14
591 202 253 983 1
202 989 207 999 24
989 973 404 1000 3
973 758 174 1000 1
758 98 773 1000 1
284 902 6 662 70
902 911 76 117 2
911 806 34 921 1
806 541 46 734 9
541 116 102 450 1
116 92 83 519 6
92 56 56 305 20
56 892 134 613 1
892 836 87 376 16
836 10 97 410 2
10 180 88 589 3
180 753 99 467 7
753 877 165 385 4
877 212 153 484 17
212 137 48 540 1
137 202 190 269 3
202 308 84 611 9
308 974 222 647 1
974 3 294 314 2
3 291 381 857 7
291 190 159 635 97
190 294 307 809 1
294 675 310 566 15
675 962 589 802 1
962 180 236 902 2
180 534 290 843 3
534 241 48 627 1
241 19 551 744 8
19 362 484 704 6
362 273 293 833 3
273 484 568 931 5
484 1000 387 644 2
1000 608 317 775 1
608 474 296 755 7
474 887 546 682 14
887 226 433 659 1
226 429 327 814 2
429 850 303 884 30
850 359 797 968 103
359 178 988 997 1
178 737 582 994 2
737 279 784 998 4
279 456 748 998 3
456 668 85 1000 2
284 316 4 431 30
316 282 7 594 1
282 629 28 108 1
629 632 26 740 20
632 869 47 535 1
869 469 154 891 1
469 321 84 864 2
321 125 275 633 27
125 669 197 975 28
669 808 207 951 3
808 793 222 917 43
793 88 318 796 2
88 689 61 969 1
689 958 82 590 2
958 630 144 435 1
630 893 249 698 19
893 972 17 661 2
972 66 152 662 12
66 491 406 459 3
491 407 119 575 3
407 578 228 863 1
578 851 28 517 2
851 11 197 609 4
11 445 43 877 8
445 688 22 958 3
688 542 191 720 24
542 295 236 704 16
295 835 273 560 16
835 437 15 733 28
437 267 3 721 1
267 331 503 633 15
331 545 498 630 1
545 179 139 952 74
179 480 284 858 1
480 528 340 972 1
528 106 440 735 1
106 62 231 803 3
62 137 109 839 30
137 297 486 949 4
297 728 264 673 1
728 811 194 844 1
811 9 759 901 25
9 643 504 901 16
643 571 717 862 11
571 980 284 869 1
980 51 83 821 5
51 832 302 1000 1
832 402 2 896 5
402 887 521 904 4
887 478 36 840 1
478 313 347 983 2
313 874 92 845 1
874 531 221 979 2
531 357 508 989 1
357 420 742 967 5
420 98 729 960 1
98 111 672 944 54
111 696 534 993 1
696 773 640 938 6
773 718 273 912 1
718 565 639 945 11
565 770 49 978 1
770 560 670 968 1
560 722 789 969 14
722 903 878 981 1
903 363 489 994 60
363 911 798 998 6
911 112 594 999 3
112 786 906 1000 1
284 511 12 850 3
511 873 11 455 2
873 927 10 97 1
927 998 23 752 1
998 572 12 29 1
572 737 23 286 3
737 371 22 234 16
371 536 64 449 16
536 184 54 776 1
184 989 6 121 2
989 426 6 429 19
426 442 116 454 2
442 121 124 624 6
121 381 147 992 20
381 86 75 383 3
86 785 57 399 20
785 440 155 364 14
440 575 138 659 1
575 556 128 386 1
556 283 156 785 13
283 824 113 964 3
824 106 19 471 55
106 991 137 548 3
991 708 53 763 52
708 71 314 788 28
71 815 376 836 13
815 455 61 979 10
455 770 160 786 1
770 12 22 893 102
12 885 412 797 9
885 515 89 872 63
515 978 275 844 1
978 661 392 798 2
661 257 118 984 32
257 933 565 905 12
933 736 251 987 2
736 762 291 926 29
762 860 495 848 3
860 290 319 977 2
290 287 125 727 1
287 741 409 679 1
741 365 216 660 1
365 121 169 840 4
121 454 297 829 2
454 868 640 759 1
868 793 381 999 26
793 95 430 880 1
95 248 116 930 6
248 385 104 834 8
385 549 588 720 3
549 928 131 808 2
928 804 693 821 8
804 989 158 934 3
989 368 346 933 1
368 530 581 939 8
530 972 100 936 94
972 721 705 990 21
721 426 480 862 8
426 657 716 960 8
657 530 812 934 7
530 287 152 945 54
287 937 171 965 4
937 969 24 979 20
969 278 603 971 15
278 88 820 992 14
88 296 311 994 16
296 473 964 998 2
473 663 684 1000 4
284 258 26 910 3
258 718 24 443 12
718 787 26 461 6
787 53 120 552 15
53 749 29 603 2
749 59 21 886 9
59 301 39 294 62
301 818 171 430 2
818 98 86 781 30
98 191 18 742 10
191 580 181 751 1
580 825 71 712 9
825 75 16 849 4
75 648 64 787 1
648 505 257 390 2
505 479 87 559 21
479 102 69 622 1
102 138 83 747 1
138 129 64 459 23
129 734 157 352 2
734 180 178 652 4
180 36 75 583 7
36 151 256 710 1
151 225 254 854 1
225 932 126 715 2
932 853 147 817 72
853 995 161 815 1
995 150 397 735 115
150 158 290 605 33
158 44 210 913 2
44 481 6 885 76
481 624 624 788 50
624 775 650 862 5
775 368 160 811 3
368 836 366 970 3
836 985 672 776 13
985 649 235 793 60
649 362 65 979 108
362 767 457 976 6
767 234 215 887 1
234 187 648 933 1
187 33 314 967 42
33 222 921 956 4
222 431 94 940 3
431 201 357 974 1
201 88 39 992 3
88 404 482 975 1
404 131 727 943 1
131 58 533 982 1
58 10 889 996 1
10 717 99 972 9
717 113 267 959 1
113 309 680 994 2
309 968 643 952 2
968 524 332 969 2
524 306 107 978 22
306 26 742 978 2
26 267 40 991 15
267 880 729 996 2
880 463 312 997 1
463 762 347 1000 4
762 327 872 1000 2
284 314 14 190 16
314 463 74 527 9
463 305 98 452 3
305 671 26 699 2
671 745 31 226 3
745 202 91 328 23
202 8 24 914 7
8 361 78 498 7
361 221 46 391 95
221 644 115 856 4
644 826 242 822 97
826 786 129 525 1
786 99 52 662 52
99 387 341 404 2
387 66 318 933 61
66 502 213 877 2
502 442 443 627 2
442 516 381 845 1
516 214 291 541 5
214 367 467 516 31
367 892 322 976 107
892 850 458 742 33
850 178 487 743 4
178 922 157 851 1
922 186 174 806 44
186 277 599 738 4
277 290 297 939 1
290 270 368 725 1
270 609 257 744 18
609 535 227 988 2
535 542 5 826 1
542 178 168 951 1
178 1 304 861 20
1 751 694 952 57
751 170 146 966 1
170 307 430 977 5
307 283 9 828 1
283 512 764 859 1
512 443 656 809 4
443 961 277 968 3
961 292 772 988 5
292 591 694 869 1
591 654 1 823 2
654 663 210 855 1
663 877 463 830 5
877 893 713 929 1
893 46 762 885 1
46 701 579 914 23
701 613 834 904 4
613 752 527 878 2
752 473 827 957 66
473 599 345 961 1
599 647 591 938 17
647 530 659 986 1
530 38 583 972 24
38 998 850 987 3
998 48 269 1000 36
284 778 3 611 1
778 488 5 514 2
488 291 4 586 60
291 752 2 727 114
752 890 44 301 1
890 477 89 320 2
477 51 95 608 26
51 163 140 512 29
163 815 85 813 57
815 420 233 766 11
420 482 118 512 48
482 540 133 733 14
540 899 9 526 2
899 38 18 481 1
38 947 67 760 57
947 171 439 982 6
171 782 225 473 2
782 918 206 956 6
918 111 69 900 124
111 620 598 718 2
620 112 265 730 59
112 12 106 927 100
12 356 706 909 6
356 478 308 880 46
478 512 524 965 52
512 790 607 992 24
790 329 399 967 12
329 21 602 973 1
21 296 986 990 4
296 156 268 995 3
156 234 799 997 3
234 699 53 999 1
699 785 816 1000 3
284 551 4 857 1
551 647 19 73 23
647 677 26 674 2
677 358 42 152 1
358 635 50 235 1
635 816 57 632 1
816 855 25 805 1
855 764 57 660 38
764 171 178 524 1
171 238 190 510 76
238 188 214 701 3
188 112 152 816 1
112 923 300 640 12
923 184 199 496 2
184 650 272 705 21
650 897 168 350 8
897 721 253 827 16
721 342 12 835 1
342 182 65 427 1
182 149 266 580 85
149 962 523 632 8
962 802 583 870 80
802 335 301 710 7
335 92 243 899 5
92 292 180 887 3
292 488 423 840 91
488 805 579 903 120
805 688 511 993 26
688 509 623 963 5
509 801 410 921 1
801 168 890 978 1
168 102 458 942 1
102 726 666 933 1
726 569 852 1000 38
569 298 777 995 27
298 62 630 996 2
62 517 778 997 6
517 406 434 1000 2
406 895 947 1000 1
284 496 1 503 4
496 903 3 911 1
903 537 101 191 1
537 869 129 195 10
869 872 90 314 3
872 455 149 255 6
455 949 213 485 1
949 606 159 336 1
606 781 34 551 4
781 130 177 482 4
130 794 15 378 1
794 805 131 771 1
805 266 119 285 1
266 34 1 831 54
34 583 222 506 1
583 968 218 833 29
968 480 156 776 64
480 252 95 633 54
252 594 211 593 4
594 222 153 834 29
222 430 482 616 8
430 77 219 851 9
77 494 236 588 74
494 45 556 698 45
45 232 140 844 13
232 164 486 974 8
164 684 258 804 25
684 937 557 860 5
937 970 26 747 8
970 792 539 710 1
792 967 331 717 2
967 595 37 771 1
595 621 161 959 18
621 566 739 918 20
566 815 271 953 123
815 284 705 946 7
284 393 712 898 4
393 617 82 1000 1
617 263 382 933 2
263 604 799 958 1
604 616 404 949 2
616 803 705 954 30
803 569 19 977 4
569 858 495 989 26
858 453 7 969 1
453 287 425 985 4
287 690 232 982 9
690 128 933 989 13
128 509 607 995 3
509 531 479 999 9
531 114 38 999 1
114 402 372 1000 1
284 625 2 267 1
625 310 5 685 2
310 465 104 721 4
465 37 118 381 21
37 197 39 260 6
197 111 44 359 4
111 819 6 571 2
819 779 152 926 1
779 729 201 329 15
729 43 202 996 7
43 262 234 533 2
262 485 65 616 32
485 503 166 614 1
503 836 121 995 38
836 595 149 480 3
595 70 164 434 1
70 743 35 669 4
743 618 189 929 15
618 781 174 927 59
781 752 29 922 2
752 30 128 568 2
30 125 325 414 9
125 213 448 735 3
213 451 41 816 1
451 781 245 758 119
781 171 129 810 1
171 347 223 906 107
347 220 629 788 38
220 823 655 868 3
823 108 711 726 4
108 538 575 830 2
538 10 618 731 2
10 626 322 747 5
626 882 8 798 40
882 701 512 821 27
701 970 332 818 2
970 555 78 885 1
555 930 666 989 7
930 334 756 940 30
334 639 203 876 12
639 120 192 928 62
120 529 919 996 58
529 76 558 991 1
76 797 939 981 2
797 410 98 983 3
410 114 827 993 1
114 105 108 990 1
105 12 1 992 2
12 729 14 996 2
729 287 946 999 5
287 139 994 998 1
139 726 444 1000 4
726 574 80 1000 1
284 792 44 227 4
792 192 3 514 6
192 748 55 155 21
748 356 62 745 1
356 42 59 717 38
42 119 111 625 26
119 852 96 625 28
852 810 106 542 5
810 714 162 291 1
714 904 260 339 28
904 607 240 554 45
607 155 89 779 1
155 858 170 660 6
858 174 147 761 1
174 434 252 567 2
434 649 198 902 1
649 524 352 886 10
524 542 243 458 39
542 914 81 502 7
914 937 295 606 1
937 21 473 646 16
21 29 428 876 30
29 938 96 934 2
938 571 271 788 3
571 152 143 856 4
152 276 134 851 7
276 970 308 827 16
970 751 364 934 3
751 408 527 565 2
408 768 439 685 4
768 450 512 602 1
450 73 431 748 1
73 122 363 840 2
122 362 463 852 3
362 258 356 648 1
258 663 78 671 7
663 696 283 795 34
696 688 59 751 5
688 361 457 824 1
361 383 588 712 96
383 354 128 955 3
354 521 120 920 15
521 986 595 736 3
986 74 15 954 10
74 205 826 901 58
205 102 424 944 7
102 677 386 999 2
677 395 83 956 1
395 135 276 918 3
135 3 702 974 3
3 904 141 1000 8
904 705 825 964 54
705 830 507 985 21
830 744 106 995 1
744 815 956 993 2
815 457 942 999 11
457 940 166 999 1
940 538 366 999 1
538 764 487 1000 1
284 97 1 199 13
97 889 2 288 41
889 164 74 612 4
164 202 59 624 106
202 3 188 205 5
3 747 62 991 4
747 12 80 714 10
12 510 31 961 2
510 434 128 812 8
434 148 29 816 8
148 1 17 390 2
1 154 149 927 4
154 609 146 274 31
609 83 121 860 1
83 918 242 558 86
918 223 37 541 57
223 928 21 488 14
928 926 492 708 4
926 190 150 703 1
190 652 475 617 4
652 805 241 604 10
805 514 413 704 1
514 411 231 972 122
411 412 194 970 40
412 482 139 774 21
482 143 129 888 42
143 816 559 927 25
816 270 167 985 4
270 298 286 861 3
298 137 731 855 1
137 663 9 863 1
663 103 6 873 4
103 446 499 940 24
446 228 260 940 56
228 501 863 974 58
501 757 691 942 1
757 969 493 989 42
969 953 321 997 28
953 469 825 998 4
469 950 386 1000 2
950 581 256 1000 2
284 52 53 921 3
52 569 48 413 4
569 728 42 521 12
728 768 114 612 15
768 329 75 869 3
329 92 59 844 35
92 905 137 993 1
905 117 16 905 1
117 338 137 507 1
338 662 24 712 1
662 995 103 890 2
995 470 141 651 3
470 10 105 467 1
10 639 16 718 3
639 982 175 226 20
982 579 47 347 1
579 930 52 769 47
930 875 111 325 13
875 466 125 604 1
466 471 82 731 1
471 345 238 496 2
345 612 312 507 2
612 507 273 830 4
507 102 17 648 4
102 436 261 794 33
436 156 299 481 1
156 528 18 455 1
528 210 199 973 18
210 867 92 478 6
867 680 263 585 32
680 544 107 641 115
544 426 483 940 6
426 730 88 883 52
730 985 211 819 100
985 112 113 825 1
112 959 42 750 1
959 470 627 878 23
470 672 436 981 48
284 189 1 699 16
189 394 2 149 1
394 393 47 361 4
393 665 32 714 1
665 75 46 493 16
75 203 43 748 1
203 210 35 718 9
210 259 24 180 32
259 773 103 993 5
773 452 73 612 97
452 571 79 369 6
571 772 109 933 8
772 102 177 262 4
102 526 352 651 1
526 498 176 596 110
498 403 399 735 19
403 295 273 869 22
295 123 626 724 25
123 838 572 956 1
838 591 131 950 5
591 204 528 957 1
204 73 143 879 62
73 29 647 813 27
29 119 117 789 5
119 484 44 846 1
484 236 131 772 4
236 911 389 855 3
911 338 549 862 18
338 987 262 968 100
987 43 694 917 3
43 897 91 957 11
897 139 239 968 11
139 921 533 923 6
921 782 555 919 1
782 278 383 962 51
278 797 692 996 32
797 916 968 997 1
916 68 923 1000 1
68 460 513 999 2
460 691 318 1000 2
691 13 906 1000 1
284 188 1 689 2
188 948 2 921 2
948 955 7 929 35
955 899 43 771 11
899 323 15 77 3
323 240 109 638 14
240 615 4 650 1
615 454 123 166 4
454 487 67 703 2
487 279 127 845 1
279 666 12 495 3
666 158 105 357 8
158 567 4 958 42
567 259 48 482 26
259 109 220 803 51
109 27 42 998 1
27 35 201 344 1
35 91 214 760 1
91 650 42 323 1
650 10 133 336 1
10 612 168 732 26
612 649 19 434 8
649 173 57 955 1
173 223 98 537 29
223 333 46 933 7
333 339 322 501 7
339 200 115 883 6
200 305 325 530 46
305 182 362 631 47
182 648 132 981 124
648 570 552 662 2
570 609 455 866 1
609 78 244 702 8
78 914 375 665 1
914 699 13 974 76
699 337 406 930 4
337 556 250 683 9
556 398 75 865 1
398 929 456 732 9
929 346 6 702 9
346 736 522 849 19
736 804 747 848 2
804 357 657 817 1
357 709 456 781 2
709 654 603 838 55
654 469 190 945 3
469 756 702 908 57
756 533 1 941 60
533 506 897 995 4
506 343 359 947 5
343 880 713 977 1
880 835 465 965 1
835 641 603 982 41
641 962 227 988 8
962 748 401 1000 13
284 152 51 246 7
152 748 40 720 29
748 98 17 622 2
98 906 65 936 2
906 490 92 872 1
490 90 54 559 14
90 357 68 250 12
357 421 144 461 1
421 803 23 684 16
803 934 225 886 4
934 560 179 493 3
560 732 232 311 16
732 470 93 609 7
470 115 8 325 1
115 109 291 946 1
109 110 189 504 1
110 947 151 620 1
947 949 264 921 125
949 608 357 770 1
608 462 68 998 21
462 897 87 552 4
897 410 116 987 1
410 663 292 593 103
663 492 280 748 82
492 460 609 886 4
460 708 599 945 1
708 781 573 959 79
781 918 527 851 8
918 92 649 802 7
92 575 27 910 7
575 492 768 901 16
492 772 146 918 9
772 67 141 986 31
67 721 405 896 15
721 422 85 994 1
422 173 53 945 23
173 697 640 984 37
697 266 641 961 4
266 93 637 910 2
93 508 349 971 1
508 308 266 950 4
308 131 185 970 45
131 633 433 981 10
633 868 983 990 5
868 11 249 997 2
11 515 570 997 2
515 447 179 1000 8
284 773 27 395 1
773 354 40 286 51
354 165 39 767 111
165 719 184 899 8
719 308 39 798 1
308 639 104 839 4
639 673 162 271 1
673 45 29 967 32
45 155 217 692 31
155 737 241 641 6
737 57 71 953 90
57 416 57 714 1
416 55 283 421 11
55 581 270 605 4
581 445 44 681 10
445 83 7 832 24
83 532 316 610 30
532 128 431 664 27
128 636 337 998 41
636 555 321 738 41
555 627 341 964 5
627 204 4 601 1
204 934 416 853 3
934 293 488 835 6
293 45 225 696 4
45 231 523 784 72
231 562 187 826 1
562 597 260 845 26
597 657 39 806 2
657 265 277 787 2
265 970 425 805 1
970 210 327 900 3
210 848 37 978 31
848 154 383 763 21
154 81 766 885 14
81 491 707 975 93
491 847 785 906 11
847 626 537 937 4
626 759 182 923 1
759 592 814 918 16
592 189 529 940 1
189 310 34 918 8
310 535 874 932 7
535 792 130 947 13
792 507 819 984 1
507 390 167 972 9
390 328 320 981 2
328 162 930 984 6
162 110 687 982 3
110 197 389 984 21
197 428 866 997 1
428 998 823 978 1
998 188 586 999 12
188 657 472 993 1
657 239 754 993 2
239 167 404 999 2
167 463 400 1000 2
463 697 556 999 2
697 717 650 1000 1
284 207 2 916 2
207 793 30 822 10
793 897 99 402 2
897 964 2 997 9
964 254 84 393 60
254 304 63 808 32
304 605 317 955 56
605 683 95 420 1
683 413 178 949 5
413 535 340 513 1
535 445 38 675 1
445 451 152 702 23
451 751 74 679 1
751 417 362 457 1
417 425 366 767 1
425 619 360 617 7
619 301 153 907 8
301 44 137 795 2
44 275 539 949 1
275 585 125 786 10
585 4 243 846 6
4 543 490 920 2
543 434 585 976 4
434 597 639 774 19
597 84 188 880 1
84 124 205 911 1
124 885 592 740 1
885 414 534 731 2
414 117 366 722 16
117 784 420 979 1
784 414 426 927 12
414 132 174 998 60
132 881 138 903 7
881 895 631 985 1
895 901 690 765 4
901 514 848 994 6
514 271 678 935 2
271 739 374 941 2
739 671 443 879 1
671 665 75 866 1
665 135 139 980 1
135 391 544 948 18
391 431 139 893 7
431 999 503 951 31
999 958 858 938 19
958 258 146 990 13
258 419 71 960 5
419 357 264 994 10
357 681 396 988 1
681 320 92 996 26
320 671 228 999 6
671 161 758 1000 3
284 303 5 703 2
303 429 57 668 29
429 700 73 751 18
700 154 78 983 6
154 717 91 419 2
717 764 127 234 15
764 92 23 938 4
92 411 110 864 22
411 816 55 570 3
816 692 234 913 3
692 218 8 905 2
218 435 175 998 27
435 108 58 770 121
108 294 182 518 74
294 738 145 769 17
738 719 325 954 120
719 265 13 689 1
265 858 237 834 42
858 559 584 889 1
559 588 415 953 6
588 119 357 823 28
119 178 701 870 13
178 94 200 946 6
94 976 56 917 5
976 41 384 804 1
41 806 452 813 38
806 16 711 951 2
16 509 390 948 1
509 8 748 865 1
8 877 724 802 16
877 422 73 973 23
422 591 380 939 2
591 27 176 981 14
27 727 398 883 2
727 139 643 996 1
139 167 130 937 1
167 712 602 903 30
712 331 306 984 2
331 261 814 948 53
261 869 595 960 4
869 997 311 982 3
997 781 886 998 6
781 82 845 940 6
82 834 194 981 4
834 966 427 996 21
966 921 421 970 2
921 801 154 986 2
801 240 176 981 18
240 930 982 986 2
930 119 845 1000 16
284 457 14 866 1
457 37 6 305 10
37 637 7 307 4
637 705 29 178 9
705 478 94 498 22
478 955 68 305 44
955 510 10 563 90
510 550 154 445 63
550 837 156 844 2
837 961 304 631 124
961 814 20 675 1
814 991 279 840 54
991 196 151 776 7
196 479 176 590 40
479 935 152 973 13
935 215 187 733 1
215 894 97 689 74
894 836 226 854 1
836 43 154 942 1
43 466 298 901 1
466 411 91 790 31
411 47 307 833 78
47 606 531 807 2
606 187 750 940 81
187 201 339 965 7
201 952 799 975 10
952 127 300 942 1
127 234 655 920 16
234 906 380 949 38
906 175 75 929 4
175 496 860 928 1
496 730 810 949 1
730 459 167 957 3
459 873 241 931 8
873 647 878 999 1
647 653 753 956 1
653 45 313 996 1
45 506 843 1000 1
506 289 448 990 1
289 308 794 951 2
308 993 511 984 10
993 925 786 999 2
925 828 356 965 24
828 120 762 982 3
120 798 608 980 12
798 135 331 990 3
135 726 166 988 1
726 204 238 990 5
204 126 891 993 3
126 152 557 1000 10
284 225 30 601 17
225 315 51 852 2
315 817 2 477 1
817 339 46 640 1
339 134 16 560 1
134 8 44 183 2
8 227 4 172 12
227 472 38 620 6
472 875 57 650 1
875 845 33 574 57
845 711 75 356 1
711 477 96 297 5
477 402 88 745 13
402 338 139 657 1
338 651 58 311 10
651 124 134 489 2
124 774 294 417 15
774 532 111 703 1
532 817 146 906 102
817 863 68 552 4
863 407 180 425 1
407 853 136 523 2
853 551 324 481 4
551 648 189 891 110
648 248 435 728 2
248 945 518 618 3
945 236 231 839 17
236 855 481 750 1
855 255 148 613 16
255 935 1 890 24
935 146 76 793 4
146 534 254 698 2
534 93 104 816 2
93 594 58 653 1
594 198 59 917 17
198 964 30 948 10
964 447 194 874 1
447 197 451 689 1
197 921 48 641 2
921 752 63 904 80
752 259 314 790 2
259 55 135 980 17
55 89 355 922 1
89 509 719 971 1
509 589 554 823 30
589 569 60 845 1
569 574 722 924 2
574 835 300 918 120
835 307 48 997 54
307 634 871 982 10
634 682 98 968 3
682 847 764 996 33
847 239 254 1000 2
239 746 128 1000 8
284 909 2 780 1
909 162 62 650 3
162 411 61 331 1
411 125 95 154 1
125 377 59 715 1
377 515 95 844 1
515 68 109 704 6
68 248 40 237 1
248 34 110 810 4
34 17 154 775 1
17 905 106 701 3
905 475 49 957 10
475 684 159 898 64
684 597 12 455 1
597 303 250 599 94
303 353 184 928 5
353 923 346 856 15
923 560 210 755 2
560 677 205 954 28
677 338 86 841 2
338 452 347 843 39
452 66 432 715 11
66 288 541 828 52
288 349 82 683 5
349 77 529 886 46
77 872 216 971 4
872 52 287 779 25
52 221 472 814 5
221 780 647 757 1
780 424 321 962 41
424 523 496 982 12
523 200 246 957 1
200 365 515 961 61
365 123 314 974 14
123 769 656 902 1
769 935 385 893 36
935 400 829 914 5
400 121 427 913 4
121 29 354 927 43
29 182 357 959 3
182 423 416 958 2
423 317 858 918 7
317 603 363 950 12
603 44 134 964 1
44 173 837 992 49
173 26 666 997 13
26 24 613 1000 12
24 518 590 999 1
518 94 286 999 2
94 646 799 1000 1
284 72 1 196 2
72 45 5 520 114
45 619 129 996 8
619 146 101 274 12
146 193 119 527 1
193 981 119 862 1
981 348 36 242 31
348 720 140 611 34
720 313 85 954 19
313 630 18 709 1
630 613 181 853 3
613 599 12 768 7
599 819 180 946 3
819 274 174 947 30
274 763 23 495 1
763 924 101 288 4
924 746 82 601 2
746 634 245 678 40
634 446 7 922 3
446 414 284 935 11
414 290 19 601 1
290 959 313 741 1
959 798 124 749 16
798 210 34 546 4
210 987 193 828 1
987 643 338 551 119
643 458 420 778 5
458 810 76 672 47
810 483 592 681 1
483 886 28 962 42
886 752 275 843 43
752 372 167 805 3
372 362 509 998 34
362 237 688 927 2
237 465 182 896 2
465 474 511 759 2
474 775 646 934 4
775 558 104 941 1
558 791 573 850 7
791 137 677 933 5
137 214 169 780 21
214 91 459 925 1
91 369 415 912 3
369 526 304 930 4
526 486 777 994 1
486 132 308 964 116
132 952 546 921 24
952 58 274 994 63
58 716 389 988 6
716 82 779 999 8
82 582 808 998 1
582 173 157 1000 3
173 377 164 1000 1
284 104 22 320 23
104 569 19 126 1
569 756 41 833 1
756 636 7 717 1
636 670 44 403 22
670 111 67 375 1
111 300 13 199 1
300 649 52 876 49
649 151 116 930 1
151 626 26 347 4
626 121 15 722 17
121 243 199 945 23
243 227 73 710 1
227 497 194 480 11
497 803 130 933 95
803 911 118 655 2
911 214 69 905 1
214 336 40 563 6
336 233 318 644 17
233 245 176 445 23
245 242 76 975 4
242 252 236 427 1
252 83 43 782 38
83 602 423 875 123
602 605 79 625 8
605 670 337 614 13
670 509 40 754 2
509 918 358 922 21
918 476 41 957 2
476 868 325 661 5
868 810 568 843 2
810 558 203 924 31
558 972 144 706 1
972 870 74 964 118
870 996 651 768 2
996 107 2 827 11
107 1000 767 830 3
1000 78 110 842 61
78 525 814 888 1
525 163 811 951 9
163 622 264 889 13
622 767 301 955 49
767 446 467 964 12
446 954 132 978 61
954 635 737 997 4
635 301 27 998 4
301 276 610 997 8
276 564 607 998 1
564 636 472 999 3
636 123 469 1000 2
123 701 512 1000 2
284 449 46 578 8
449 698 46 964 59
698 69 77 478 6
69 723 34 208 1
723 615 40 609 1
615 16 92 498 5
16 664 25 848 6
664 687 167 386 12
687 896 33 349 6
896 554 122 859 2
554 270 59 362 28
270 255 162 453 2
255 836 24 357 16
836 760 78 255 1
760 246 116 480 2
246 835 75 376 8
835 202 266 515 15
202 879 40 401 17
879 715 201 1000 13
715 949 268 594 2
949 237 161 666 12
237 851 203 924 21
851 549 132 856 7
549 311 49 653 24
311 316 353 564 1
316 693 103 532 21
693 511 145 760 54
511 400 108 700 120
400 119 406 943 3
119 912 606 979 1
912 423 121 814 1
423 329 8 966 1
329 493 522 756 62
493 258 310 903 3
258 568 676 720 2
568 823 66 950 1
823 685 422 919 5
685 20 432 851 1
20 750 641 993 4
750 714 177 922 6
714 141 491 717 13
141 308 454 769 2
308 526 101 862 1
526 839 678 888 22
839 29 508 850 11
29 422 148 786 5
422 350 663 987 10
350 853 567 879 2
853 495 630 951 2
495 579 668 882 2
579 932 357 878 1
932 429 190 927 1
429 599 555 792 1
599 13 376 842 6
13 343 522 903 1
343 339 56 968 7
339 971 325 803 1
971 910 791 929 11
910 746 548 959 1
746 829 6 926 70
829 212 252 981 1
212 597 411 954 1
597 970 331 901 3
970 100 169 926 9
100 747 788 918 31
747 401 245 997 3
401 254 63 962 3
254 587 8 962 9
587 923 363 979 1
923 682 432 977 7
682 811 615 977 4
811 239 963 1000 37
284 576 1 750 55
576 144 42 141 26
144 53 72 534 117
53 581 19 692 42
581 816 339 978 1
816 364 192 611 58
364 439 300 623 1
439 984 206 898 44
984 46 424 702 3
46 282 399 940 1
282 628 393 798 108
628 591 125 588 1
591 106 278 562 2
106 970 406 572 1
970 687 64 711 4
687 207 451 820 1
207 504 126 880 1
504 131 545 697 1
131 72 84 888 18
72 583 238 813 1
583 99 205 762 2
99 179 112 641 9
179 901 74 724 20
901 314 101 809 28
314 340 138 667 16
340 408 191 825 5
408 550 326 841 3
550 903 187 717 1
903 846 322 935 1
846 116 411 873 2
116 539 648 981 8
539 994 238 869 39
994 884 281 816 4
884 99 304 974 1
99 995 646 958 56
995 780 589 952 1
780 331 458 874 3
331 304 226 946 2
304 707 669 844 16
707 710 633 935 1
710 521 681 896 2
521 990 683 991 14
990 410 782 855 3
410 457 17 928 4
457 1000 72 959 23
1000 2 371 991 19
2 574 494 990 119
574 84 607 993 4
84 655 267 995 2
655 780 527 998 2
780 44 284 998 2
44 68 868 999 2
68 821 636 1000 1
284 396 1 543 1
396 417 2 540 70
417 467 17 883 1
467 756 72 392 9
756 863 6 759 3
863 841 113 578 6
841 230 25 133 1
230 78 5 328 121
78 562 245 828 40
562 784 20 564 3
784 28 122 400 11
28 692 257 921 12
692 542 33 481 38
542 637 183 971 4
637 82 332 496 53
82 56 176 432 1
56 64 26 834 7
64 675 242 630 1
675 468 410 733 2
468 824 93 923 9
824 90 211 796 2
90 250 39 844 16
250 547 311 813 1
547 176 204 488 1
176 893 416 920 53
893 941 588 980 108
941 122 434 953 80
122 175 22 875 2
175 87 646 893 2
87 806 347 973 2
806 618 704 903 79
618 888 454 994 67
888 72 866 989 9
72 827 425 991 52
827 23 347 994 4
23 899 304 998 2
899 750 477 1000 3
750 236 368 1000 1
236 750 322 1000 1
284 314 1 993 4
314 136 17 583 17
136 683 42 58 2
683 210 39 508 44
210 778 5 804 24
778 861 76 932 1
861 186 26 199 1
186 671 82 618 13
671 350 4 810 3
350 40 102 514 1
40 357 143 424 4
357 680 99 408 2
680 381 63 740 2
381 471 28 187 3
471 794 84 966 12
794 311 93 712 43
311 946 38 519 12
946 498 141 681 1
498 785 123 832 31
785 299 369 583 4
299 117 43 411 12
117 719 211 403 3
719 116 198 962 8
116 659 22 673 33
659 852 18 443 1
852 812 52 659 10
812 251 52 815 25
251 1000 433 706 4
1000 742 172 763 1
742 347 189 862 23
347 692 290 770 1
692 773 496 668 1
773 70 255 676 2
70 859 333 803 1
859 516 28 848 2
516 445 395 607 1
445 928 289 680 42
928 678 306 586 4
678 814 142 972 1
814 537 249 863 1
537 738 370 748 19
738 231 563 778 3
231 929 45 864 2
929 603 250 954 9
603 644 111 675 15
644 426 194 760 1
426 236 320 931 1
236 185 40 983 1
185 944 430 673 1
944 577 477 963 4
577 254 205 674 1
254 732 448 829 16
732 215 154 873 1
215 176 437 851 6
176 707 350 792 6
707 616 334 983 1
616 870 58 880 9
870 122 408 722 22
122 154 637 740 1
154 160 165 984 4
160 64 675 691 3
64 25 480 813 13
25 168 608 827 2
168 551 228 997 2
551 938 149 829 28
938 282 680 865 55
282 497 60 919 1
497 145 459 870 7
145 37 226 894 82
37 906 185 937 1
906 569 262 973 26
569 582 893 938 4
582 753 275 994 91
753 989 823 992 2
989 786 550 999 7
786 177 717 1000 1
284 366 14 482 1
366 592 12 631 1
592 743 8 117 1
743 563 20 570 2
563 630 3 145 2
630 823 25 110 74
823 920 12 319 1
920 801 1 133 2
801 505 95 944 1
505 916 24 752 116
916 809 188 931 1
809 788 193 905 7
788 369 190 448 14
369 91 179 825 97
91 98 148 869 119
98 929 352 493 4
929 97 41 622 1
97 182 449 771 1
182 138 189 869 60
138 371 277 902 16
371 253 175 821 4
253 274 402 781 6
274 835 296 684 10
835 901 20 664 2
901 778 111 678 15
778 758 451 875 6
758 275 468 761 21
275 362 371 819 15
362 252 272 926 103
252 498 544 783 1
498 804 261 815 1
804 275 526 893 18
275 3 600 780 6
3 869 347 959 1
869 976 318 830 11
976 819 535 852 54
819 91 89 919 8
91 364 580 975 2
364 936 297 919 17
936 323 149 993 1
323 103 115 898 15
103 183 549 903 3
183 783 524 884 1
783 799 474 929 2
799 754 570 968 101
754 812 784 990 6
812 361 167 998 26
361 153 39 999 2
153 746 709 1000 3
284 696 68 516 2
696 814 18 127 3
814 393 30 490 1
393 486 40 530 1
486 508 13 150 10
508 916 106 871 60
916 861 128 674 1
861 687 103 294 58
687 227 113 721 1
227 967 65 608 4
967 707 44 691 111
707 631 265 565 2
631 854 221 889 30
854 965 268 443 31
965 381 312 927 45
381 843 262 520 4
843 907 83 485 31
907 328 235 827 4
328 993 482 648 97
993 175 539 955 26
175 404 52 989 14
404 600 267 836 1
600 978 272 968 2
978 723 632 759 1
723 294 140 737 19
294 802 36 834 1
802 863 81 963 3
863 127 522 721 1
127 462 226 783 7
462 76 78 738 4
76 426 620 736 4
426 761 196 924 1
761 104 741 765 10
104 808 331 912 1
808 282 435 810 2
282 434 280 851 19
434 744 474 900 1
744 603 643 863 1
603 247 145 837 1
247 5 502 932 1
5 532 671 928 13
532 198 403 828 4
198 77 149 888 7
77 995 800 868 1
995 24 114 944 2
24 474 577 924 5
474 790 453 858 1
790 479 621 988 36
479 517 440 1000 67
517 979 394 969 5
979 872 712 926 1
872 969 670 933 4
969 5 93 947 1
5 212 669 969 2
212 286 65 973 2
286 946 521 998 8
946 737 878 990 8
737 320 828 963 3
320 804 302 997 48
804 714 153 997 1
714 775 480 1000 3
775 58 981 1000 1
284 180 9 936 5
180 882 2 34 1
882 859 1 829 71
859 612 83 448 106
612 482 104 875 5
482 431 77 798 1
431 748 155 998 11
748 51 199 247 10
51 240 24 1000 5
240 909 187 988 1
909 473 53 596 1
473 429 97 951 21
429 343 39 849 7
343 878 211 574 14
878 651 46 289 4
651 161 116 637 11
161 861 102 326 4
861 405 49 465 12
405 776 139 580 3
776 967 250 692 15
967 404 280 756 41
404 939 50 748 43
939 116 271 443 11
116 872 107 964 2
872 383 222 569 36
383 710 408 840 3
710 389 113 570 6
389 918 74 958 5
918 498 286 922 2
498 524 145 743 1
524 665 390 991 15
665 192 504 874 2
192 645 323 884 32
645 39 57 691 127
39 983 664 759 1
983 291 168 846 1
291 244 545 740 3
244 68 693 737 19
68 139 330 918 2
139 288 393 811 1
288 15 57 854 115
15 985 574 917 1
985 69 494 884 1
69 536 17 924 1
536 692 456 893 2
692 765 392 851 4
765 848 547 871 14
848 409 140 989 3
409 215 643 985 55
215 823 380 972 43
823 697 79 999 44
697 974 419 1000 2
284 214 5 551 5
214 541 28 602 1
284 672
