18 55 100 101
7 13 101
11 15 101
2 3 100
5 10 101
14 16 101
5 14 101
4 5 101
4 6 101
8 14 101
10 17 101
10 18 101
11 16 101
3 10 101
8 15 101
16 18 101
17 18 100
4 8 101
3 11 101
13 14 101
6 14 101
2 13 101
9 13 101
4 11 101
12 14 101
5 17 101
7 11 101
4 14 101
5 11 101
11 13 101
8 9 100
3 6 101
4 10 101
1 3 101
10 13 101
6 17 101
14 15 101
7 14 101
5 16 101
12 16 101
15 16 100
6 7 100
1 7 101
3 13 101
8 17 101
1 2 100
9 11 101
6 13 101
12 18 101
9 14 101
8 10 101
11 12 101
6 10 101
4 15 101
4 16 101
12 15 101
