70 185 999 1000
55 56 999
53 60 1000
14 47 1000
35 59 1000
21 53 1000
63 64 999
60 66 1000
25 34 1000
57 58 999
47 58 1000
14 34 1000
1 49 1000
11 13 999
16 26 1000
36 37 999
4 34 1000
36 48 1000
51 57 1000
42 64 1000
2 3 999
40 41 999
21 56 1000
3 47 1000
9 51 1000
53 56 999
15 20 1000
27 65 1000
4 6 999
38 42 1000
2 59 1000
22 58 1000
16 18 999
8 60 1000
10 43 1000
47 48 1000
28 40 1000
4 22 1000
1 2 999
14 41 1000
24 61 1000
46 69 1000
60 61 999
28 30 999
66 67 999
33 69 1000
14 57 1000
13 67 1000
67 70 1000
9 37 1000
42 45 1000
49 55 1000
9 65 1000
50 62 1000
20 58 1000
11 57 1000
21 22 999
24 27 1000
53 55 999
16 55 1000
38 39 999
54 56 1000
50 52 999
56 64 1000
4 31 1000
53 54 999
32 33 999
15 34 1000
31 38 1000
49 62 1000
10 22 1000
5 39 1000
22 45 1000
66 68 999
32 44 1000
36 54 1000
7 9 1000
46 48 999
8 58 1000
45 55 1000
10 12 999
18 45 1000
33 35 1000
50 51 999
16 17 999
5 6 999
35 54 1000
32 65 1000
46 47 999
20 24 1000
22 63 1000
49 50 1000
29 31 1000
30 34 1000
49 57 1000
33 49 1000
2 65 1000
48 49 1000
4 5 999
14 68 1000
17 22 1000
16 40 1000
6 42 1000
6 20 1000
8 65 1000
23 38 1000
68 70 999
4 7 999
23 24 999
20 43 1000
2 26 1000
38 62 1000
35 55 1000
15 24 1000
10 11 999
18 27 1000
24 51 1000
39 65 1000
14 21 1000
66 69 999
25 42 1000
22 25 1000
12 20 1000
35 61 1000
14 38 1000
23 48 1000
49 52 1000
42 51 1000
26 49 1000
32 34 999
24 57 1000
21 66 1000
38 43 1000
33 62 1000
4 49 1000
34 66 1000
19 20 999
44 50 1000
44 62 1000
66 70 999
22 54 1000
25 26 999
6 64 1000
29 37 1000
59 66 1000
57 59 999
28 29 999
26 42 1000
24 65 1000
19 43 1000
44 60 1000
2 52 1000
49 51 1000
14 15 999
37 38 1000
25 53 1000
10 65 1000
4 51 1000
4 64 1000
24 28 1000
10 13 999
1 46 1000
25 27 999
42 43 999
44 45 999
34 49 1000
36 63 1000
5 7 999
17 53 1000
51 58 1000
23 42 1000
60 62 999
15 48 1000
29 42 1000
28 55 1000
12 42 1000
23 47 1000
42 63 1000
28 31 999
31 55 1000
1 20 1000
58 62 1000
26 27 999
1 3 1000
8 9 999
9 48 1000
