70 190 100 150
58 65 150
42 61 150
24 25 100
54 56 100
25 44 150
8 62 150
13 26 150
44 52 150
2 24 150
9 24 150
5 7 100
23 30 150
33 44 150
19 20 100
51 52 100
8 25 150
13 19 150
21 41 150
3 19 150
8 41 150
26 31 150
36 67 150
41 67 150
56 57 100
23 33 150
17 70 150
19 41 150
27 43 150
3 53 150
33 41 150
25 58 150
20 52 150
1 3 150
31 44 150
27 58 150
9 39 150
4 5 100
1 14 150
10 11 100
24 28 150
26 27 100
23 24 150
47 61 150
53 55 100
27 59 150
16 33 150
35 54 150
63 64 150
24 41 150
8 9 100
53 66 150
38 43 150
40 51 150
59 60 150
16 17 150
65 67 100
39 49 150
12 53 150
11 37 150
3 25 150
27 41 150
29 32 100
37 42 150
14 45 150
20 37 150
23 27 150
35 36 100
22 39 150
8 61 150
13 14 100
22 42 150
5 33 150
26 32 150
42 43 100
22 27 150
39 40 100
28 30 100
40 60 150
3 44 150
8 23 150
33 34 100
9 68 150
35 38 100
64 65 100
15 25 150
27 50 150
49 52 150
24 56 150
19 47 150
26 43 150
42 47 150
3 20 150
37 48 150
45 48 100
60 62 100
44 57 150
23 44 150
46 47 100
29 52 150
8 66 150
68 69 100
8 13 150
36 37 100
5 9 150
28 70 150
20 24 150
1 70 150
16 18 100
3 55 150
26 41 150
41 56 150
62 70 150
45 46 100
41 43 150
22 23 100
13 51 150
19 21 100
36 47 150
39 46 150
3 70 150
29 31 100
1 15 150
4 13 150
19 44 150
53 54 100
24 63 150
4 27 150
20 59 150
39 41 150
1 52 150
42 69 150
34 35 150
63 66 100
18 37 150
24 43 150
2 28 150
4 37 150
9 44 150
1 63 150
13 17 150
17 53 150
24 62 150
13 45 150
10 45 150
3 13 150
24 58 150
20 66 150
17 31 150
17 59 150
26 34 150
16 57 150
8 20 150
1 2 100
34 66 150
4 6 100
15 24 150
63 67 100
23 49 150
23 34 150
44 58 150
23 26 150
27 68 150
15 62 150
43 54 150
8 69 150
5 39 150
23 55 150
28 31 100
50 51 100
17 18 100
19 55 150
61 62 100
30 39 150
2 3 100
11 12 100
16 42 150
16 23 150
52 54 150
46 69 150
24 39 150
14 15 150
8 44 150
13 15 100
58 59 100
23 37 150
41 45 150
10 44 150
69 70 100
49 50 100
14 70 150
