70 200 3 4
3 68 4
37 48 4
18 45 4
63 70 4
48 67 4
28 66 4
23 65 4
21 23 3
9 11 3
40 51 4
18 23 4
42 44 3
28 64 4
59 68 4
31 66 4
2 63 4
20 27 4
5 61 4
58 70 4
40 65 4
2 18 4
41 45 4
44 62 4
12 65 4
30 63 4
43 66 4
4 6 4
15 61 4
1 2 3
10 12 3
21 22 3
12 67 4
32 38 4
52 64 4
61 62 4
45 46 3
55 56 3
59 69 4
33 48 4
47 48 3
35 69 4
37 40 3
39 65 4
46 48 3
2 41 4
1 61 4
2 3 3
14 68 4
35 67 4
38 70 4
5 6 3
18 65 4
27 28 3
21 47 4
1 69 4
17 62 4
39 40 3
29 31 3
25 27 3
17 20 3
6 70 4
11 62 4
57 59 3
36 49 4
58 65 4
36 40 4
23 69 4
47 62 4
34 69 4
49 69 4
22 69 4
58 64 4
51 61 4
1 3 4
48 68 4
60 66 4
60 62 4
64 67 4
41 70 4
7 49 4
22 24 3
57 60 3
26 40 4
56 58 4
50 70 4
13 14 3
33 34 3
14 27 4
16 26 4
3 4 4
53 65 4
34 36 3
25 63 4
49 61 4
41 43 3
55 68 4
9 45 4
63 65 4
67 69 4
38 39 4
16 41 4
41 65 4
34 63 4
57 58 4
38 40 4
7 8 3
6 65 4
37 41 4
8 31 4
26 68 4
22 59 4
6 46 4
12 47 4
52 70 4
28 56 4
19 62 4
59 65 4
7 47 4
45 69 4
26 69 4
35 65 4
56 60 4
21 60 4
26 28 3
36 66 4
47 63 4
17 66 4
62 70 4
63 68 4
2 4 3
10 68 4
33 55 4
35 36 3
53 55 3
8 69 4
27 62 4
1 4 4
42 70 4
13 16 3
4 66 4
66 67 4
5 12 4
2 61 4
34 70 4
19 58 4
20 68 4
46 51 4
18 70 4
24 46 4
37 66 4
41 42 3
37 57 4
63 67 4
50 63 4
27 49 4
4 61 4
25 69 4
37 38 3
62 67 4
49 70 4
20 37 4
22 30 4
29 32 3
19 38 4
1 63 4
10 66 4
17 19 3
15 16 3
66 69 4
30 32 3
11 68 4
26 33 4
7 34 4
39 70 4
49 52 3
50 51 3
40 43 4
61 68 4
8 17 4
33 63 4
9 12 3
59 62 4
18 20 3
8 30 4
11 38 4
4 15 4
58 60 3
8 65 4
48 58 4
27 63 4
53 68 4
50 52 3
41 52 4
41 69 4
55 62 4
6 8 3
13 31 4
13 63 4
28 49 4
54 56 3
