1000 1000
2 535 694
3 192 727
2 314 992
3 317 734
1 182 686 5
2 81 169
2 232 534
1 832 986 1
1 39 949 1
3 71 677
3 227 372
1 165 249 25
3 126 784
2 694 740
1 407 997 23
1 59 90 13
2 292 293
1 819 964 7
1 319 999 27
2 283 830
2 3 847
2 177 365
1 100 313 16
3 188 836
1 96 789 10
1 440 716 3
2 231 884
2 118 761
2 93 292
1 137 607 23
2 196 307
3 572 917
2 73 949
3 357 795
2 241 266
2 136 489
3 630 744
2 373 915
1 604 671 24
2 583 836
3 915 924
3 804 861
1 151 293 29
3 491 736
2 565 602
2 856 904
1 408 611 26
2 48 783
2 29 910
1 196 842 17
1 381 582 22
3 80 276
1 425 718 22
3 301 326
1 325 950 11
1 212 944 19
2 28 771
3 562 754
3 610 944
3 303 393
1 359 495 19
3 71 781
1 294 620 13
3 310 376
2 809 973
2 618 675
2 279 936
1 316 976 0
1 81 269 14
3 500 749
1 223 623 3
1 89 589 11
1 126 190 4
2 842 879
3 182 361
1 595 869 12
1 242 935 9
3 273 598
3 317 555
3 311 428
1 834 841 10
1 371 971 23
1 720 963 26
2 68 660
2 563 895
3 70 590
2 32 920
3 645 789
3 240 645
3 95 797
3 170 658
3 620 946
1 584 853 29
2 621 998
2 402 506
3 151 477
3 457 843
1 149 396 10
1 302 316 21
3 400 921
3 479 880
3 254 752
2 191 299
2 179 892
2 534 564
3 124 920
3 225 263
1 192 477 15
3 342 834
1 368 452 26
2 76 336
2 453 511
2 737 860
1 389 704 27
1 7 289 1
2 98 330
1 284 856 12
1 98 194 14
3 122 530
2 815 944
2 617 898
3 360 552
3 372 680
2 33 471
1 47 151 13
3 593 777
2 882 887
2 395 648
2 355 689
3 632 863
3 579 647
1 114 572 5
2 559 616
1 269 940 24
2 644 940
2 487 631
2 184 490
1 738 828 23
3 233 617
3 836 892
1 177 718 23
2 478 508
3 681 981
1 257 831 4
1 13 374 23
3 34 804
3 603 834
1 791 858 14
2 411 649
1 366 479 3
2 427 688
2 121 337
1 801 841 19
3 146 437
1 362 986 13
2 913 927
1 332 411 24
2 840 864
1 772 827 24
1 329 603 14
2 232 850
2 92 678
2 426 444
1 344 625 3
2 21 690
2 168 614
1 218 664 16
1 52 498 1
1 492 536 6
3 159 977
1 294 970 14
3 272 607
2 768 788
3 76 904
1 180 849 9
3 248 917
2 368 600
2 234 907
3 267 709
2 206 365
1 232 370 9
3 290 413
3 549 1000
3 835 909
2 448 743
3 211 765
1 114 602 23
3 49 654
1 5 296 22
1 655 1000 3
2 653 842
3 84 960
3 256 811
1 315 511 13
2 103 436
2 291 848
2 520 953
3 473 701
1 60 587 23
3 183 425
1 44 776 11
1 164 970 25
1 47 764 18
1 189 785 27
2 711 850
2 595 596
2 158 531
2 427 619
1 883 934 7
2 139 325
2 90 833
2 307 682
3 130 819
3 88 542
1 589 688 20
2 298 478
1 735 786 19
1 282 361 10
2 345 860
2 117 470
3 519 820
1 475 764 21
2 214 1000
1 169 276 28
1 106 194 23
3 156 865
3 125 814
1 258 648 12
2 89 151
1 59 148 20
3 810 987
2 517 911
2 56 404
2 577 955
3 375 884
2 355 371
2 536 624
3 63 689
1 85 565 19
3 464 910
2 496 746
2 336 882
1 267 344 3
1 398 483 7
3 405 463
1 136 407 6
1 214 429 1
1 299 600 21
3 263 994
3 120 912
1 786 878 29
3 603 884
1 937 941 7
3 27 476
2 137 761
2 249 780
2 384 687
1 379 944 5
2 371 793
2 438 870
3 228 695
2 75 217
2 641 908
1 60 714 12
1 377 702 5
3 55 321
3 558 946
3 704 904
3 74 516
3 476 683
3 81 751
1 298 377 5
1 278 440 3
2 5 836
1 210 558 18
1 670 866 27
2 178 184
3 117 992
1 634 711 20
3 56 624
3 709 801
1 45 634 27
1 120 607 5
1 330 361 21
1 10 271 9
2 230 408
2 34 683
3 384 498
1 10 79 21
2 319 643
2 641 923
2 468 492
2 22 396
3 53 858
3 123 577
3 223 538
2 157 674
3 589 676
3 421 938
3 146 828
2 19 380
3 356 995
1 572 840 6
2 8 780
3 290 535
2 684 974
1 174 599 15
3 479 750
2 190 680
3 196 828
3 283 769
1 354 850 20
2 329 478
2 66 296
3 132 648
3 914 951
1 30 522 22
1 405 498 14
1 400 542 9
1 62 294 25
2 260 509
1 860 932 3
1 158 647 5
2 29 146
1 104 493 23
1 314 510 10
2 34 306
1 51 928 5
1 322 349 10
1 164 604 1
2 60 464
3 371 516
1 487 658 4
2 329 363
2 268 589
1 171 850 22
3 281 443
2 710 916
1 43 274 14
1 205 616 10
1 281 901 15
2 61 336
2 256 717
2 127 268
2 56 467
2 268 338
1 528 798 12
3 257 325
3 623 702
2 926 981
3 324 343
1 347 495 27
3 721 824
2 197 354
2 71 176
3 13 340
3 27 537
2 572 763
2 364 882
3 282 703
2 275 479
2 161 573
2 531 805
2 310 389
1 433 575 24
2 158 791
2 236 516
1 414 498 26
1 79 101 8
3 181 189
3 589 902
2 465 640
1 716 904 5
3 58 625
3 236 550
3 268 508
3 158 904
3 48 738
2 392 843
1 115 121 9
1 134 958 24
2 441 838
2 552 990
2 475 768
3 193 607
2 554 731
3 644 766
3 340 450
3 669 773
3 737 913
3 379 933
2 346 816
1 745 913 26
3 80 144
1 9 683 19
1 211 540 7
3 53 793
1 351 393 20
1 368 808 17
1 77 993 2
2 266 665
1 249 925 29
1 360 521 18
1 318 463 29
3 125 591
1 145 580 5
2 33 64
2 424 584
3 292 707
1 37 611 27
1 1 741 27
3 285 737
2 237 894
3 26 115
2 83 609
3 148 241
1 650 992 14
3 268 655
2 661 933
3 662 702
2 318 840
2 162 472
2 162 162
3 153 732
2 56 304
1 225 396 16
2 476 518
1 74 740 19
2 259 451
3 754 964
2 654 721
2 772 964
3 4 575
2 49 469
1 550 961 22
1 651 896 21
1 437 679 14
2 761 977
3 7 605
2 622 829
2 729 864
1 87 502 11
3 130 382
2 443 747
2 851 980
2 38 170
2 396 435
3 136 802
2 267 393
2 152 523
2 486 886
3 22 233
2 36 303
3 233 325
2 66 929
2 570 761
1 330 424 28
3 18 49
1 236 339 7
1 115 410 28
2 66 832
3 21 401
3 523 985
2 221 376
1 173 353 25
3 690 873
1 676 902 21
1 105 716 9
2 258 272
3 124 788
1 6 102 19
2 190 339
3 377 443
3 152 187
3 935 957
2 811 997
1 274 495 26
3 842 856
3 465 610
1 269 908 16
2 538 814
3 812 825
1 505 668 10
2 411 991
1 370 934 7
3 392 456
2 806 892
3 443 962
2 86 304
3 137 568
1 342 595 6
1 6 986 5
2 344 536
2 86 281
2 73 326
1 980 985 11
2 446 511
3 425 722
1 137 954 7
2 29 401
2 759 798
2 19 778
1 186 533 6
2 90 491
2 639 841
1 164 477 4
1 364 453 8
2 465 522
3 357 843
1 79 797 2
3 100 401
3 506 715
3 191 866
3 298 751
1 501 675 8
1 94 698 10
1 376 806 19
3 490 944
2 367 960
1 132 784 11
3 497 726
2 878 887
1 730 955 28
3 109 903
2 726 805
3 132 461
2 581 709
1 12 682 6
1 229 907 18
3 238 605
1 182 779 20
1 47 264 8
3 298 957
1 348 891 10
2 558 862
3 148 305
3 106 731
3 310 330
3 267 366
3 69 637
2 754 885
1 735 992 4
2 282 359
3 130 569
2 331 994
3 434 600
1 669 939 20
3 192 871
1 13 831 20
1 52 606 11
2 451 800
3 554 946
2 460 543
1 158 867 5
3 227 468
3 830 852
2 824 942
1 415 699 9
3 449 524
2 72 144
2 807 852
3 404 572
1 197 532 7
3 505 669
1 183 556 18
3 223 638
2 180 338
2 313 747
3 865 899
2 57 813
1 118 717 22
1 467 751 27
3 382 604
1 339 447 18
2 324 662
2 139 837
3 223 431
1 323 719 27
1 349 557 1
1 57 995 7
2 708 843
2 114 322
2 257 902
3 276 560
3 563 662
2 294 965
2 129 134
1 194 205 6
3 95 905
2 775 787
2 350 832
1 296 788 4
3 86 558
1 62 517 7
1 133 480 3
3 131 610
3 578 805
1 137 636 23
1 485 974 21
3 374 702
2 481 835
2 288 539
3 402 442
1 22 742 21
2 39 965
1 558 740 6
3 105 355
1 385 961 14
1 565 961 10
2 277 549
3 457 818
2 149 556
3 57 296
1 544 580 8
3 285 798
2 400 745
3 434 693
1 60 427 11
1 581 831 15
2 574 926
2 617 651
2 300 308
1 90 959 5
3 201 871
2 215 719
2 96 916
3 483 677
3 160 753
3 123 535
3 67 386
1 441 634 16
3 670 818
1 558 922 5
2 768 915
1 181 632 8
3 300 666
1 223 694 21
2 147 407
2 140 902
3 245 964
3 240 617
2 41 990
3 490 593
1 163 461 2
1 371 385 14
1 225 474 19
2 474 599
2 15 313
3 725 961
1 86 378 15
2 420 760
2 661 945
3 702 825
3 125 801
3 100 203
1 2 396 20
1 658 991 16
3 637 986
2 739 989
1 538 914 24
1 753 783 18
2 179 504
1 394 459 24
3 459 607
1 762 844 1
1 204 336 22
2 362 394
3 490 568
2 454 815
2 39 280
1 323 462 23
2 801 881
1 273 585 9
1 378 654 7
3 353 512
3 972 996
2 768 915
1 93 946 5
1 177 451 6
3 284 338
2 213 410
3 232 385
3 285 559
3 804 857
1 171 984 3
3 586 990
3 66 981
3 305 844
3 666 745
1 35 343 11
3 572 704
1 646 913 29
1 207 495 24
1 99 337 6
3 442 785
1 289 839 13
3 203 556
3 323 986
3 208 896
2 109 864
1 152 476 11
1 44 919 25
3 613 984
2 520 924
2 377 417
2 451 724
1 45 894 4
1 341 927 21
2 354 775
3 348 612
3 287 432
1 260 791 25
1 82 1000 16
1 715 923 20
2 433 773
1 181 568 1
3 346 479
1 808 944 27
2 382 813
1 832 946 9
1 138 285 11
2 184 319
2 640 962
2 76 803
2 173 402
2 122 402
2 477 844
3 576 810
2 170 822
2 661 695
2 188 443
2 158 601
2 522 904
2 112 232
2 380 410
2 199 296
3 616 874
1 493 809 24
1 428 619 9
3 497 909
1 152 378 25
2 1 52
2 134 769
1 361 447 15
3 259 285
1 667 714 13
1 659 832 21
2 151 499
3 469 948
2 187 729
2 133 996
1 93 135 12
1 487 730 1
2 145 595
2 481 747
1 313 935 22
1 859 907 18
1 235 660 18
2 223 370
1 398 436 20
2 194 662
3 447 667
1 834 889 15
1 21 146 16
3 33 572
2 134 453
3 152 482
2 256 289
2 234 291
1 215 977 13
2 98 184
2 35 918
3 544 984
3 710 963
1 29 124 13
2 174 955
3 385 410
1 135 606 20
1 323 461 2
2 652 693
2 328 466
2 662 745
3 56 782
1 355 553 6
2 69 291
3 523 810
2 272 361
1 213 574 1
3 762 871
2 588 855
1 66 728 19
1 117 235 28
3 143 806
3 425 717
2 275 843
2 139 265
2 11 959
2 415 530
1 119 454 20
2 165 270
3 144 827
2 246 936
1 83 771 24
1 500 531 28
2 248 468
2 491 840
2 768 972
2 73 697
2 173 306
2 874 976
3 239 857
3 123 379
2 272 569
2 404 914
1 504 965 1
1 344 969 22
1 550 764 6
1 258 870 11
3 32 99
2 554 775
1 185 465 23
2 144 894
2 448 529
3 712 852
2 130 406
3 276 323
3 319 325
2 236 320
1 277 978 14
3 86 340
1 407 619 3
2 282 413
3 495 720
3 202 919
3 137 554
2 115 645
3 494 801
1 323 947 0
2 790 914
2 196 728
1 887 945 1
2 973 998
3 129 259
1 463 506 17
2 949 989
3 509 634
1 769 978 25
2 392 667
3 300 475
1 294 476 25
3 171 667
3 329 782
3 103 586
2 873 912
1 23 248 8
1 611 993 5
3 515 636
2 127 567
2 486 565
1 88 529 29
1 254 517 22
1 720 835 22
1 654 839 4
1 26 263 23
3 438 893
2 149 407
2 353 596
2 86 874
3 701 899
1 204 741 13
2 6 173
1 114 245 17
1 583 822 16
3 168 858
3 1 98
1 649 958 8
3 559 670
3 39 970
1 610 629 6
3 176 892
3 208 984
3 52 585
2 485 608
1 80 118 12
1 338 867 28
3 698 910
3 174 682
1 367 730 7
3 222 654
2 222 630
1 911 962 5
2 743 898
2 551 799
2 818 859
1 327 460 16
2 19 513
1 108 630 5
3 411 822
2 856 963
1 504 587 28
2 445 940
3 118 862
2 439 814
3 272 464
3 391 495
1 161 770 16
2 406 656
1 318 841 5
3 659 714
2 112 365
3 128 539
2 408 511
2 313 582
1 181 671 28
3 198 560
2 33 633
3 423 565
3 397 815
1 35 35 24
3 452 603
1 960 985 28
1 92 220 12
3 69 447
1 479 756 14
2 372 905
1 493 618 2
3 392 402
3 76 725
2 449 699
1 61 379 23
3 10 899
2 166 632
2 521 789
2 463 890
2 695 785
3 80 444
2 193 798
1 119 985 21
2 170 680
2 109 680
1 65 454 2
3 235 294
3 272 971
3 176 766
1 55 521 6
3 165 209
3 793 865
2 179 309
1 637 799 15
3 348 869
2 318 447
1 701 822 24
3 263 390
1 300 779 18
2 351 866
1 86 257 28
1 531 565 2
2 10 208
2 20 678
2 857 867
3 598 792
1 29 410 9
2 342 658
3 325 369
1 89 751 24
3 563 809
1 119 238 27
2 562 888
3 329 924
2 150 311
3 454 810
3 20 28
3 497 659
3 107 713
3 591 845
1 536 770 22
1 437 747 27
2 241 395
1 958 973 13
2 264 397
2 428 920
1 151 422 3
2 65 666
3 288 795
3 476 758
1 423 757 13
1 158 344 19
3 232 698
1 185 346 20
1 350 862 9
3 142 771
3 753 828
3 687 872
1 60 883 25
1 452 831 15
1 176 223 23
3 329 927
2 586 781
1 598 872 26
3 818 897
