-1
-1
5
5
25
23
27
23
23
23
7
23
17
17
22
23
22
22
19
22
19
22
22
22
22
23
22
23
22
26
22
29
29
29
29
23
17
23
27
27
27
27
23
22
22
23
27
24
24
23
27
22
23
23
23
19
27
23
22
23
26
23
22
23
25
23
23
28
28
26
23
23
23
19
26
25
29
23
22
23
25
21
23
21
22
27
22
27
21
21
21
21
20
25
21
26
19
21
21
21
20
25
23
22
19
21
19
22
22
27
27
19
22
26
26
26
26
26
24
20
24
20
24
24
24
26
29
29
29
27
27
27
27
27
26
27
27
24
24
27
19
27
28
23
22
28
28
25
23
22
26
22
28
23
28
21
21
25
20
25
25
23
20
28
25
25
28
20
25
20
25
25
20
20
21
22
20
21
20
20
20
20
21
27
22
22
22
22
22
22
20
23
20
22
21
21
21
21
21
20
20
20
21
20
20
22
20
20
22
20
20
20
22
24
24
24
21
23
23
24
20
21
24
24
20
20
29
24
29
29
29
25
25
25
21
21
25
20
25
22
25
21
24
24
20
22
22
22
28
21
21
24
20
22
22
20
19
20
22
22
22
22
20
20
20
25
25
25
19
29
25
25
22
20
25
25
25
23
28
28
28
25
25
22
22
20
22
28
19
28
19
20
20
22
25
23
19
28
21
21
22
22
20
21
19
24
24
24
21
24
27
22
24
24
24
24
22
22
25
26
