5 100
247645487 170269461 450611957 530749568 218099204 732002262 900799398 150805464 393844602 490486895
(((()(()()
6 67199790
4 15276698
2 892645778
10 917988329
5 197823696
9 413190078
4 577842866
4 605330951
1 963043962
8 151300089
1 640602882
8 949989593
9 656497358
2 193444835
10 321136829
4 646406017
3 517143335
3 3169510
2 837256975
10 773960029
5 727397593
7 389821331
4 931949627
9 965961562
5 406801650
6 787924537
2 80586833
1 439881791
6 575433724
4 864497729
4 430571284
4 524650472
7 265495742
1 902281440
7 272497052
9 737780125
8 659733949
7 848431896
7 815998441
9 581742291
5 784625458
5 623426970
9 38592756
7 508457717
3 106718345
4 254447747
10 166374306
10 318679839
7 639244479
2 439236434
4 952772952
7 251751652
1 100322864
7 545425501
7 945666505
3 953328523
7 338002821
9 800541897
6 423531447
7 825841953
8 145416461
8 430644196
10 672670336
8 286156755
3 140355705
4 479974408
5 606414784
3 909158131
2 740718860
2 809171610
8 583769429
1 871277696
3 193402977
2 238209816
3 65357455
7 216900846
5 868998293
9 743674298
4 491693455
4 379464808
8 975952204
3 539013758
4 465703845
10 803057264
5 256056638
5 639805831
4 845830799
9 912704180
5 837353136
7 95950605
7 927639359
4 342149618
5 489366887
10 378154890
3 864130692
2 350373582
10 728006146
6 280519284
10 572502143
4 810515305
