1000 2000
946241202 636250069 709632107 171999481 146141094 912554092 304082234 755848332 389273960 2530994 12910125 772921424 32013628 244195647 922955773 644033875 369754835 720046350 928097673 85426364 575661151 905188926 861492229 487775844 509490158 44919353 813675136 450579630 407938837 859420751 646224992 266837333 543139000 679641027 501976943 710766976 686030316 794250122 127522570 709627043 99387364 370982329 273628742 637585009 191727818 871138398 210004174 364499109 285659034 465956980 411218651 505505681 891823989 461522774 905627241 148626196 291488808 285183806 625368494 480282031 727219435 178216840 191586951 93140471 510198644 118199204 767605675 997708012 778962731 380076150 248191666 680950248 95678819 134310838 757002235 672580898 127786023 850165428 511827251 737718737 246145233 469337258 587447688 70074608 70164932 261776228 458813854 59000865 273826481 340474407 52661195 441802041 904074067 808760996 376781859 334199992 813414973 111362708 930470762 48635697 99831028 81837491 604620397 609102047 959926613 419159625 176323448 495940186 659614549 484362940 738513784 839214441 136981555 612790236 655553581 605423742 213531000 206914028 284695843 148918225 729464248 73641871 858556100 444055241 245326086 895603171 325355345 431175841 460964634 66290836 367474353 286369035 46422815 443109190 848910385 253203620 782441087 57288975 745445729 251711668 631007299 293247752 200641535 339361479 609056039 740407680 159470348 852721902 683901791 525315797 28976658 812449438 733547490 656068181 979685269 473369877 697017608 134282408 167703028 515470234 183661601 319528708 335682387 303159402 226796010 769760365 490509984 162103834 487164899 589413431 437507114 248160637 148386138 902499359 384608759 154738486 48573188 727009679 11898771 893914374 312873179 809042703 907337711 167350091 788911395 769900001 153990199 837732359 694855011 627452669 825619722 908044929 138023080 694024432 876053334 231035456 74601688 162349359 270398223 888218594 212898121 191446655 888810802 521647305 643635111 641812990 238501751 712925396 824713758 454444921 398338584 259563709 86285997 681719605 728650101 1768910 308320043 801184317 837994967 799971512 573148944 350225457 261232586 780652007 223235122 863004352 187532171 287545991 953899057 883812349 382692868 3093799 675664531 655516424 611425403 511188492 535938838 512915338 311367844 198442564 739322494 608233514 248021473 750849182 949750625 830146991 670486025 301341686 299185054 314247055 355446841 58818542 885441549 969932769 349143465 249288884 991592690 584517924 724612491 77130640 461315481 557311880 687612312 979462949 628220380 140543478 607204435 406103991 889657632 847533928 233367902 757432380 311382386 304369739 944109906 142448479 857217156 635368659 182577652 403274147 809441792 438210513 630517115 115080573 753330152 905607452 605304812 399822163 969668425 92366384 631095212 795771514 517348836 539483365 232705661 972410687 290943298 937024464 543120533 521407815 504426839 920329234 38670057 983583863 811982260 553731530 356608135 312565499 78029 241549694 135127900 159494406 616922736 534753757 709241090 19711323 445698903 290800853 348571417 648453348 688957156 188496083 505868924 389760780 294825002 564711929 470469357 861749299 406381962 770279320 909095594 377540688 922981070 422791739 830126107 905679070 636384148 345072579 516198144 849361021 948465816 822199508 128583154 735652234 6563872 686215562 700544650 505133663 722436152 290764435 393213456 288303093 665953442 458261137 219229020 40903814 586520397 744676367 595053367 987509920 370974550 192434848 963110556 900546859 360483058 799402292 982412387 446464266 112997791 496675145 789753771 720559823 400413068 824715827 415499367 562270783 971880564 704446034 574004426 525936127 409011349 890504564 961624856 730124061 248272179 676431165 263937895 242771788 374812476 955376323 713753869 492392626 431298372 512421155 109950508 613153139 864260484 71929842 557862812 584959191 428568133 868404482 296023825 496417781 600373456 831197049 592875200 590386788 996377088 604945347 538444785 16492935 196833353 460807480 763628090 306586407 516442483 511254600 156823922 41744364 484480332 610683151 230294957 323816774 355819232 896739490 500991921 461243192 551614745 424435175 514264476 188579178 358866153 93608789 938543097 845017709 885238782 890127781 109749551 698440059 342615640 597068256 614156480 575166792 908895845 371079669 416602139 379696996 102523298 943527468 24692637 486061663 958973407 726443229 610459065 300050924 764886288 968580101 269893045 442506980 451768401 336500129 33097573 876273982 977192732 500409505 627482100 635483594 107063272 100871009 954428379 892931865 810803787 102425063 57617566 700968518 198550118 615037552 478211773 131120680 55082820 367661071 296238277 913442469 68295692 491337563 972291252 389034930 156661856 862466142 26620662 889555979 610380288 817379060 657905219 822241735 569593385 724299977 662958770 616897183 332347916 318604596 798140751 908696214 631310673 592721967 551151633 334705141 368270621 585221487 802244229 591315851 717478829 512640645 30253711 574899043 740256261 976353080 350291326 317868936 573976165 352738219 502726150 619081441 967855845 848611137 332672390 868814296 969659599 380592390 376291272 568087729 480093650 637679524 309014711 151405401 154280270 179449495 821030505 100294271 252951651 988998025 990685200 494147007 270365820 280708882 45112398 853381145 637327660 258762352 280511829 635403423 335318043 116024045 907903596 85907276 122771010 949953558 789039111 113035999 635417196 515342810 748160682 488199496 468417159 976351948 816693718 220009222 843733101 28144823 495350721 578901471 854148983 249371377 832522082 863823335 246033859 202825776 587617956 334922300 215097068 790052093 92255150 579881024 632263895 62414239 284501718 431014397 731594518 985483752 441173112 245542100 845755879 102583669 95987722 45651950 973260076 859763470 851854027 74330446 865142397 625156337 750092812 70763436 882285351 98964962 741855767 187752231 499176656 387343959 762559723 874468068 951037280 525009190 212619991 283678118 809357185 920404270 836125417 386298651 170074701 333882956 598671740 123173323 210656680 984501052 825840680 206729261 297329865 862070070 460420443 594770078 992394273 966364427 991783343 938299568 699823569 492032212 376544877 293338865 251500273 243833993 491874892 662819167 660659110 736529079 558880841 549573769 583208317 826223075 605523133 235453625 960918371 81330176 748226367 785382015 715257339 976345717 239565001 951551208 765319117 375458177 135405167 376651876 693474016 597952964 56222737 234641493 268882691 267412317 505030084 73959822 730709446 721620696 529032337 117696882 869788658 328774101 249348275 359344670 575844039 954898949 281776431 723383310 684020983 919640548 780036919 367937921 27388496 714334337 724713202 866299793 860308720 950688098 831049943 31774788 96639403 261319435 665605796 590555293 523123666 475712761 472614176 158388494 717006166 185069432 989933799 60678003 250020997 384971163 672372981 262790756 529604174 685558539 449926415 643382365 173469504 924890732 233113406 506126085 154847319 968386276 975943041 485487617 581721112 250633982 724133383 577346791 90071190 952493532 443177202 206460922 895962427 447675749 114410304 14702597 532928273 58436287 321173783 299780323 986342699 231726732 782937492 407290534 973784670 518122375 89231817 46170817 889096420 441593078 65049522 115158970 664888992 766345000 401631045 838060565 936807061 648980084 219227051 36707758 569501101 138334756 553972784 836708620 5618376 116254431 996080537 537194565 372712823 180193972 531318723 483925281 61124513 728671665 609682201 92731662 10821809 616537739 302286607 495744145 845568726 169800929 805499712 903817752 166737484 397783361 46100251 214147373 828417182 188415462 180184513 36089057 468436545 811296280 282356181 684695732 409320574 25766182 732194788 955542534 260003130 157569434 763065658 206032277 183270328 908746590 638187067 897517300 831474251 707278658 375256082 52414878 154925035 422985317 901923155 371548068 936487730 91345140 903957689 926942789 624772380 59125796 77548959 345220104 471287415 922306179 520395942 359186540 375949342 598535425 148234127 671918849 746231757 904942083 404316954 696259259 519541299 291120402 977809566 219984058 864497145 438054873 355081893 270058280 835911717 979837703 172231283 211206339 869798114 253852884 703950327 107865295 886464896 561642826 266617770 183775396 149859228 850251438 562085819 438098917 142583912 42009825 581205765 888254793 116719334 911239853 697605035 980530423 208984660 686929035 970507912 399753623 1511613 73169003 565907477 732725645 982817466 650626587 860670786 48454273 341643637 511139354 868218960 703291247 244257077 475344353 319374033 517820625 191854236 798044729 785103650 567427272 281281769 431782381 575695962 913530812 107704668 538351958 634483465 444714489 458199350 370042405 131685910 166874667 78912204 875950761 425816979 203802562 791493073 830281384 200914510 964258043 817917187 901483020 374889395 928169806 859071713 57666565 255975604 379772327 459984064 741148021 661715286 849814772 707234516 466795024 83351085 353470836 61636712 463739387 444747246 301632310 889859845 158671788 828441961 454694558 139099256 200215328 567159471 503713447 701132582 838304355 467289740 998980227 729146893 593967211 556104286 341943887 452154968 449418504 365487279 538546528 533182066 482999721 592897645 118690722 671844682 556112278 932937435 412726193 8597741 57582893 685108847 224660915 813196220 996230365 538203281 65233320 581056172 416056649 616021827 119952058 760481110 623767068 238247074 449337469 100744511 12038263 342723152 928010988 359204458 932147211 294315150 593525295 862618556 206985485 324201736 290028328 757368973 791260080 550782676 500193232 111456308 589639352 658541139 515119101 157797838 655909883 241345259 233211987 564184910 540885126 939753567 204087300 336728515 460757516 387923971 248056653 357297009 686513064 942601361 18183119 735746622 190849075 927055089 229985232 414498675 305872259 817141764 936104096 294024690 291152261 329250162 115573930 973283508 30870946 37906201 487028108 306071415 389612242 168174769 402321533 130926681 750500762 283385031 869082511 431361949 611427620 367809160 205399163 187665929 793405763 753959969 754708061 772486840 999595932 636149158 842882312 895051808 266012431 701872614 674070054 423155598 146472786 471616145 860555787 603466323 255646791 299262449 809711652 663103215 356657557 615579129 743127287 344038306 710508834 249689934 375056486 941728062 555941532 507237677 153966075 73410375 601073060 826529492 41782706 380178009 949745219 568144779 672527507 103016895 648690456 226862612 670287387 215619481 539060728 47381262 2900128 351421361 649538751 769071479 601792458 853510189 885472410 196350870 795592641 814172011 829240204 719371485 112988366 110630791 642010519 4742719 706048312 461914706 372885562 770265015 634774943 496795118 573588069 437161790 285768499 380173371 116930132 960414386 171953359 34124449 386670473 906121954 146530791 320039657 399567770 910275519 244425592 654792078 224770202 208956825 825309822 146083277 26737408 220229963 279279323 538598633 747728769 910309724 818286481 438317803 564626549 696432734 957991765 542179388 689547470 972825259 642239540 738736532 274238107 860090469 744424228 909317751 941396311 654518283 496000400 884680260 308922281 245068498 88051676 798081326 694796016 490310091 503741222 526326953 379996438 974097900 909812701 934007609 410599468 98532684 921820401 819905528 829200414 982818784 64838826 785329160 171645916 487287857 520109761 749007312 571658292 453725356 784195062 529322700 471698682 837216062 794041334 78658455 248426586 87853390 251214431 602324748 516790626 453757362 540318777 952329885 310904302 335433416 126254758 341129004 729904498 656278923 754411227 316389064 250845895 62903186 870308709 678839600 100870199 581315501 228152595 975699145 118558789 175861829 700789256 251886000 210777879 384487990 433667851 1795965 704700129 191693093 954966099 696298197 263857387 34126938 150684570 645324176 392702869 146735319 165460081 853437880 730581500 210929000 370838130 260807467 805582283 384902049 378602760 650223200 128776802 117623574 256584022 777994607 995548573 641039045 770829571 720212150 941697701 396091394 211654728 897429262 898940963 978926315 367357341 173297038 160156393 486182160 269838737 477936099 395323307 319739572 450557887 952555779 975732593 267234645 831965714 345324812 361023246 71427609 500447636 727113620 739751659 225681429 417844518 981174845 470675097 846935203 997455359 206892511 623738435 511097284 772421138 943068595 413820266 625188875 154074707 654693625 937633623 440112804 900175625 262232003 815078162 629307948 901360526 668439117 957554849 742481255 662472151 873093133 99557000 450269482 202885062 765705024 430543222 869637926 175416595 745650416 422784370 451407209 835331278 193376834 792545046 392126073 545581612 954155362 308062656 442393754 811731196 610532733 895681205 980991615 606086369 983473859 450265653 3860372 526410178 70686058 558388013 446852102 419712166 770369749 974349477 750869168 142064471 859723875 608129169 512486291 41856413 339724635 110838685 584666624 201977110 897974650 108648067 25750858 941438138 654212328 926961440 243755490 25121931 740426836 301225641 635291507 253413368 895234962 819966784 397547236 189576704 266599696 602415449 231347504 820115000 751238656 160481066 105283026 162981872 458424877 50252554 688192816 682521389 400494308 496142764 739075985 691577132 827370211 56782236 644755132 495453702 235546288 242952030 708123116 258667552 437657826 738700630 169339001 762205676 29475657 260610023 35009388 893172849 275958499 164799265 896409981 288948694 661058030 284956699 921732919 393596328 632508062 186300512 523258588 22837663 683790988 555020560 945266248 549043886 922515048 457592926 378936750 616864509 984481892 735552969 77237889 53102007 483235109 704420228 488238303 422143863 867629427 699400430 582269313 927112508 434038600 519934066 819334614 686441866 277240132 375501127 28623879 928641148 473117834 331395740 41385892 494630836 306434595 310728849 141424300 616816838 515553594 867784331 227720912 51394484 602078823 261757617 621200160 193337901 984354026 508768638 724185711 175565270 592525786 847786940 733485502 285771169 483067875 127658204 24116260 60239249 459317027 182845043 569055147 725224082 35287759 78170163 500967628 665256981 113614260 224869269 869467626 281421153 826116432 243286906 978426418 804630340 235227894 184818542 224832123 862551168 644875907 350064566 412617040 600655528 519942473 698571302 957362437 84606478 537677815 987369795 984074346 564453669 848134978 322902150 402539085 559235301 372998129 830478453 588858738 330666052 474262060 625403129 345612961 405850574 788732008 892977262 971504481 959819685 110531053 755838550 489654782 413493622 256906620 484213298 418848395 296059315 852869807 92174738 581563509 128479682 687556946 628441121 769983735 779685664 389622699 456452157 36326678 409296670 90750858 485484244 393924133 674802756 745336455 259285504 234834616 290541975 637164589 957321692 447065940 992664393 399492500 118570879 209355733 467144233 975479775 399704981 266136183 214472572 99098674 38984031 272110285 250444118 935397704 713629594 110852358 843624599 19569977 500292046 327200058 311132642 475529646 382093799 711705102 644124624 486147506 854225283 315119287 52638118 980669343 431070265 790062843 985671506 668326379 446849783 393482461 582887755 929888127 581856021 878245566 212706644 563100730 82926928 711933161 538975435 48393218 255033669 21091694 421119181 781985237 908052989 407691681 802087421 854541511 904306997 35711181 742609822 780037193 643362683 985365246 973753963 466162369 98089712 111215056 800343488 23699409 174480668 148320811 804045877 74788749 143996706 870696005 63259780 108938933 351673020 601231020 870141864 574919429 74449108 644610759 133949013 634078594 600800106 309593197 369633587 944312154 278189976 295877228 452850735 232472574 932135609 81549739 156011180 154549389 959919765 561617626 802276886 798292720 294795884 41679507 765626268 879818097 937486749 625111477 303551729 730431412 749677628 584865245 697264032 109848853 310089033 984023677 19695769 52968505 136954411 756880974 836224537 949823095 737204134 835891092 606128999 190689023 314025681 126475352 127957289 620466189 515928603 646205095 817572110 281372748 650209593 85354128 876363823 235678993 984386616 206763481 233531036 549364564 45648726 750377923 389251861 3204375 28852772 610546857 883231089 596052796 661088096 742649451 130275397 148909594 724589456 557061370 7103494 603863181 135839085 371930503 274607079 374731237 76742891 248046305 230731472 966331080 424703763 776987757 979138245 710868192 846077486 264158401 557987048 772900250 235670771 951487074 426126648 597968020 991198749 789307781 455514145 70144887 613425803 727898927 329924242 272400881 611813626 531703596 601194129 740414731 183634330 928231370 807303226 761394883 482425223 103482348 189912328 793357852 461791202 667814804 749247344 545356493 295014899 974537093 526760344 557592080 427980367 196113043 806332159 449482498 184678080 890523309 519989603 20366 189839249 633189066 521606133 798205517 725740933 372549507 660796259 840805188 350694345 548681134 60464059 854548665 581357538 65503683 119996841 663992308 844594674 736754997 917705784 427825112 328716689 611228907 940996221 814880014 653421557 826367448 813544179 421108439 561302475 495709778 568592152 290133626 710708857 244800850 765530674 926040941 790761195 685362760 704272688 917806248 14974326 288930188 4803255 544581327 888753839 869652229 784338843 236464737 577299835 372425771 263656117 33156450 943102137 272467651 118592267 333711059 302890033 164732394 567036308 382665549 746743842 301893304 61889700 674968903 11492603 998564341 212408884 604056541 928002083 484020547 636044153 791858998 259742380 835246031 622812845 490421523 701602128 650416812 784772562 279476555 635416082 521694744 275237945 362100049 201461719 476702186 411651200 474687317 89701013 353409787 742365587 858758384 634195903 283704851 311081006 555971350 415034855 128770958 441730124 148931176 954854934 795041905 955893893 43254848 928555073 832091709 163830075 578593201 185438065 126989906 184885904 785331623 481776100 519327936 810668779 513614340 289250942 633259560 471550454 592760289 607237887 562478552 200021949 626535159 656003390 297516926 37309311 668130124 814106884 331796811 943333611 405789905 158645550 870429655 977341787 10680286 357548997 657275608 588494611 788316764 282364324 755270012 835266332 14784832 733784710 610244774 362560402 264066497 872921063 766717930 508242197 579014750 383596132 538931379 710768576 96099647 838395916 165254991 618053047 866554197 523511263 614941373 902113646 668375114 139067506 741391870 755945834 328677654 540859720 975522985 943568263 738157580 341183323 950432856 941340750 16035694 463186364 119805961 400758774 696971069 357855750 817038178 214683274 910112102 936438931 432271536 662575019 493549846 685873842 947203985 61159609 917491215 901298551 302045183 504376702 285391545 711818436 228040982 947966136 594408145 277633493 762469115 571541198 799518928 988602117 391297946 844810722 10216560 932288191 741217491 987512661 860473483 569674104 220882126 408244062 720344106 224193874 938138926 288299005 887209429 10400631 398619102 361679460 879041046 607185521 370226033 520306976 281506980 704457822 212112158 351874624 646959758 249853075 240339671 130819649 837123870 36136884 16906670 440031357 684844695 677043861 710473254 83047493 802499365 48981778 774173738 572578001 615773668 779192248 506467309 8678074 439189022 843293713 237877584 314677854
))(((()()))(())))))()()())()())())))))()(()())(())(())))))))((((())))()()()(((())(((()))(()))(())(()(((()((((())))((())))(()))())))()()()((())())(()))()((((()()(()()()()())))))())())()))())(((((()())())(((()())))(())(((()()(()(((())()()((()())()))((())(())))((()(())())(((()()((()((()(()()()))(()((((()))()))()())))(((()(()))))(()(()))((())()(())((()()))()()(())((((((()))()((()())()))()(()(())))())((()(())())()()()())())(())(((((())()))((()(())()((())()((())(())())()())((()(()((((())())))()())))()()()())((()))((()(((((()(()()))((((((()((((()())))))))())())))(()))(())(()()()()((((()()()())((())))))(((()))(())()((()))())))(())()())())))))()((((()()))())(()))()))))(())(()()(((())()())())(()))(())))()()))))()()())(()))(()((()(()()((()(()(())()(()(((()(()))))((())())))))((())(()()()())()()())()())))))()))()))(((()()()))((()()()((()((())()))()((())())(()))(()()()))))((())()))(())())()))()))())()())(((((((()((((()((())()()(())()((((()(((()))(())())()))(()(()))(()))()())((())((())))(()()(()())()()()())))(())))())())))()()))()()((()))()()(((())))))(())())()()(()(())))))(()(()(())(()()()()()))(()((())(())(((())())()))))(()))(())(()((()))))())(()()(()(()()))((()())))()))(()()))(())(()))))()())(()))()(()()(((((())))))))()())())((()()())))((()())()()(()())(()(()(()()((())()()))))))))(((()((((())(((()(()(()))))((((()(())((()()))())()()))(()())())()((()))()()))())()()))((())))())()((())((()))()(((((()())())))))())))()()(())())(())))()()((())()())))))(((()))((((())((())(())()(()())(())((()()))))())))(())()())(()()(()))(((()())))))))((()())))()))()()())()(())()(())()(()())(()()()(()))())()))(((()))))(()))))()))(())()((()())()))((()(())((())()(())(((((())))(())(()((()()))))))()(()((()()))))(()))(()(((((((())))(()()())(()))()))()()(((()(((((()()(())(()()((((())(()(()(()()))))()()))))())()()(()))((((())(()()(()))((()()(()()())((()((())(((())))()(()())(()))()()((()()))()()())())(())(())()())))(((()))))))()()))))())(()())()(((()()()))())(())))((()(()))(()()()()(((()))()(())()))(((()())))))
1141 52167461
572 695832672
1576 980303827
708 112496258
180 571249521
677 887479895
578 952282939
169 147571867
1310 921625736
1358 48313338
1591 199034606
1111 508959078
835 948234185
889 341382534
1720 167179416
431 570632456
372 244197706
1111 563647008
359 493194025
227 129786375
1828 92874355
1241 780375429
1587 676082401
820 636608661
242 872598263
160 931315973
1503 897032554
1873 62226659
352 764389263
749 542061854
1691 963067114
61 598246041
46 931998329
1777 51868881
56 928976645
137 319619911
78 611414397
844 547437547
1559 622484261
1541 918648851
1425 414466709
305 446951211
810 840285893
802 463758435
727 745818889
591 614048243
96 55999608
1426 235873029
1842 993975644
984 514993879
540 985445035
1093 589571350
1250 992161067
253 345609519
1389 586095815
460 119190452
537 452936759
1935 462480066
1174 34642428
1017 261587512
1224 596098560
751 396016372
1767 329385637
700 785354416
896 856889281
1486 31446263
1857 493382262
151 288461691
1041 668524706
701 792606290
1030 256642706
1802 976035743
1325 802014311
844 205935125
261 519497602
1814 595633887
340 531336238
1678 676636000
113 665542990
1117 509602308
152 781203895
146 991030906
1321 900039307
1007 420197806
410 821325959
682 143577737
1232 606147827
638 154416265
1466 242792576
1079 240695875
1270 574832561
186 226899965
1530 841904220
714 966156194
1356 816028413
68 827852133
554 621489041
932 529809347
420 798525471
1950 691495121
1133 590007010
1430 131998732
573 943665190
792 115026266
738 555425640
1553 568463070
186 66412316
899 120477651
234 491225338
1845 871676641
1866 249780536
1185 211532707
1111 770228086
837 891107058
1040 111664547
1458 509484925
618 529146309
1088 897940627
636 726036868
472 162136988
259 247036959
1512 617346671
1055 214801816
1939 668577233
1412 272094142
1727 158592842
1307 456337286
469 850151758
654 577126859
692 474049324
79 930316724
221 130570979
370 26592391
1320 247461206
1150 91666472
479 874059688
656 997961495
94 889102452
1591 968520682
41 604413066
1001 515454923
1942 434798913
1069 811722756
1998 330030776
1983 495613813
1265 885637018
368 430224036
1631 851870193
131 879731459
575 636761157
1201 279857794
1676 998895760
982 818366736
1154 573517407
801 514906449
582 22992791
1176 44483213
1740 765252900
754 951541976
366 124976103
1531 603734188
716 795449121
547 263000812
406 828287472
639 676806737
356 214890387
87 376588995
15 110992853
1063 360749597
901 546047043
926 26068682
168 801971028
897 948106675
624 236426720
1577 19428206
181 229341438
673 82431919
1861 928053760
553 76426326
1748 618136836
406 106175346
887 604761665
1119 540017883
792 838476756
209 966114056
389 705880605
1133 59760406
657 313507093
213 414430585
98 353736270
866 855162227
993 381236629
1745 36065830
557 323121417
1041 39632059
152 130181758
998 498849709
536 255240008
298 848293192
328 998747115
535 709005744
1668 125490957
1501 932081259
609 873075281
1010 596986340
1570 611097676
1806 197447273
1620 446746815
1387 786167647
1619 282163618
1787 745503196
1250 237778887
1505 196967572
1224 101951881
1702 611749821
445 346969708
630 701842424
865 540612404
1553 228340738
1190 473693082
1898 807867097
1313 211281273
123 466617648
333 615636226
1535 392336151
1063 936674470
311 763822459
275 868973097
1126 627506429
438 80596648
373 470015061
186 338321224
1136 439570603
1693 799412590
1126 328125530
1234 548797454
973 33124008
1086 385721337
1579 939457083
252 245988001
446 835551816
1866 107727800
422 662972884
1930 330328647
1717 623726449
1522 257937486
246 898037196
12 143492234
1139 76039422
807 274638237
14 658461502
676 899854817
841 24767942
1737 815699613
1293 928460140
545 663806766
1239 428627561
875 100111796
1430 116653355
839 171031133
783 503539634
1340 266829181
953 35277854
117 996663407
2 124192465
302 782065618
1800 66516860
1724 200632918
560 295656901
1795 242919186
866 477159384
493 266262868
922 77807052
1386 280471469
233 953086380
1946 649773359
1939 216641478
1765 524802171
351 196846926
227 173742442
842 187727825
1013 900821829
452 26640217
698 510993847
1713 722697090
1322 83618225
377 133976106
1631 947140837
1688 614480216
631 300155822
15 463973291
1796 96515820
1137 578572463
796 484566439
359 1865358
1513 860849086
1261 131923218
1705 108518893
1106 330853124
1871 752757730
476 251417776
416 813602326
1650 947169517
1783 730353470
176 389014868
386 710174778
582 620510152
419 554587015
41 966738497
385 387096741
1473 470331502
692 128800495
1113 935048915
700 539145452
531 650971740
1258 956485038
961 126372979
772 693253230
1533 980534633
1942 993150628
1490 417948335
1532 442199174
864 215534832
42 833512440
156 361090636
852 51715826
269 934348699
1398 814657290
1089 273912997
1964 607001520
1910 266365405
1691 36962306
1329 240181160
807 114843547
554 442096723
1835 554919505
494 245281377
1812 847547310
44 98641603
1446 805340758
1929 730762450
1413 518284690
1116 89319273
1213 219888742
1682 426081135
1900 980822232
795 966266376
1682 265525957
1675 110908568
1224 996666877
970 876885320
886 970270776
756 149334535
491 942882375
634 585338930
472 780396671
592 89165514
645 740383194
1229 222961501
1371 890784899
1870 614984788
809 802301914
338 994663607
1808 377781354
1311 811705869
295 93086482
1612 415833096
1495 401155237
1445 713729495
31 739511556
1851 558418824
961 863723396
1809 424437438
1731 555050754
1984 54502884
1488 459224893
1923 876681258
1157 181178215
412 145994271
580 630754897
1181 395071375
1508 605349048
1136 249552975
1998 347068792
1760 269547996
674 724837608
846 780663627
480 836900384
381 956777027
384 836387635
229 936192114
1450 764180289
420 685061821
607 712926628
1720 286007928
1342 210235102
1190 53163680
1439 53611360
871 914051475
268 596355909
533 738006829
1155 186100067
947 958949321
182 238617199
530 539074029
1066 756059772
941 779633900
939 466490300
1230 537608690
615 116899319
1926 272695189
1791 523227257
1401 868712156
1273 555972304
1535 893568135
1488 845519632
485 316777187
546 171318018
186 596531629
865 914709481
658 16281392
339 632595136
599 424109061
1506 346031144
851 313592434
1677 897074357
1142 301485872
1829 328522741
982 708770448
1489 171132853
1706 260920882
778 751658975
255 129277877
608 292974072
35 863315961
1459 292114607
301 90640662
1930 725938157
1779 59664731
1728 528796349
369 380337746
290 25866886
1017 697566919
546 402404636
638 813953343
631 821892883
88 571109605
75 344856336
1747 602063185
1019 439210614
991 319081188
1547 809154801
417 36137835
880 967896392
81 434212404
1043 834872955
1019 956527178
1301 494434968
1246 380833416
101 978148537
95 442895318
684 813025596
1591 261676031
898 780541294
801 137389747
549 490372238
1837 438427039
601 46438092
672 200238851
1491 474788698
1378 650772246
1661 176504915
910 129970616
38 876737899
1205 137246119
1567 29167737
699 467045305
1342 308346035
1657 647892814
1119 738365402
1369 181672930
1806 412762409
654 508760726
318 857970978
345 385660532
133 840321487
1172 451951640
317 933122722
1548 604372603
597 483740826
959 867550421
974 376732293
98 673582438
1663 115144645
221 202918974
1138 451337740
1356 451173816
1124 634094679
496 666895259
953 169826044
1596 642870215
725 339756980
474 800957456
1860 483152041
1187 163530110
1363 175864853
1322 148494857
84 346365158
1362 207846639
1502 567118043
659 608873960
1227 500349355
1625 562433592
953 215533005
725 958709712
186 853553387
1210 877849786
1187 70425303
1793 226190896
880 496528345
1606 298346996
111 448217463
264 182379628
1584 280971928
1213 522073942
1276 788293773
187 243915670
43 111222679
1408 401015235
1244 927520946
1996 771397174
1409 520193493
1394 123634921
800 750482053
1595 406462920
1603 631958935
1426 519119201
89 26810564
392 740835528
515 496859004
1906 319716943
56 128178041
902 754274910
1121 165468022
1362 387996417
1309 196280462
885 128427578
30 955666672
1940 636428204
699 577965715
1558 372985968
652 792623107
1225 70142324
1153 897905945
1099 657731533
940 834129378
1009 140238637
322 104111336
595 251020848
461 566307186
1822 64943241
381 119524800
1025 698217616
1618 320648200
304 678789287
36 394399890
420 500000071
1868 353704034
1913 721036429
1016 1587490
1727 335383316
1066 713383145
202 496814664
1370 453404168
1154 476233212
256 715380351
292 766265410
1739 915298757
670 724248917
348 834349527
1815 136708391
379 225158162
1541 407594125
1857 961448005
1285 983695084
1245 845934909
1462 675482840
1632 962885049
62 774741537
512 259765005
1620 133964568
1896 740397897
164 766167963
855 762477121
1983 458219164
621 808940043
168 224061239
1329 991503537
1383 693727599
77 691722105
938 475349213
1632 481599038
1183 188754063
1931 410217757
1564 940426366
549 429917211
472 880746491
903 837650475
174 766934129
1505 540369077
1761 320836284
1171 392993006
435 883450495
1909 111521195
1228 546739247
1551 116535753
826 434686584
657 319569983
1003 321983753
749 616721790
1828 665788185
1624 879691710
1581 776756289
669 873363362
659 778414773
265 788517935
21 873645713
464 200496629
1784 789831140
391 206600046
291 169340484
968 923470648
835 850064678
609 215292661
1432 15008658
485 22268917
23 391879694
1833 5989190
870 589485995
1272 49130399
50 421787343
1888 211454540
364 270137156
1075 943856617
312 852937425
1015 421813963
877 67748653
998 184441965
984 496138977
575 757068239
312 410306731
867 214654848
275 130364713
521 928306171
240 5375201
986 74104243
1755 560653537
837 684620936
853 370626553
748 550804743
1377 299643486
1446 413858003
1288 955171588
587 348830842
1510 772214868
1867 101326314
1099 723147132
583 253762042
650 154792137
1478 20361920
1741 772257990
1874 291302557
1087 369495686
1064 500970950
1728 165857840
1276 383132825
229 885174577
1874 716650426
422 815399365
374 14587035
1695 701609879
1509 288531356
847 144563234
1026 844049802
475 649257640
850 705196238
380 537293232
1216 864214043
1133 453123502
1274 109883135
1246 486022647
258 275317641
804 814697206
301 651436822
1782 31830384
312 556968333
1537 208027575
1934 944709650
86 831707063
1155 221146668
903 77205331
684 704890114
829 45296503
725 833227283
309 625269481
314 409433716
238 148041884
78 766767518
844 411171299
1207 360610379
1161 77812171
1199 536153303
1791 898236172
613 952439333
286 764698377
234 992558761
268 858046054
309 789991155
257 36335106
303 205785751
967 824892815
184 513266101
320 973516932
1568 168403829
1055 294190005
1374 123226697
1837 650322182
1917 99536038
54 596143670
1594 230661003
1338 141938206
807 913818781
1404 214998641
540 319998393
1846 554503377
80 3930597
211 129625781
1684 572682099
484 55312501
441 347576122
348 665723023
1492 24882565
1604 945588460
673 795201164
1768 490321123
429 377711179
1767 21177464
1499 502749673
1831 644334050
976 406604696
1022 661445391
1224 3603384
698 930682066
974 382289389
59 679056812
903 610571297
1860 512230061
360 79397407
621 543927083
396 232371405
1427 197444464
1199 143104575
1207 751193372
1333 337025598
443 191477573
980 49222470
152 685013960
1973 704356791
1499 171844663
1671 584653148
131 202932701
140 321623762
1781 793050001
1035 387492723
568 344271597
1212 825456826
1626 167970600
1039 115788331
41 608203330
773 746719254
666 663003297
1797 219942412
1701 909971251
1449 460075657
1942 289071638
1534 197208276
590 153940656
1480 720681759
1041 868959034
1867 548786091
406 697853821
931 680495493
1834 768226350
573 781655723
1565 864051443
556 761010583
1651 137135720
741 814535315
884 545193110
1155 204527236
44 422430610
883 992577048
1500 996794954
1049 768410608
151 155607049
890 709575630
998 743912631
1936 390009555
405 487568259
1625 68745676
19 596933665
1096 193055557
1110 466056772
995 552886915
1093 156668438
755 701835102
1772 138569302
151 375430434
779 571729486
1841 134490552
679 372234794
1655 800071160
1240 35955182
227 615140970
1449 638362706
292 810618759
988 700371172
1387 434782296
1555 67862102
1663 114975180
1192 284302825
1385 834458980
246 997733630
1289 158906980
1293 480833489
1967 987186618
1890 997497137
242 10439605
444 841102804
973 244449072
1273 378621808
989 443469272
231 532261875
436 789700052
1755 893915328
1305 814860481
1277 750482149
1126 471108240
1930 27394879
489 372951512
337 497900792
1955 534766563
1735 513073911
508 747033063
1171 42672401
1181 289660700
1634 490267195
1396 676423827
740 43606646
1316 452670810
1181 700295521
1314 119223295
821 295523329
313 463957588
232 662518761
279 855758523
183 24191311
1518 902663877
886 656801934
708 94921589
1676 416248689
435 330097412
1318 618449545
330 212378685
1027 423357684
1066 562166764
377 296606126
569 570649321
303 973379474
322 701536037
1409 57970523
980 458663692
832 945160191
863 923287508
1215 362432491
858 819793615
1415 818346812
1487 352992218
1059 644401666
573 772930356
389 116249766
245 386061330
752 314177827
1358 817366528
491 110014491
1890 216385993
580 747329335
1582 914359026
779 533099170
406 460967893
1651 809620521
926 572335906
1556 702018481
1042 87473403
1836 813863074
463 486979599
105 545932273
968 420913725
1520 851881850
1954 517883153
266 178147863
120 988657283
1761 835992130
1255 470045320
1544 668258792
51 648195004
1008 170300312
1937 65799993
676 448117716
1019 47572509
366 672362651
671 142106697
31 570822437
64 951010927
219 101729700
1043 325052401
858 958772082
1940 441461152
1785 286285442
239 916869364
391 630594801
1943 58651775
536 640479160
882 72556390
1062 618522817
282 999953397
155 433177118
782 494440222
855 137811592
719 755330788
1312 325565064
1891 449619227
573 507721877
1878 363765571
283 608679387
916 661098389
1288 104206719
384 989576082
843 550102971
433 440438961
442 287430290
847 2265493
1617 50985490
1882 566156234
1426 176140418
1028 248084093
1680 486221442
338 321361159
227 289235084
1998 641051796
359 902287459
616 412466058
1948 227688654
976 652989704
1223 243388903
62 863757626
1360 45281877
59 474320061
899 714263312
1301 646867139
399 117811531
815 622796510
537 661332876
1150 789145175
1050 148079763
1341 491824075
429 928640936
1130 458038166
738 593461557
343 177508786
222 824297915
1210 37562940
1657 8037770
1549 305869214
1038 301045956
1150 710422164
942 145193587
1792 873097788
1277 416790342
409 979681648
1796 575957140
178 105538593
861 631679869
1418 452144124
1659 671374985
1715 287470305
1231 727935906
1091 880221594
1028 668739472
853 342502337
324 171396464
1110 264835205
176 643362841
1224 236877308
1068 667432359
1042 364287563
512 656123726
29 750502437
1000 510697928
729 874314995
1349 508868919
1382 650516660
475 144005558
524 397820008
641 49837716
755 774428201
1235 756462500
251 846917389
307 157394691
1302 631341863
596 750879353
1081 852491448
1070 440689238
1663 47409465
429 177599436
437 478123747
562 126618945
63 759864972
1584 297443341
1682 625285162
1424 812456573
120 4931793
958 816443001
511 720292326
249 944936003
1946 797549173
791 892123046
1326 688265064
1998 268038085
1767 976105356
1340 93785705
1120 510040974
945 393912504
670 64756466
1408 784278224
454 108227775
578 413376104
195 854632537
2 333950072
209 480923644
1089 570909905
116 910680099
1044 221927431
1026 958800072
1281 430891428
1653 324337903
1574 426582513
810 38070716
66 650287170
1140 576405590
554 594567432
1289 733619738
389 957046800
196 79992014
161 131234214
274 865122058
364 495999421
1909 780457140
699 582509382
900 757298856
422 530543132
1737 173561679
1114 823392480
1057 640336318
934 880077348
656 560878979
350 420298582
1978 691128489
1035 650839518
1563 273267244
1625 390295259
288 360179212
1384 740778040
1260 552789525
1276 928048457
1636 613919104
1197 854157687
179 803877684
264 904181062
1255 379535815
796 214299693
434 338426361
813 189976362
1274 718063013
980 938966174
1993 136857960
1485 330223909
61 311996778
1975 488157543
809 882686712
216 223095139
387 981036926
1239 577545148
1092 313583229
1152 652616931
1387 76356061
468 930436954
1578 183733693
486 159841032
695 728926462
1422 413919026
141 715041647
1130 772985022
1064 521304515
1096 608695207
1373 797577110
750 594237279
831 825413488
1811 400160307
267 938831753
114 996602674
1725 837048230
46 23297583
329 802781770
857 697298475
1283 678704898
811 470900177
1607 903171792
1666 489428974
626 692832168
172 591043633
1046 469042232
1838 969903918
746 3014735
673 194757515
1576 498419843
399 259079896
1470 709402366
1098 52435419
365 205142779
326 492343121
1805 122090974
1514 25879070
1383 601129267
227 202645364
873 593505539
289 274180537
134 246666941
585 407246171
196 173650324
113 606026967
316 468383437
1222 153280076
253 532795175
521 316908077
489 75078442
1390 861045238
1798 238897896
1004 142065414
686 365575283
752 454483180
1775 308236597
1097 395298157
972 613845918
1773 819985758
1771 369175123
435 105208624
501 704008199
1143 500991964
1146 958106060
1210 214347545
202 413612130
1343 206268796
828 632816999
623 112359744
683 125832357
806 738418405
1763 172126450
36 501874030
953 660107480
892 742866296
1009 166280972
1352 257398332
1381 878367195
1315 771623084
597 943132891
1277 926917928
945 830891767
219 30846194
369 549761912
1829 966073490
1150 93386933
1383 628458354
422 998750459
1840 172461559
859 778315645
1525 980766594
277 808269890
1039 665266768
524 872097936
73 648102965
494 809322507
1347 237026965
687 469716620
1090 255241429
532 977151321
1853 647830551
327 989872851
897 819733230
1095 827837309
1023 458579065
868 984629783
1529 936033110
1879 118789837
840 895274327
1400 396915538
1993 400039682
1382 460866304
107 692323389
931 394351210
1778 742375738
1573 4404677
1448 952999894
1479 297665187
55 156266538
917 255139632
1632 856656990
516 630574035
1094 662552348
183 555085321
1396 99369375
1883 85316158
739 542350699
1548 159976064
1413 227575072
766 196262734
1229 947072525
453 410574040
900 291876974
1565 82001468
1318 869631346
1267 521204299
339 105010546
1641 708129607
142 746203435
838 886882162
1633 51194942
1652 602890809
584 769945837
1664 151390231
1921 122743802
622 429058899
594 224199373
963 348215225
1987 910745981
1529 416789941
1488 555913844
526 426071307
840 496426570
341 566910501
561 847731175
355 484037505
465 58099528
1059 627133823
678 105158777
371 203250330
784 905866528
1269 407607129
274 31233095
1167 123949863
564 928206469
1979 105596852
1731 32260777
1704 464619589
848 481754377
743 961102985
1933 94397967
142 401286859
1476 887351987
985 356309471
1871 966175268
1860 623025552
48 94446494
594 998056007
187 273216204
89 214118303
1063 855406040
1700 250057855
1554 972300200
1743 883869023
1386 70085746
495 508488489
1012 470944278
664 693850674
824 714515220
1604 50690005
1075 590784799
1187 268119319
643 955279792
885 241740039
399 804943986
1762 861269345
1837 499073328
1843 934050816
1834 818122301
710 928769627
1542 764127534
1581 143245347
1253 446091535
639 252886444
543 54315791
1286 324287071
160 270713782
1904 958346667
1961 126545210
959 402902351
1181 213491389
1785 158787339
21 320077041
1640 944019810
221 1431594
1930 19708011
1492 52657688
1522 118330764
1680 801524592
389 747844335
808 967170448
527 197740671
1688 199406845
940 141218253
656 54706921
879 851203860
597 914989419
1982 536938535
1887 152386620
51 153977488
1801 735323301
1725 279299670
677 73752668
1773 260217853
1605 852532368
730 204218032
1475 911772074
317 648654980
1338 438897711
181 543500056
234 602640134
1717 768354742
1288 204614308
1985 82349156
699 713995462
1269 429901393
913 953980871
926 345502360
840 651054103
1294 72863113
1429 968510393
1820 825695935
1936 324867162
466 226013743
150 583518174
909 505167208
1510 606738208
465 85605429
773 528126776
819 821360495
1802 329633143
1756 609325634
162 533616471
509 723645538
301 321389280
229 904850343
591 554067555
1469 880843497
1440 67979509
1373 374974570
1069 657794785
1700 685945511
372 669110636
307 397752237
1420 242000217
1890 527856073
1083 691435165
123 484020868
46 941855950
410 627048741
836 89583136
291 361838023
1251 375695282
252 142693997
1074 560759384
1022 194339033
1629 807211248
1816 850828062
245 792973818
1324 527828987
845 216290131
576 158980897
894 249421846
1759 839250710
259 882257361
198 135669239
1150 704922098
1095 331100109
706 423121428
1065 895635323
486 706746833
1301 438423096
8 979873052
603 494101773
1560 202805618
955 537563652
1865 958703805
1277 321877404
19 91920922
410 934561830
1796 731695209
16 796734940
1306 84635905
897 969943800
362 586380143
788 10156087
93 30924000
1331 933887570
270 621924598
892 348092243
1629 836681438
497 817261697
1758 895900609
1575 238771407
715 732599236
1210 538385630
1502 10116119
536 654781290
1272 815451388
498 785683723
733 281863195
1486 116088969
1237 569115558
871 249375201
1085 903024489
555 495539350
52 645468382
220 741630703
14 49327061
16 53389148
1893 635801734
1169 846398761
899 306272162
46 792167877
1080 162805713
1800 725193634
1498 576721305
230 691772603
96 295853573
577 1897742
247 236548221
921 767898732
1870 48798451
670 363562494
1321 902248554
199 210311811
1857 243568640
207 889375749
241 825760185
1699 796685748
1003 987120321
773 503723959
1682 335424272
540 157656518
1150 723013804
1730 195142864
91 205441450
1652 106560739
137 279935060
1206 898974660
1213 343498285
1837 355530314
367 620275723
274 677542609
155 104754412
822 519209217
1344 904926751
1176 390600137
803 717413266
369 224519023
573 291317690
1881 340885738
1993 487833364
1278 836716149
1591 901862531
580 761683897
1708 381241665
208 859306105
208 862663471
1340 23149620
1934 97173526
519 997040952
1367 338885821
866 21762690
1711 310148331
691 221923116
1615 816604468
1718 267477684
130 829465458
1095 701476273
664 640501692
169 947565195
1221 861635311
1538 753088830
915 721203694
1340 177856934
44 533781244
342 640276308
65 93633607
129 208287650
1958 534033056
1316 759597204
1651 581711143
489 591658438
1204 987500445
1581 822124265
154 937613842
916 358834574
1241 491522930
1810 436901042
600 991481587
371 940936993
499 115170232
1332 662116430
892 746891830
503 122629153
6 287564587
435 544240085
137 165756601
242 333663005
817 979271207
1730 326824549
655 157718874
1733 921197551
22 436889896
1104 261623842
287 163518908
1215 766841855
758 419299898
816 21072134
1834 358607504
228 493931631
1937 84795996
225 866138813
337 636703933
274 15331408
1497 21434969
341 665957728
950 430860220
1900 806997960
1486 373064120
621 770431191
1657 776341581
498 163718188
882 140604227
1866 698912839
1978 876479102
1318 619057964
1414 704689453
1805 812526482
1692 491539509
1416 542677829
298 774519108
374 475680991
943 264933658
938 884148169
1936 622749944
744 286181870
1156 39346293
1867 635069620
1193 481252102
2 961111405
269 429924467
1247 678106112
933 891459756
183 200176807
1849 895410816
1268 184247492
438 844053318
1798 782368053
1083 66431548
93 450477243
364 750039673
1169 92737481
1939 288453604
827 317805620
1737 528626933
1449 883636429
1313 730952253
1310 920200120
1566 220159555
1391 121446827
536 279811155
791 753307842
1420 684024203
1396 599158846
841 821745838
471 959432925
1699 693341152
1864 8390209
947 349321719
688 264995079
949 526834111
1998 756000209
56 898399684
1747 573596065
642 571029791
37 554399193
1018 725223756
1199 779587207
620 365469748
1792 692829045
969 349998415
408 362559906
324 700932099
1774 341639305
1317 472990781
988 120729657
1754 627431600
257 465447908
49 296374412
894 215996967
288 778852858
1178 968058022
1790 204674455
1550 46097994
535 737635141
1242 723698837
1963 777873117
254 439100595
1535 99494615
1618 257244684
1386 417641979
1310 923837747
10 713605925
1634 895350795
1421 690274038
1456 647392685
152 259215636
237 863556991
1844 477123575
1716 733821943
379 445862194
1170 805579854
1855 778030303
987 27578418
468 953349343
1380 874606529
753 508677610
231 998979870
851 736634189
1090 102021234
43 647657540
344 380579268
267 275302239
926 827178230
636 801651908
1263 667769176
26 548934512
1593 387079539
1798 343560885
430 424824358
324 247710119
1300 809033327
1979 776365162
869 986355745
1272 562882158
1056 689832269
1370 721769807
614 942259803
775 421553921
286 434538742
342 213413007
209 111262762
180 426071944
1790 240260610
671 188074538
391 442345824
29 224994266
931 652681886
918 904570821
1546 705294680
630 393232845
300 191175441
1293 529489193
1434 262429834
270 715247389
283 96706715
1747 578458821
57 395009777
1959 421780746
193 872666857
1755 127832263
887 570050624
706 849983500
367 764668737
1412 345581472
1525 455656268
703 181372064
1350 510554568
1697 331856423
1317 390198364
703 540575388
55 909406121
322 150695073
55 379604101
709 569227293
707 731311495
1592 422621452
221 816383788
1360 412693350
283 807443549
1012 522759706
1415 199210159
1362 311369848
1503 373517757
1912 452661798
1702 48626663
1627 247644610
945 470724871
435 401616960
748 668974167
701 27262496
35 30326273
664 677945678
553 835237076
392 283846633
1428 333757690
1335 299546250
46 266899017
1471 53232043
1014 521907820
817 379482900
637 291336117
1601 220992043
1338 546698679
951 968231254
662 447039883
591 158427541
1057 318891317
362 246016066
587 917998387
1371 532158646
1755 171125063
1579 472879122
332 895301891
678 350473538
1403 75652745
1516 21501327
1947 872823138
1040 155659011
417 400218555
908 870035334
1767 474476742
1516 150502200
1437 608054679
1694 805920379
36 410322247
1240 886733224
1617 400660546
690 99141357
512 357023627
1016 450884293
382 488030633
1801 939151146
1230 227087719
1371 983104405
246 649996454
1204 397726143
1055 468731816
1458 297653400
792 270895512
1157 358300542
1042 700427649
784 571031570
1877 875286067
523 885994649
315 272068310
436 897245404
480 916346232
137 325615438
72 105862228
1775 617008862
425 300302325
863 93973488
268 253152039
787 114563949
480 722012171
1453 538511012
999 732319549
721 182301733
728 488430022
566 251767952
1099 807202866
1882 185600123
480 717226775
347 987631400
520 4119836
1550 999392441
1066 636744232
219 99221513
144 593189548
1247 124549115
1431 658776600
920 763660478
1955 666536281
829 428644851
680 747666746
484 269508079
1570 876435525
1898 677234688
750 263726822
1551 110303251
1423 530841014
247 768135135
506 735045001
26 864999700
378 962969542
52 697365171
685 137375226
1142 434875251
1396 923640917
723 340677958
903 661307095
340 90761367
1023 156307112
661 934928631
59 426659894
5 625150669
1979 502740210
218 675893921
776 98669519
1643 241571511
442 639648453
1652 800511505
512 491139493
1845 531220850
476 278307756
83 685676360
964 496110230
118 60155798
1123 627460735
1434 482571435
821 585536676
1886 546209172
1918 582494642
1447 400677977
1508 172707702
1534 679594475
865 516105742
158 334697714
1186 812449005
1207 176358455
1834 713663230
302 921083615
576 930884920
1722 378716563
1148 912405356
1145 685223506
1886 137853233
1017 416362206
1559 916281627
1071 527195317
1871 197733831
1747 9288915
93 559243547
226 387035594
1330 340792206
1643 900684742
1422 570354216
323 78835634
1721 768528972
1569 181633712
1484 632561579
1794 374987581
1541 785897819
1926 556299990
23 269214331
209 131434910
1495 129100212
1275 98287381
560 396685383
129 825110635
784 368699151
97 327289609
889 258737393
1634 354929180
1553 94285269
1914 372109245
978 907698869
1478 252030094
315 958445957
1285 883650971
1773 271912382
541 757358581
942 726099076
133 183471916
1993 863120508
1577 900123116
157 289162530
970 305485269
1466 370681513
1563 334837176
23 392740303
357 224316484
158 173402004
452 759295951
1006 651590528
919 240224329
889 421740802
1620 973978136
227 710790127
1889 851747361
1209 646667336
1180 753818064
567 380914429
1461 947164666
257 820017707
255 158596022
1067 563928669
642 526178648
1393 883651134
988 782700328
32 199482805
1835 437586115
1675 923969928
1188 430330917
1015 912595844
512 238133380
271 134388257
394 573843300
176 838554983
754 18031809
1518 526532382
1788 866425340
910 35225286
178 154823234
554 134454869
1230 37945960
1984 650115307
337 979951386
195 826759591
911 242025415
1769 675520812
1152 928254110
1147 294407197
897 483691398
1992 100736619
1793 222803561
1762 993536369
885 421212157
1551 667006498
916 541381300
169 550954230
1659 267921903
1503 34172952
506 598561000
1890 433606505
1268 912471584
1848 187722500
611 520371669
1021 55474032
371 94610531
509 318314722
3 527465768
1179 734156569
1431 164122475
830 639000781
1720 841482739
1870 30808602
290 214800659
475 399273114
1828 347824715
391 802721512
1956 618292523
1479 123129996
73 647628664
293 686740704
943 325669075
401 442997970
1574 702627875
1180 705850397
67 823572832
1787 180283827
1166 436870027
1162 732433606
1443 108201092
486 263340674
1041 577268388
1986 638516579
1902 1492475
883 358709695
1168 273070986
1236 173122476
