3098390651
3098390651
3098390651
3098390651
3098390651
3098390651
3098390651
3098390651
3098390651
3098390651
3098068292
3110992808
3110992808
3110992808
3110992808
3110992808
3110992808
3110992808
3110992808
3110992808
3110992808
3110992808
3110992808
3110992808
3110992808
3110992808
3110992808
3110992808
3110992808
3110992808
3110992808
3110992808
3110992808
3110992808
3110992808
3247550418
3247550418
3247550418
3247550418
3247550418
3247550418
3247550418
3247550418
3247550418
3247550418
3247550418
3247550418
3247550418
3247550418
3247550418
3247550418
3247550418
3247550418
3247550418
3247550418
3247550418
3247550418
3247550418
3247550418
3233557149
3233557149
3233557149
3233557149
3233557149
3233557149
3233557149
3233557149
3233557149
3233557149
3233557149
3233557149
3233557149
3233557149
3233557149
3233557149
3233557149
3233557149
3233557149
3233557149
3233557149
3233557149
3233557149
3233557149
3233557149
3233557149
3233557149
3233557149
3233557149
3233557149
3233557149
3233557149
3233557149
3233557149
3233557149
3233557149
3233557149
3233557149
3233557149
3233557149
3233557149
3233557149
3233557149
3233557149
3233557149
3233557149
3233557149
3262622869
3262622869
3262622869
3262622869
3262622869
3262622869
3262622869
3262622869
3262622869
3262622869
3262622869
3262622869
3309975295
3309975295
3309975295
3309975295
3309975295
3309975295
3309975295
3309975295
3309975295
3309975295
3309975295
3309975295
3309975295
3309975295
3309975295
3286315132
3286315132
3286315132
3286315132
3286315132
3286315132
3286315132
3286315132
3286315132
3286315132
3286315132
3286315132
3286315132
3286315132
3286315132
3286315132
3286315132
3286315132
3286315132
3286315132
3286315132
3286315132
3286315132
3286315132
3282162648
3282162648
3282162648
3282162648
3282162648
3282162648
3285685947
3285685947
3285685947
3295034687
3295034687
3101945306
3101945306
3101945306
3101945306
3101945306
3101945306
3101945306
3071120958
3071120958
3071120958
3071120958
3071120958
3071120958
3071120958
3071120958
3071120958
3071120958
3071120958
3071120958
3071120958
3071120958
3071120958
3071120958
3071120958
3071120958
3081317152
3081317152
3072313514
3072313514
3072313514
3072313514
3072313514
3072313514
3072313514
3072313514
3072313514
3072313514
3072313514
3072313514
3072313514
3072313514
3085939823
3085939823
3085939823
3085939823
3085939823
3085939823
3085939823
3085939823
3085939823
3085939823
3085939823
3085939823
3085939823
3085939823
3085939823
3085939823
3085939823
3085939823
3085939823
3085939823
3085939823
3085939823
3085939823
3085939823
3085939823
3085939823
3085939823
3085939823
3085939823
3085939823
3085939823
3085939823
3085939823
3085939823
3085939823
3085939823
3085939823
3085939823
3085939823
3085939823
3085939823
3085939823
3145826410
3145826410
3121958655
3121958655
3121958655
3121958655
3121958655
3121958655
3121958655
3121958655
3121958655
3121958655
3108782236
3108782236
2928892467
2928892467
2928892467
2928892467
2928892467
2928892467
2928892467
2928892467
2928892467
2928892467
2928892467
2928892467
2928892467
2928892467
2928892467
2928892467
2928892467
2928892467
2907219346
2907219346
2907219346
2907219346
2907219346
2907219346
2907219346
2907219346
3100308727
3100308727
3100308727
3100308727
3100308727
3100308727
3100308727
3100308727
3100308727
3100308727
3100308727
3100308727
3100308727
3100308727
3100308727
3100308727
3100308727
3100308727
3100308727
3100308727
3100308727
3100308727
3100308727
3100308727
3100308727
3100308727
3100308727
3100308727
3100308727
3100308727
3100308727
3100308727
3100308727
3100308727
3100308727
3100308727
3100308727
3100308727
3100308727
3100308727
3100308727
3100308727
3100308727
3100308727
3100308727
3100308727
3100308727
3100308727
3100308727
3100308727
3100308727
3100308727
3100308727
3100308727
3100308727
3100308727
3100308727
3100308727
3100308727
3100308727
3100308727
3100308727
3100308727
3122001403
3122001403
3122001403
3122001403
3122001403
3122001403
3122001403
3122001403
3122001403
3122001403
3122001403
3122001403
3122001403
3122001403
3122001403
3122001403
3122001403
3122001403
3122001403
3122001403
3122001403
3122001403
3122001403
3122001403
3122001403
3153962741
3153962741
3153962741
3153962741
3153962741
3153962741
3153962741
3153962741
3153962741
3153962741
3153962741
3153962741
3153962741
3153962741
3153962741
3153962741
3153962741
3153962741
3153962741
3153962741
3153962741
3153962741
3153962741
3153962741
3153962741
3153962741
3153962741
3153962741
3153962741
3153962741
3153962741
3153962741
3153962741
3153962741
3153962741
3153962741
3153962741
3153962741
3153962741
3153962741
3153962741
3153962741
3153962741
3153962741
3153962741
3153962741
3153962741
3153962741
3153962741
3153962741
3153962741
3153962741
3153962741
3153962741
3153962741
3153962741
3153962741
3153962741
3153962741
3153962741
3153962741
3153962741
3153962741
3153962741
3153962741
3153962741
3153962741
3153962741
3153962741
3153962741
3153962741
3153962741
3153962741
3153962741
3153962741
3154144165
3154144165
3154144165
3154144165
3154144165
3154144165
3154144165
3154144165
3154144165
3154144165
3154144165
3154144165
3154144165
3154144165
3151946560
3151946560
3151946560
3151946560
3151946560
3151946560
3151946560
3151946560
3151946560
3151946560
3151946560
3151946560
3151946560
3151946560
3151946560
3151946560
3151946560
3194018385
3197848124
3197848124
3197848124
3197848124
3197848124
3197848124
3197848124
3197848124
3197848124
3197848124
3197848124
3197848124
3197848124
3197848124
3214286096
3214286096
3214286096
3214286096
3214286096
3214286096
3214286096
3214286096
3214286096
3214286096
3214286096
3214286096
3214286096
3214286096
3214286096
3214286096
3214286096
3214286096
3214286096
3214286096
3214286096
3214286096
3214286096
3214286096
3214286096
3214286096
3214286096
3214286096
3051880033
3051880033
3051880033
3051880033
3051880033
3051880033
3051880033
3051880033
3051880033
3051880033
3051880033
3051880033
3051880033
3051880033
2894874268
2894874268
2894874268
2894874268
2894874268
2894874268
2894874268
2894874268
2894874268
2894874268
2894874268
2894874268
2894874268
2894874268
2894874268
2894874268
2894874268
2894874268
2894874268
2894874268
2894874268
2894874268
2894874268
2894874268
2894874268
2894874268
2894874268
2894874268
2894874268
2894874268
2894874268
2894874268
2894874268
2894874268
2894874268
2894874268
2894874268
2894874268
2894874268
2894874268
2894874268
2894874268
2894874268
2894874268
2894874268
2894874268
2894874268
2894874268
2894874268
2894874268
2894874268
2894874268
2894874268
2894874268
2894874268
2894874268
2894874268
2894874268
2894874268
2894874268
2894874268
2894874268
2894874268
2894874268
2894874268
2894874268
2894874268
2894874268
2894874268
2894874268
2894874268
2894874268
2894874268
2894874268
2894874268
2894874268
2894874268
2894874268
2894874268
2894874268
2894874268
2894874268
2894874268
2894874268
2894874268
2894874268
2894874268
2894874268
2894874268
2894874268
2894874268
2894874268
2894874268
2858167100
2830183463
2830183463
2825956093
2825956093
2825956093
2825956093
2825956093
2825956093
2825956093
2825956093
2825956093
2825956093
2825956093
2825956093
2825956093
2825956093
2825956093
2825956093
2825956093
2783017956
2783017956
2783017956
2783017956
2783017956
2783017956
2783017956
2783017956
2783017956
2783017956
2783017956
2783017956
2783017956
2783017956
2783017956
2783017956
2783017956
2783017956
2783017956
2783017956
2783017956
2783017956
2783017956
2783017956
2783017956
2751166899
2751166899
2751166899
2751166899
2751166899
2751166899
2751166899
2751166899
2751166899
2751166899
2751166899
2751166899
2751166899
2751166899
2751166899
2751166899
2751166899
2751166899
2751166899
2751166899
2751166899
2751166899
2751166899
2751166899
2751166899
2751166899
2751166899
2751166899
2751166899
2751166899
2751166899
2751166899
2751166899
2751166899
2751166899
2751166899
2751166899
2751166899
2751166899
2743018792
2748831948
2748831948
2748831948
2748831948
2748831948
2748831948
2748831948
2748831948
2748831948
2748831948
2748831948
2748831948
2748831948
2748831948
2748831948
2748831948
2704126848
2704126848
2704126848
2704126848
2704126848
2704126848
2684526200
2684526200
2684526200
2684526200
2684526200
2684526200
2684526200
2684526200
2684526200
2684526200
2646273171
2646273171
2646273171
2646273171
2646273171
2646273171
2646273171
2646273171
2646273171
2646273171
2646273171
2646273171
2646273171
2646273171
2646273171
2646273171
2646273171
2646273171
2646273171
2646273171
2646273171
2646273171
2646273171
2646273171
2646273171
2646273171
2646273171
2646273171
2646273171
2646273171
2646273171
2646273171
2646273171
2646273171
2646273171
2646273171
2646273171
2648497525
2648497525
2648497525
2648497525
2648497525
2648497525
2648497525
2648497525
2648497525
2648497525
2648497525
2648497525
2648497525
2648497525
2648497525
2648497525
2648497525
2648497525
2648497525
2648497525
2648497525
2648497525
2648497525
2648497525
2648497525
2648497525
2648497525
2648497525
2648497525
2648497525
2648497525
2648497525
2648497525
2648497525
2648497525
2648497525
2648497525
2648497525
2648497525
2648497525
2648497525
2648497525
2648497525
2663505081
2663505081
2663505081
2663505081
2663505081
2663505081
2629461473
2629461473
2629461473
2629461473
2629461473
2629461473
2629461473
2629461473
2629461473
2629461473
2629461473
2629461473
2629461473
2629461473
2629461473
2629461473
2629461473
2629461473
2629461473
2629461473
2629461473
2629461473
2629461473
2629461473
2629461473
2629461473
2629461473
2669040075
2669040075
2669040075
2669040075
2669040075
2669040075
2669040075
2669040075
2669040075
2669040075
2675617087
2675617087
2675617087
2675617087
2675617087
2675617087
2675617087
2675617087
2675617087
2675617087
2675617087
2675617087
2675617087
2675617087
2675617087
2675617087
2675617087
2675617087
2675617087
2675617087
2675617087
2675617087
2675617087
2675617087
2675617087
2675617087
2675617087
2675617087
2675617087
2675617087
2675617087
2688957606
2688957606
2688957606
2688957606
2688957606
2688957606
2688957606
2688957606
2688957606
2688957606
2688957606
2688957606
2688957606
2688957606
2688957606
2688957606
2688957606
2688957606
2688957606
2688957606
2688957606
2688957606
2688957606
2688957606
2688957606
2688957606
2688957606
2688957606
2688957606
2688957606
2688957606
2688957606
2688957606
2688957606
2688957606
2688957606
2688957606
2688957606
2688957606
2688957606
2688957606
2688957606
2688957606
2688957606
2688957606
2688957606
2644785007
2644785007
2644785007
2644785007
2644785007
2644785007
2644785007
2644785007
2644785007
2644785007
2644785007
2644785007
2644785007
2657096161
2657096161
2655939946
2655939946
2655939946
2655939946
2655939946
2655939946
2655939946
2655939946
2655939946
2655939946
2655939946
2675640630
2675640630
2675640630
2675640630
2675640630
2675640630
2675640630
2675640630
2675640630
2675640630
2675640630
2675640630
2675640630
2675640630
2675640630
2675640630
2675640630
2675640630
2675640630
2675640630
2675640630
2675640630
2675640630
2675640630
2675640630
2675640630
2720672943
2720672943
2720672943
2720672943
2720672943
2720672943
2720672943
2720672943
2720672943
2720672943
2720672943
2720672943
2720672943
2720672943
2720672943
2720672943
2720672943
2720672943
2720672943
2720672943
2720672943
2720672943
2720672943
2720672943
2720672943
2720672943
2720672943
2720672943
2676969039
2676969039
2676969039
2676969039
2676969039
2676969039
2676969039
2676969039
2676969039
2676969039
2676969039
2676969039
2676969039
2676969039
2676969039
2676969039
2676969039
2886726646
2886726646
2886726646
2886726646
2886726646
2886726646
2886726646
2886726646
2886726646
2886726646
2886726646
2886726646
2886726646
2886726646
2886726646
2886726646
2886726646
2886726646
2886726646
2886726646
2886726646
2886726646
2886726646
2886726646
2886726646
2886726646
2886726646
2886726646
2886726646
2886726646
2886726646
2886726646
2886726646
2886726646
2886726646
2886726646
2886726646
2886726646
2886726646
2923463572
2923463572
2923463572
2923463572
2923463572
2923463572
2923463572
2923463572
2923463572
2923463572
2923463572
2923463572
2923463572
2970825061
2970825061
2970825061
2970825061
2970825061
2970825061
2970825061
2970825061
2970825061
2970825061
2970825061
2970825061
2970825061
2970825061
2970825061
2970825061
2970825061
2970825061
2970825061
2970825061
2970825061
2970825061
2802394826
2802394826
2802394826
2802394826
2802394826
2802394826
2802394826
2802394826
2802394826
2802394826
2802394826
2802394826
2802394826
2802394826
2802394826
2802394826
2802394826
2802394826
2802394826
2802394826
2802394826
2802394826
2802394826
2802394826
2802394826
2802394826
2802394826
2802394826
2802394826
2802394826
2802394826
2802394826
2802394826
2802394826
2802394826
2802394826
2802394826
2802394826
2802394826
2802394826
2802394826
2802394826
2802394826
2802394826
2802394826
2802394826
2802394826
2802394826
2802394826
2802394826
2826481684
2826481684
2826481684
2826481684
2826481684
2826481684
2826481684
2826481684
2826481684
2826481684
2826481684
2826481684
2826481684
2826481684
2826481684
2826481684
2826481684
2826481684
2826481684
2826481684
2826481684
2826481684
2826481684
2826481684
2826481684
2826481684
2826481684
2826481684
2826481684
2826481684
2826481684
2826481684
2826481684
2826481684
2826481684
2826481684
2826481684
2826481684
2826481684
2826481684
2826481684
2826481684
2826481684
2853896575
2853896575
2853896575
2853896575
2853896575
2853896575
2853896575
2853896575
2853896575
2853896575
2853896575
2853896575
2853896575
2853896575
2853896575
2853896575
2853896575
2853896575
2853896575
2853896575
2853896575
2853896575
2853896575
2853896575
2853896575
2853896575
2853896575
2853896575
2853896575
2853896575
2853896575
2853896575
2853896575
2853896575
2853896575
2853896575
2853896575
2853896575
2853896575
2853896575
2853896575
2853896575
2853896575
2853896575
2853896575
2853896575
2853896575
2853896575
2853896575
2853896575
2853896575
2853896575
2853896575
2834877116
2834877116
2834877116
2834877116
2834877116
2834877116
2834877116
2834877116
2834877116
2834877116
2834877116
2834877116
2834877116
2834877116
2834877116
2834877116
2834877116
2834877116
2834877116
2834877116
2834877116
2834877116
2834877116
2834877116
2866946551
2866946551
2866946551
2866946551
2866946551
2866946551
2866946551
2866946551
2866946551
2866946551
2866946551
2866946551
2866946551
2866946551
2866946551
2866946551
2866946551
2866946551
2866946551
2866946551
2866946551
2866946551
2866946551
2866946551
2866946551
2866946551
2853073520
2853073520
2804252560
2804252560
2829622549
2829622549
2829622549
2829622549
2829622549
2829622549
2829622549
2829622549
2829622549
2829622549
2829622549
2829622549
2829622549
2829622549
2829622549
2829622549
2829622549
2829622549
2829622549
2829622549
2829622549
2829622549
2829622549
2829622549
2829622549
2829622549
2829622549
2829622549
2829622549
2829622549
2829622549
2829622549
2829622549
2829622549
2829622549
2829622549
2829622549
2829622549
2829622549
2829622549
2829622549
2829622549
2829622549
2829622549
2829622549
2829622549
2829622549
2829622549
2829622549
2829622549
2829622549
2829622549
2829622549
2829622549
2829622549
2829622549
2829622549
2829622549
2829622549
2829622549
2829622549
2829622549
2962591504
2962591504
2962591504
2962591504
2962591504
2962591504
2962591504
2962591504
2962591504
2962591504
2962591504
2962591504
2962591504
2962591504
2962591504
2962591504
2962591504
2962591504
2962591504
2962591504
2962591504
2962591504
2962591504
2962591504
2962591504
2962591504
2962591504
2962591504
2962591504
2962591504
2734435385
2734435385
2734435385
2734435385
2734435385
2734435385
2734435385
2694338918
2675425202
2675425202
2675425202
2675425202
2675425202
2675425202
2675425202
2675425202
2675425202
2675425202
2636410922
2636410922
2636410922
2636410922
2636410922
2636410922
2636410922
2636410922
2636410922
2636410922
2636410922
2636410922
2381655749
2278778359
2278778359
2278778359
2278778359
2278778359
2278778359
2278778359
2278778359
2278778359
2278778359
2278778359
2278778359
2278778359
2278778359
2278778359
2278778359
2278778359
2278778359
2278778359
2278778359
2278778359
2278778359
2278778359
2278778359
2278778359
2278778359
2278778359
2278778359
2278778359
2278778359
2278778359
2278778359
2278778359
2278778359
2297382980
2297382980
2297382980
2297382980
2303152321
2303152321
2303152321
2303152321
2303152321
2303152321
2303152321
2303152321
2303152321
2303152321
2303152321
2303152321
2303152321
2303152321
2303152321
2303152321
2303152321
2303152321
2303152321
2303152321
2303152321
2303152321
2303152321
2303152321
2303152321
2303152321
2303152321
2303152321
2303152321
2303152321
2303152321
2303152321
2303152321
2303152321
2303152321
2303152321
2303152321
2303152321
2303152321
2303152321
2303152321
2303152321
2303152321
2303152321
2303152321
2303152321
2303152321
2303152321
2303152321
2303152321
2303152321
2303152321
2343402721
2343402721
2343402721
2343402721
2343402721
2343402721
2343402721
2343402721
2343402721
2343402721
2343402721
2343402721
2343402721
2343402721
2343402721
2343402721
2308044124
2308044124
2308044124
2308044124
2308044124
2308044124
2308044124
2308044124
2308044124
2308044124
2308044124
2308044124
2308044124
2308044124
2308044124
2308044124
2308044124
2308044124
2344147094
2344147094
2344147094
2344147094
2344147094
2332803382
2332803382
2332803382
2332803382
2332803382
2332803382
2332803382
2332803382
2332803382
2332803382
2332803382
2332803382
2332803382
2352569387
2352569387
2352569387
2352569387
2352569387
2352569387
2352569387
2352569387
2352569387
2352569387
2352569387
2352569387
2352569387
2352569387
2352569387
2378786935
2378786935
2378786935
2378786935
2378786935
2378786935
2378786935
2378786935
2406875432
2406875432
2406875432
2406875432
2406875432
2406875432
2406875432
2406875432
2406875432
2406875432
2406875432
2406875432
2406875432
2406875432
2406875432
2422256152
2422256152
2422256152
2422256152
2422256152
2422256152
2422256152
2422256152
2422256152
2422256152
2422256152
2422256152
2422256152
2422256152
2422256152
2611452976
2611452976
2611452976
2611452976
2611452976
2611452976
2611452976
2611452976
2611452976
2611452976
2611452976
2587315568
2587315568
2587315568
2587315568
2587315568
2587315568
2587315568
2761276695
2761276695
2761276695
2761276695
2761276695
2761276695
3020439576
3020439576
3020439576
3020439576
3020439576
3020439576
3020439576
3020439576
3020439576
3020439576
3020439576
3020439576
3020439576
3020439576
3020439576
3020439576
3020439576
3020439576
3020439576
3020439576
3020439576
3020439576
3020439576
3033171371
3033171371
3033171371
3033171371
3033171371
3033171371
3033171371
3033171371
3033171371
3033171371
3033171371
3033171371
3033171371
3033171371
3033171371
3033171371
3033171371
3033171371
3033171371
3033171371
3033171371
3033171371
3173279245
3173279245
3173279245
3173279245
3173279245
3173279245
3224015112
3231148113
3231148113
3231148113
3231148113
3231148113
3231148113
3231148113
3231148113
3231148113
3231148113
3231148113
3231148113
3205995731
2932239770
2932239770
2932239770
2932239770
2932239770
2932239770
2902764375
2902764375
2902764375
2902764375
2902764375
2902764375
2902764375
2902764375
2902764375
2902764375
2902764375
2902764375
2902764375
2902764375
2902764375
2902764375
2902764375
2902764375
2902764375
2872098241
2872098241
2872098241
2872098241
2872098241
2872098241
2902764375
2902764375
2902764375
2902764375
2902764375
2904193763
2904193763
2904193763
2904193763
2904193763
2904193763
2904193763
2904193763
2904193763
2904193763
2904193763
2904193763
2904193763
2904193763
2904193763
2904193763
2904193763
2904193763
2904193763
2904193763
2904193763
2904193763
2904193763
2904193763
2904193763
2904193763
2904193763
2904193763
2904193763
2904193763
2904193763
2904193763
2904193763
2904193763
2904193763
2904193763
2904193763
2904193763
2904193763
2904193763
2904193763
2904193763
2904193763
2904193763
2904193763
2904193763
2904193763
2904193763
2904193763
2904193763
2904193763
2904193763
2904193763
2904193763
2904193763
2904193763
2904193763
2904193763
2904193763
2904193763
2904193763
2904193763
2904193763
2904193763
2904193763
2904193763
2904193763
2904193763
2904193763
2904193763
2904193763
2904193763
2904193763
2904193763
2904193763
2904193763
2904193763
2904193763
2904193763
2904193763
2904193763
2904193763
2904193763
2904193763
2904193763
2904193763
2904193763
2904193763
2904193763
2904193763
2904193763
2904193763
2904193763
2904193763
2904193763
2904193763
2904193763
2904193763
2904193763
2904193763
2904193763
2904193763
2904193763
2904193763
2904193763
2904193763
2904193763
2904193763
2904193763
2904193763
2904193763
2904193763
2904193763
2904193763
2904193763
2904193763
2904193763
2904193763
2888224288
2888224288
2888224288
2888224288
2888224288
2888224288
2888224288
2888224288
2888224288
2888224288
2888224288
2888224288
2888224288
2888224288
2888224288
2888224288
2888224288
2888224288
2888224288
2888224288
2888224288
2921231501
2921231501
2921231501
2921231501
2921231501
2937200976
2937200976
2937200976
2963218447
2963218447
2963218447
2963218447
2963218447
2963218447
2963218447
2963218447
2963218447
2963218447
2963218447
2963218447
2963218447
2963218447
2963218447
2963218447
2963218447
2963218447
2963218447
2963218447
2963218447
2963218447
2963218447
2963218447
2963218447
2963218447
2963218447
2963218447
2963218447
2963218447
2963218447
2963218447
2948506719
2948506719
2948506719
2948506719
2948506719
2948506719
2948506719
2948506719
2948506719
2948506719
2948506719
2948506719
2948506719
2948506719
2948506719
2948506719
2948506719
2948506719
2948506719
2948506719
2948506719
2948506719
2948506719
2948506719
2948506719
2948506719
2948506719
2948506719
2948506719
2948506719
2948506719
2948506719
2948506719
2948506719
2948506719
2948506719
2948506719
2948506719
2948506719
2948506719
2948506719
2948506719
2948506719
2948506719
2948506719
2948506719
2948506719
2948506719
2948506719
2948506719
2948506719
2948506719
2944010004
2944010004
2944010004
2944010004
