564114063
237469251
82476488
82476488
82476488
82476488
82476488
480389868
480389868
480389868
480389868
480389868
480389868
517811747
260644625
260644625
260644625
260644625
70369300
70369300
70369300
70369300
70369300
70369300
70369300
70369300
392990841
392990841
392990841
392990841
392990841
392990841
392990841
268665252
268665252
275666562
275666562
275666562
578603234
578603234
578603234
578603234
578603234
41762266
41762266
119179589
119179589
119179589
119179589
119179589
145311101
145311101
145311101
145311101
145311101
145311101
477829190
376595577
777239255
761534268
862767881
862767881
862767881
862767881
862767881
563887152
563887152
563887152
862767881
903505855
903505855
903505855
903505855
616934424
616934424
488888902
282258301
282258301
282258301
282258301
282258301
282258301
455110662
455110662
455110662
455110662
455110662
455110662
455110662
455110662
334160421
661741263
661741263
661741263
661741263
661741263
765681065
765681065
622668902
622668902
630892866
