192
50 50 1 1
16 48 16 47 1
1 2 1 1
1 1 1 2 1
1 3 2 1
1 3 1 2 1
1 1 1 2 0
3 1 2 1
2 1 3 1 0
2 1 1 1 0
1 1 0 0
4 3 10 3
3 2 4 2 0
3 1 4 1 1
2 3 2 2 1
2 2 2 1 0
1 3 1 2 1
3 2 3 3 0
1 1 2 1 1
4 2 4 3 0
3 2 3 1 0
2 2 1 2 0
5 3 10 3
1 3 1 2 0
5 2 5 1 0
1 3 2 3 0
3 2 3 1 0
5 2 5 3 1
1 1 1 2 0
2 1 1 1 1
3 2 2 2 1
3 2 4 2 1
3 3 4 3 0
2 5 10 3
1 5 1 4 1
1 4 2 4 0
1 1 1 2 0
2 2 1 2 1
1 5 2 5 1
1 3 1 4 1
2 1 1 1 1
2 4 2 5 1
2 4 2 3 1
1 3 2 3 1
5 3 10 3
4 2 5 2 0
5 1 4 1 0
1 2 1 3 1
2 3 2 2 0
2 1 1 1 0
3 1 3 2 1
2 3 1 3 0
2 3 3 3 1
3 2 3 3 1
4 1 4 2 0
5 6 10 3
4 5 5 5 0
4 2 3 2 1
2 6 2 5 1
4 3 4 4 0
5 4 5 3 1
1 1 1 2 0
4 6 5 6 0
4 4 5 4 0
3 1 2 1 1
2 3 3 3 0
6 1 5 2
4 1 3 1 1
5 1 6 1 0
3 1 2 1 1
1 1 2 1 1
4 1 5 1 1
3 1 2 1
2 1 1 1 1
2 1 3 1 0
3 4 10 3
3 1 2 1 0
2 3 1 3 0
2 1 1 1 1
2 3 2 2 0
2 2 1 2 1
1 4 1 3 0
1 4 2 4 0
3 3 3 2 0
3 2 3 1 0
3 3 3 4 1
5 4 10 3
4 2 5 2 1
1 1 2 1 1
2 2 2 1 0
2 3 2 2 1
5 3 5 2 0
3 2 3 3 1
4 4 4 3 1
1 3 1 4 1
3 1 4 1 1
2 4 2 3 0
3 1 2 1
1 1 2 1 1
3 1 2 1 0
4 5 10 3
1 1 1 2 0
3 2 2 2 0
2 3 2 2 0
3 1 2 1 1
3 3 4 3 1
2 5 1 5 0
3 4 3 5 0
3 3 3 2 1
4 5 4 4 0
4 5 3 5 1
7 4 10 3
7 4 7 3 0
1 3 1 4 1
6 3 6 4 1
6 1 5 1 0
5 4 5 3 0
7 1 6 1 1
2 3 3 3 1
3 4 2 4 0
2 4 1 4 1
5 4 4 4 0
6 9 10 3
2 9 1 9 1
1 5 1 6 0
2 4 2 3 1
2 2 3 2 1
3 5 3 4 1
4 3 4 2 0
6 5 6 4 0
4 6 4 5 1
3 3 3 2 1
3 8 3 7 1
5 7 10 3
2 6 2 5 1
4 6 4 7 1
2 7 2 6 1
2 3 3 3 1
2 1 2 2 0
5 6 5 5 1
1 7 1 6 1
2 4 3 4 1
5 1 5 2 1
2 3 2 4 0
3 11 10 3
1 6 1 7 1
2 2 3 2 0
3 1 3 2 1
2 10 2 9 1
3 3 2 3 1
1 2 1 3 1
1 8 2 8 0
2 2 1 2 1
2 2 2 3 0
3 9 3 10 0
3 10 10 3
2 4 1 4 1
2 1 1 1 0
3 8 2 8 1
3 4 3 3 1
3 7 3 8 0
2 10 2 9 1
2 5 1 5 0
3 6 3 5 0
3 9 2 9 0
2 3 2 2 0
8 8 10 3
1 8 1 7 0
4 5 4 6 0
8 4 8 5 0
1 6 2 6 0
4 1 4 2 1
8 3 7 3 1
6 4 5 4 0
2 8 1 8 1
3 6 2 6 1
6 5 6 6 0
5 6 10 3
4 4 3 4 1
5 4 5 3 1
4 5 3 5 0
2 5 2 4 0
5 2 5 3 0
3 5 3 4 1
1 5 1 4 1
4 2 5 2 1
1 3 1 2 0
2 5 3 5 0
5 5 10 3
1 3 2 3 1
1 2 2 2 0
5 4 4 4 0
5 2 5 1 1
2 2 3 2 0
1 2 1 3 1
2 5 2 4 1
4 4 4 5 0
3 2 3 3 1
1 3 1 4 1
12 8 10 3
3 6 4 6 0
1 4 2 4 0
4 7 4 6 0
4 5 3 5 1
7 7 8 7 0
2 4 2 3 0
8 6 9 6 0
5 6 5 5 1
10 1 10 2 1
3 2 2 2 1
4 11 10 3
1 3 2 3 0
3 8 3 7 0
4 4 4 3 0
4 2 3 2 0
4 5 4 6 0
3 5 3 6 0
4 3 3 3 1
4 10 4 11 1
1 4 1 5 1
4 7 3 7 0
13 11 10 3
1 11 2 11 0
12 3 12 2 0
13 2 13 1 1
8 8 7 8 0
7 6 6 6 1
8 3 9 3 1
10 5 10 4 0
3 8 4 8 1
11 6 12 6 1
9 2 9 1 0
7 5 10 3
7 2 7 3 1
3 3 3 4 0
5 5 6 5 0
6 1 7 1 1
4 1 5 1 0
2 5 2 4 0
7 3 7 4 1
1 5 2 5 1
3 4 2 4 1
4 3 4 2 0
5 7 10 3
2 5 2 6 1
4 6 4 5 0
3 3 2 3 0
3 7 2 7 1
4 2 3 2 0
3 2 2 2 1
5 5 5 4 0
3 4 3 3 1
5 5 4 5 1
3 4 2 4 0
18 6 10 3
1 4 2 4 1
13 3 14 3 1
6 1 7 1 0
4 5 4 6 1
6 3 6 4 0
14 4 14 3 0
13 4 13 3 0
3 2 4 2 1
8 5 7 5 1
14 6 13 6 1
10 12 10 3
2 11 2 12 0
10 7 10 8 1
6 6 5 6 1
2 5 3 5 0
9 10 9 11 1
4 8 4 7 1
10 4 10 5 0
8 6 8 7 0
6 7 7 7 1
2 12 3 12 1
13 16 10 3
1 3 1 4 1
9 11 8 11 1
8 4 8 5 1
5 2 5 3 1
9 11 10 11 1
9 14 9 15 1
7 10 8 10 1
12 11 12 10 1
6 12 6 13 1
10 14 10 15 1
13 9 10 3
12 7 13 7 0
1 4 1 3 0
5 4 5 3 0
13 2 13 1 1
3 4 3 3 1
8 1 9 1 0
11 4 12 4 1
4 3 5 3 0
1 5 1 6 1
8 3 8 2 1
7 9 10 3
4 4 3 4 0
2 8 2 9 0
6 4 5 4 1
6 2 6 3 1
6 9 7 9 0
1 3 1 2 0
7 4 6 4 1
3 1 3 2 1
3 2 3 3 0
4 3 3 3 0
7 10 10 3
2 5 1 5 0
7 7 7 8 0
7 6 6 6 0
1 6 1 5 0
2 9 3 9 0
2 2 1 2 1
3 9 3 10 1
3 5 4 5 1
3 7 4 7 0
3 6 3 5 1
14 12 10 3
6 12 5 12 0
8 9 9 9 0
6 3 7 3 0
14 4 14 5 1
3 3 2 3 0
11 5 12 5 1
13 9 12 9 1
11 6 11 7 1
7 6 7 7 0
12 10 12 9 0
13 9 10 3
9 9 9 8 0
10 3 9 3 0
3 4 4 4 0
1 3 1 4 1
8 3 8 4 1
7 7 7 6 1
12 3 12 2 1
3 8 2 8 1
1 1 1 2 0
1 5 1 4 1
9 5 10 3
1 4 1 3 0
2 1 1 1 0
8 2 8 1 1
5 5 4 5 0
7 1 7 2 0
2 2 2 3 1
2 4 3 4 0
8 2 9 2 1
2 2 2 1 1
6 5 7 5 0
12 14 10 3
1 13 1 14 0
1 12 1 11 1
5 6 5 7 1
5 3 5 2 1
2 10 2 11 0
2 3 1 3 1
8 9 8 8 1
9 10 10 10 1
6 2 6 1 0
11 5 11 6 0
7 10 10 3
3 9 3 8 1
5 6 5 5 0
7 5 7 6 0
4 10 5 10 1
3 7 3 6 0
3 7 4 7 0
1 7 1 6 0
5 4 5 3 1
2 2 1 2 0
2 9 3 9 0
11 12 10 3
3 5 2 5 0
3 2 3 1 0
3 5 4 5 1
2 6 1 6 1
7 11 7 12 1
2 2 2 1 1
6 1 5 1 0
6 10 6 9 0
11 2 11 1 0
6 4 6 3 1
11 10 10 3
5 3 6 3 1
3 5 3 6 0
5 3 5 2 1
2 5 3 5 0
3 3 2 3 1
3 1 3 2 1
4 1 4 2 0
5 2 6 2 1
1 6 1 5 1
9 10 10 10 0
7 11 10 3
2 7 1 7 0
7 2 6 2 0
6 7 5 7 1
3 1 3 2 0
2 10 1 10 0
4 5 4 4 1
7 4 6 4 0
4 2 4 3 1
5 8 4 8 1
7 2 7 3 1
9 15 10 3
4 12 3 12 0
6 9 5 9 0
1 4 1 5 0
2 1 1 1 1
1 3 1 2 0
5 14 6 14 1
9 11 9 10 1
8 4 8 3 1
9 3 9 2 0
8 6 8 7 0
16 14 10 3
4 12 4 11 0
11 5 11 6 0
9 12 8 12 0
11 14 11 13 0
10 9 10 10 0
15 1 14 1 1
3 2 4 2 1
10 3 10 2 0
3 10 3 9 0
15 7 15 8 1
17 15 10 3
6 2 6 3 0
16 5 16 4 1
14 6 13 6 0
1 14 2 14 1
5 10 5 11 1
5 8 5 7 1
12 15 13 15 1
9 4 9 5 0
11 1 10 1 1
13 7 13 6 1
18 13 10 3
9 5 9 6 0
6 5 5 5 1
1 5 1 4 0
13 12 14 12 0
9 1 10 1 0
13 11 13 10 1
12 1 11 1 0
17 7 17 8 1
1 11 1 12 0
16 5 15 5 0
14 13 10 3
2 8 2 7 0
5 6 5 5 1
4 2 4 1 1
9 10 9 9 1
11 6 11 7 0
11 8 10 8 0
2 1 3 1 0
13 3 13 4 0
10 12 11 12 0
7 9 7 10 0
18 13 10 3
17 8 17 7 1
14 12 13 12 0
17 3 17 4 0
13 10 13 9 0
15 13 14 13 1
2 11 3 11 0
12 1 11 1 1
14 11 14 12 1
9 9 9 8 0
11 11 11 10 0
13 21 10 3
1 4 1 5 1
2 16 3 16 0
12 6 12 5 0
2 15 2 14 1
5 8 6 8 1
12 3 12 2 0
11 12 11 13 1
5 9 6 9 0
6 10 6 9 0
6 11 5 11 1
19 13 10 3
5 12 5 11 0
11 13 12 13 0
11 8 11 7 1
13 8 13 9 0
7 12 7 13 1
2 13 2 12 0
12 13 12 12 0
8 8 8 9 1
6 7 6 8 1
3 9 4 9 0
10 16 10 3
4 15 5 15 0
8 6 7 6 1
7 9 8 9 0
9 5 9 4 0
8 10 8 9 0
7 1 8 1 1
10 14 10 15 1
8 16 9 16 1
10 8 9 8 0
1 9 2 9 1
14 15 10 3
1 9 1 8 0
5 6 5 5 1
7 10 7 11 1
3 4 3 3 0
9 14 9 15 0
2 15 3 15 0
6 15 6 14 0
9 8 9 7 1
1 15 1 14 0
7 11 7 12 0
15 19 10 3
9 19 9 18 0
12 18 12 19 1
11 8 10 8 1
6 8 6 9 0
12 9 13 9 0
4 11 5 11 1
10 13 10 14 1
7 6 7 7 1
14 13 14 12 1
14 4 13 4 0
14 13 10 3
10 9 9 9 1
10 1 11 1 1
10 3 11 3 1
2 10 2 9 1
3 3 3 2 1
1 2 2 2 1
8 3 7 3 1
2 4 3 4 1
14 13 14 12 0
4 12 3 12 0
19 20 10 3
18 10 19 10 1
4 9 3 9 1
5 7 6 7 0
13 2 12 2 1
7 16 6 16 0
4 16 4 17 0
2 3 2 4 0
13 3 14 3 1
13 11 13 12 1
9 3 8 3 0
22 18 10 3
19 1 19 2 1
6 9 6 8 0
2 4 2 5 1
15 12 14 12 0
3 6 3 5 0
11 6 11 5 1
17 16 17 15 1
17 3 17 2 0
6 3 5 3 1
6 14 7 14 1
6 17 10 3
6 16 5 16 1
3 14 3 13 1
6 9 6 8 1
5 14 5 15 1
3 15 2 15 0
1 17 1 16 0
4 12 4 13 1
2 1 3 1 0
6 8 6 7 1
6 13 6 12 0
17 17 10 3
3 5 3 6 0
7 15 6 15 0
13 14 13 15 1
7 5 8 5 0
5 4 6 4 1
9 3 10 3 1
7 1 7 2 1
9 7 10 7 1
2 10 3 10 0
5 3 4 3 0
16 19 10 3
11 19 12 19 1
14 14 15 14 0
8 8 8 7 0
15 8 16 8 1
6 15 5 15 1
5 10 4 10 1
1 16 2 16 0
5 14 5 13 0
14 17 14 16 0
12 12 13 12 0
13 22 10 3
9 11 9 12 1
6 8 7 8 1
7 19 6 19 0
3 11 3 12 0
1 6 2 6 0
1 8 1 7 1
1 2 2 2 1
13 20 13 21 0
3 21 4 21 0
13 5 12 5 0
24 8 10 3
3 4 2 4 1
11 2 12 2 1
8 6 8 7 0
1 2 2 2 0
19 2 19 1 0
2 6 1 6 0
6 5 6 6 1
21 6 21 7 0
9 2 10 2 1
15 4 15 3 1
19 16 10 3
8 12 9 12 1
16 11 17 11 1
9 7 9 8 1
14 6 13 6 1
4 4 4 3 0
18 15 17 15 1
8 1 9 1 1
2 4 2 3 0
10 12 9 12 0
1 13 2 13 1
19 18 10 3
4 11 4 12 0
17 14 16 14 1
18 8 19 8 1
10 10 10 11 0
10 4 11 4 0
19 17 18 17 1
12 6 13 6 0
18 13 17 13 0
11 7 11 6 1
5 7 6 7 0
23 25 10 3
12 22 12 23 0
4 20 4 21 0
3 16 2 16 1
6 15 6 14 1
4 9 4 8 1
23 23 23 24 1
12 25 11 25 0
11 18 11 19 1
8 7 8 6 0
9 22 10 22 0
16 18 10 3
11 8 11 9 1
10 16 9 16 1
14 16 13 16 1
12 3 13 3 1
16 4 16 5 0
14 13 14 14 0
14 10 14 9 1
15 7 14 7 1
11 4 11 5 1
5 13 6 13 1
19 17 10 3
5 11 5 10 0
16 15 16 16 0
1 6 1 7 0
3 10 3 9 1
2 8 1 8 0
5 11 4 11 1
5 9 4 9 0
15 12 15 13 0
7 3 7 2 1
11 7 11 8 1
18 13 10 3
14 2 14 3 0
6 8 5 8 0
17 8 16 8 0
3 7 4 7 1
10 4 11 4 1
1 1 2 1 1
15 2 15 3 1
5 11 5 10 1
10 11 11 11 1
13 3 13 4 1
11 23 10 3
9 21 8 21 1
10 21 10 20 1
1 16 1 17 1
1 19 1 18 0
6 13 6 12 0
2 12 1 12 0
5 1 6 1 0
6 3 7 3 1
3 9 4 9 1
2 8 3 8 0
23 27 10 3
14 9 13 9 1
8 5 8 4 0
13 23 14 23 0
15 4 15 5 0
12 3 13 3 1
18 8 17 8 0
8 13 8 14 1
9 4 9 5 0
2 17 2 16 1
2 7 1 7 0
20 11 10 3
15 8 15 9 0
13 5 13 4 0
16 6 16 7 1
2 8 2 7 0
14 3 13 3 0
12 8 13 8 1
18 5 17 5 1
17 10 17 9 1
15 2 15 3 1
3 8 2 8 0
14 16 10 3
2 8 2 7 0
11 11 10 11 0
3 14 3 15 0
7 12 8 12 0
9 11 9 10 0
3 10 4 10 0
9 10 9 9 1
1 7 1 8 0
8 6 8 5 1
8 4 9 4 0
16 22 10 3
4 8 5 8 0
16 10 16 11 0
16 7 15 7 0
1 9 1 8 1
11 1 12 1 0
7 6 8 6 0
12 10 13 10 0
9 9 9 10 0
9 15 10 15 0
8 9 8 8 1
21 23 10 3
11 17 12 17 1
7 3 6 3 0
7 17 7 16 0
5 3 6 3 0
2 1 2 2 0
14 19 13 19 1
2 21 3 21 0
15 2 15 3 0
14 7 14 8 0
11 20 11 21 1
26 17 10 3
2 16 2 15 0
14 16 13 16 1
15 12 15 11 1
13 10 13 9 1
23 5 23 6 1
17 1 16 1 0
21 16 21 15 1
19 5 18 5 1
24 6 24 5 1
26 2 25 2 1
26 19 10 3
16 4 16 5 1
13 19 14 19 0
16 13 16 12 0
22 19 21 19 0
8 16 8 17 0
6 7 7 7 0
20 16 20 15 0
17 14 18 14 0
14 7 14 6 0
22 14 21 14 1
26 21 10 3
17 16 16 16 1
11 19 11 20 1
6 19 6 20 0
6 12 7 12 0
25 5 25 6 1
10 14 10 13 1
21 12 22 12 1
22 18 22 17 0
3 2 3 1 1
15 11 16 11 1
23 22 10 3
12 4 12 3 1
15 9 16 9 0
15 15 14 15 0
20 4 21 4 1
7 11 7 12 1
1 13 1 14 1
14 18 14 17 1
20 7 21 7 1
5 7 5 8 0
17 5 16 5 0
19 18 10 3
15 13 16 13 0
5 13 5 14 0
13 14 12 14 0
11 10 11 11 0
14 6 13 6 1
3 14 3 13 0
7 14 7 15 0
5 6 6 6 0
13 3 13 4 1
18 9 19 9 1
21 17 10 3
2 8 3 8 1
2 2 2 1 1
13 3 13 2 1
12 10 13 10 1
1 16 2 16 0
5 9 4 9 1
2 14 3 14 0
21 5 21 4 0
13 16 12 16 1
1 2 1 1 0
28 10 10 3
6 6 6 7 1
23 1 23 2 0
4 8 4 7 1
27 4 26 4 1
15 4 15 3 0
11 2 12 2 1
11 9 10 9 0
19 9 20 9 0
19 6 20 6 0
23 7 22 7 0
25 19 10 3
10 19 9 19 0
20 18 20 17 1
6 17 7 17 0
22 2 21 2 0
6 18 6 17 1
10 15 10 16 0
20 4 21 4 0
19 14 18 14 1
8 15 8 14 1
13 15 14 15 1
25 24 10 3
8 22 8 21 1
11 11 11 10 0
11 19 11 20 1
5 21 4 21 1
15 21 15 22 1
9 10 9 11 0
13 2 14 2 0
16 8 17 8 0
3 24 4 24 1
11 5 11 4 1
23 15 10 3
4 5 4 6 1
21 8 20 8 0
1 10 2 10 0
20 8 19 8 0
16 3 16 2 1
9 10 10 10 0
15 3 16 3 1
11 10 11 11 0
14 14 14 15 0
20 9 20 8 1
17 25 10 3
6 15 6 16 1
1 18 2 18 0
11 24 11 25 0
16 12 15 12 1
5 7 5 6 0
9 18 10 18 0
10 25 10 24 1
3 7 2 7 1
11 20 10 20 0
3 8 3 9 0
33 31 10 3
25 11 26 11 1
1 12 1 11 0
17 19 17 18 1
20 10 21 10 1
18 9 19 9 1
28 10 28 9 0
3 4 3 3 0
28 19 27 19 0
3 17 3 16 1
18 10 18 9 1
24 25 10 3
22 18 23 18 1
20 13 20 14 0
5 23 4 23 1
13 9 13 10 1
11 3 11 4 0
2 5 2 6 1
4 2 4 1 1
10 12 10 13 0
9 23 9 24 1
3 19 2 19 1
20 23 10 3
15 16 15 15 0
3 3 4 3 0
16 21 15 21 0
18 23 19 23 1
2 13 2 12 1
19 9 20 9 1
7 2 7 3 1
19 22 20 22 0
6 8 6 9 1
3 21 3 22 1
23 24 10 3
8 15 7 15 0
19 16 20 16 0
17 5 17 4 0
11 21 11 20 0
10 15 10 14 0
17 11 17 12 1
13 4 14 4 1
14 2 13 2 0
5 23 4 23 1
20 12 19 12 0
30 16 10 3
6 2 5 2 1
21 8 20 8 0
18 3 17 3 1
3 1 3 2 0
5 11 5 10 1
2 15 1 15 0
10 1 11 1 0
19 9 20 9 1
4 14 4 13 0
7 5 8 5 0
23 28 10 3
4 9 4 10 0
9 10 8 10 0
18 4 19 4 1
14 26 14 25 0
17 23 18 23 1
22 6 22 5 1
1 3 1 2 0
7 27 7 28 0
1 25 2 25 1
3 11 3 10 1
37 34 10 3
31 26 31 27 1
30 6 29 6 1
34 31 35 31 0
31 29 32 29 1
12 14 12 15 1
21 9 22 9 1
30 6 30 5 1
36 34 36 33 1
20 14 20 15 0
20 22 20 23 1
14 22 10 3
9 19 9 18 0
11 6 12 6 1
5 12 5 13 0
14 12 13 12 0
11 15 11 16 1
7 1 8 1 0
11 17 10 17 0
10 7 9 7 1
3 3 3 2 0
13 6 14 6 1
29 27 10 3
23 4 22 4 1
13 25 13 24 0
12 26 12 25 1
26 26 26 27 1
8 12 8 13 1
7 18 7 17 0
6 7 5 7 0
24 7 24 8 0
22 7 22 6 1
23 22 24 22 0
24 34 10 3
14 1 15 1 0
15 33 15 34 0
23 12 23 13 0
7 3 6 3 0
20 32 20 33 0
2 23 2 24 0
3 25 3 26 0
3 21 3 20 0
24 12 24 11 1
2 18 2 19 0
23 22 10 3
11 9 11 8 1
20 19 20 18 0
23 18 22 18 1
16 4 16 3 1
17 19 16 19 0
19 9 18 9 1
13 10 12 10 1
6 11 7 11 0
17 12 18 12 0
10 5 11 5 1
31 19 10 3
23 17 23 16 1
27 12 28 12 1
30 2 30 3 1
22 14 23 14 0
23 16 24 16 1
8 3 8 4 0
7 8 8 8 0
10 18 10 19 0
1 14 2 14 0
20 13 21 13 0
29 30 10 3
29 25 29 24 0
9 22 9 23 1
9 21 10 21 0
4 12 5 12 1
27 28 26 28 1
1 29 1 30 0
15 15 15 16 1
19 29 19 30 0
19 18 19 17 0
21 27 21 26 0
26 24 10 3
6 15 7 15 0
21 15 21 16 0
21 1 22 1 0
16 6 16 5 1
17 20 17 21 1
8 9 7 9 0
1 6 2 6 1
12 4 12 3 1
16 18 16 19 0
15 8 15 7 0
30 20 10 3
15 13 16 13 0
23 17 24 17 0
11 15 11 16 0
14 12 13 12 0
16 4 17 4 0
25 9 26 9 0
20 7 21 7 1
19 4 19 3 0
22 17 22 18 1
18 15 18 16 0
32 26 10 3
23 9 23 10 1
3 9 3 8 0
11 10 10 10 0
22 23 22 24 0
6 10 7 10 1
26 25 25 25 0
32 10 32 9 0
3 25 4 25 1
5 19 6 19 1
6 21 5 21 1
37 24 10 3
1 16 1 15 1
37 16 36 16 0
31 15 30 15 0
37 6 37 7 1
32 3 31 3 1
32 9 32 8 0
34 5 34 4 1
18 10 17 10 0
28 21 29 21 1
10 12 10 13 0
30 36 10 3
25 11 24 11 1
19 9 19 8 0
15 34 14 34 1
4 23 5 23 0
4 33 4 34 0
23 1 24 1 0
5 15 5 16 0
1 13 1 12 1
20 24 21 24 1
26 25 25 25 0
23 21 10 3
9 4 9 5 1
11 16 11 17 1
19 10 19 11 1
14 11 14 10 0
11 15 11 16 0
6 16 6 15 1
10 6 9 6 0
4 18 4 17 0
21 1 20 1 0
23 10 22 10 0
31 25 10 3
28 5 29 5 1
4 10 5 10 1
7 6 6 6 1
19 3 20 3 1
23 8 23 9 0
12 5 13 5 1
24 10 24 9 1
16 22 16 23 0
7 5 7 6 1
10 6 10 5 1
20 28 10 3
17 20 16 20 1
11 4 11 3 0
10 14 9 14 0
5 1 6 1 1
18 24 19 24 0
12 12 11 12 1
1 3 1 2 0
14 7 14 6 1
20 10 20 9 0
20 20 20 21 0
35 32 10 3
22 9 21 9 1
7 27 6 27 0
15 9 15 8 0
9 8 8 8 1
23 21 24 21 0
32 31 31 31 1
32 25 31 25 0
1 12 1 13 1
13 16 13 17 1
31 31 31 32 0
32 22 10 3
19 4 18 4 1
13 19 13 18 0
16 4 16 3 0
29 10 29 9 1
15 17 16 17 1
20 12 19 12 0
14 20 14 21 1
25 22 26 22 0
15 4 14 4 0
23 5 24 5 0
29 33 10 3
28 25 28 24 1
24 12 24 11 1
28 20 27 20 1
22 30 22 31 1
27 18 27 17 0
24 24 25 24 0
9 6 9 5 0
17 4 17 3 1
20 9 19 9 1
1 15 2 15 1
32 21 10 3
1 1 1 2 1
22 5 21 5 1
15 21 14 21 1
6 20 6 19 1
7 13 7 14 0
4 6 5 6 1
15 17 16 17 0
26 11 25 11 0
12 15 13 15 1
10 13 10 12 1
34 25 10 3
4 8 3 8 1
4 19 4 20 0
3 17 2 17 1
30 11 30 12 1
19 12 19 13 1
14 12 15 12 0
28 11 28 10 0
15 5 15 6 0
34 22 33 22 1
30 13 30 14 0
30 26 10 3
7 1 8 1 0
23 19 23 18 0
15 14 15 15 0
23 18 23 17 1
2 3 2 4 0
13 6 13 5 0
19 12 18 12 1
22 19 21 19 1
13 11 12 11 0
26 22 27 22 0
25 32 10 3
1 2 1 1 1
3 11 3 10 0
23 14 23 15 1
22 1 23 1 1
18 21 18 22 0
8 4 9 4 0
2 22 1 22 0
21 5 21 4 0
12 26 12 25 1
16 6 16 7 1
23 20 10 3
18 10 18 9 1
7 10 6 10 1
22 19 22 20 1
19 2 19 1 0
7 20 8 20 1
3 15 2 15 1
6 5 6 4 1
21 8 21 9 0
7 11 7 10 1
1 3 1 4 1
29 31 10 3
15 10 14 10 0
11 25 11 24 1
15 23 15 22 1
6 10 7 10 0
25 29 26 29 1
29 4 29 5 1
19 31 20 31 1
3 28 2 28 1
10 21 11 21 1
21 18 21 17 1
30 28 10 3
8 16 8 17 1
28 10 28 9 1
22 23 21 23 1
11 14 10 14 0
1 19 2 19 0
14 26 14 27 1
3 24 2 24 1
21 17 20 17 1
23 23 24 23 1
9 7 9 8 1
31 24 10 3
30 18 30 19 0
7 11 7 10 0
18 20 18 19 0
23 23 23 22 1
12 2 12 3 1
4 3 4 2 1
19 4 18 4 0
7 1 8 1 1
8 17 8 18 1
7 11 7 12 1
34 30 10 3
8 18 7 18 0
16 5 17 5 1
9 9 8 9 1
31 8 32 8 0
10 19 10 18 1
33 12 33 11 1
7 14 8 14 0
13 30 12 30 1
34 15 34 14 0
23 26 23 25 0
32 28 10 3
15 27 14 27 1
3 22 3 21 0
25 24 26 24 1
24 3 24 2 0
21 24 21 25 1
6 2 5 2 0
4 8 3 8 1
2 9 3 9 1
14 3 14 4 0
5 27 5 28 0
28 30 10 3
24 14 24 15 1
9 12 8 12 1
13 12 13 11 1
15 14 16 14 0
12 23 11 23 1
13 19 12 19 0
11 19 11 20 1
9 16 8 16 0
18 18 19 18 1
11 14 11 15 1
34 34 10 3
31 14 32 14 0
12 3 13 3 0
8 22 9 22 1
24 11 24 12 1
31 5 32 5 1
21 11 20 11 0
26 23 26 24 0
10 26 10 25 0
33 7 33 8 1
22 16 22 17 0
28 43 10 3
26 12 27 12 1
7 22 6 22 0
6 3 6 4 0
2 31 1 31 0
16 5 15 5 0
9 37 10 37 1
20 42 20 41 1
13 19 14 19 0
12 29 12 28 1
28 40 28 41 1
23 43 10 3
17 35 18 35 0
7 43 7 42 0
1 41 2 41 0
14 22 13 22 1
6 10 6 11 1
19 41 19 40 0
7 3 6 3 1
14 3 14 2 1
14 7 14 8 0
10 25 10 26 1
28 34 10 3
23 19 23 18 0
7 13 7 12 0
2 31 3 31 0
14 11 15 11 0
18 18 19 18 0
8 6 8 7 0
1 15 1 14 0
26 17 27 17 1
26 7 26 6 1
9 30 9 29 1
27 34 10 3
20 32 20 31 1
14 15 15 15 1
6 22 5 22 1
18 15 17 15 0
8 2 7 2 1
5 29 5 30 1
20 3 19 3 1
10 21 11 21 1
5 17 5 18 0
22 28 23 28 1
31 25 10 3
10 24 11 24 0
20 10 20 11 0
10 19 11 19 0
15 9 14 9 1
16 24 17 24 1
21 8 20 8 1
10 23 10 24 1
11 2 10 2 0
30 4 30 3 0
7 8 6 8 0
32 30 10 3
7 21 7 22 0
27 13 28 13 0
16 6 15 6 1
16 24 16 23 1
10 13 10 14 1
21 9 20 9 1
23 24 24 24 0
16 30 15 30 0
9 16 10 16 0
20 13 21 13 0
24 31 10 3
13 9 14 9 0
6 17 6 16 0
23 6 22 6 1
21 5 21 4 0
4 20 3 20 0
14 16 14 17 0
23 18 24 18 1
11 10 12 10 1
18 14 19 14 0
11 14 11 15 1
26 31 10 3
10 22 10 21 1
24 29 23 29 1
11 19 10 19 0
2 4 1 4 0
23 25 24 25 0
24 27 25 27 1
24 22 24 23 1
11 12 10 12 0
2 20 3 20 1
3 28 3 27 0
40 30 10 3
26 30 27 30 0
15 18 16 18 1
2 16 2 15 0
22 18 21 18 0
24 9 24 8 0
22 18 23 18 0
25 30 25 29 0
32 6 32 7 1
25 20 25 21 0
12 12 11 12 0
40 35 10 3
24 10 24 9 0
40 10 40 11 1
24 23 24 24 0
19 19 18 19 0
8 23 9 23 1
8 2 8 1 1
16 2 17 2 0
10 28 10 29 1
37 27 37 28 1
14 9 13 9 0
42 40 10 3
36 32 35 32 0
37 26 37 25 1
13 20 13 19 0
22 29 22 30 0
39 25 39 26 0
35 7 36 7 1
1 32 2 32 0
27 30 27 31 0
5 5 5 4 0
35 13 35 12 1
31 36 10 3
13 29 13 30 1
12 10 12 9 1
20 23 20 22 0
7 21 6 21 1
25 5 26 5 1
1 19 1 20 1
31 3 31 2 0
15 28 16 28 1
10 16 9 16 0
22 30 21 30 1
43 40 10 3
25 32 26 32 0
12 18 13 18 0
40 18 41 18 1
34 13 34 14 0
28 2 27 2 1
22 37 23 37 0
36 5 37 5 0
35 15 34 15 1
26 30 27 30 1
28 14 28 15 1
24 35 10 3
2 8 2 9 0
9 2 8 2 1
20 31 20 32 0
13 25 12 25 0
21 8 22 8 0
14 21 13 21 0
11 19 11 20 0
18 32 18 31 1
7 18 7 17 0
23 6 23 5 0
42 32 10 3
40 3 39 3 0
1 4 2 4 0
34 11 35 11 1
34 3 34 2 1
3 29 4 29 1
40 3 40 4 0
38 18 38 17 0
10 13 10 14 0
29 20 29 19 0
11 15 11 14 1
33 33 10 3
24 31 25 31 1
3 3 3 4 0
2 26 2 25 1
10 17 10 18 0
31 26 32 26 1
32 6 32 5 0
22 19 22 18 1
4 26 4 25 0
14 12 14 11 0
23 9 24 9 1
37 40 10 3
29 24 29 23 1
7 17 6 17 0
25 38 25 39 0
5 14 6 14 0
4 35 5 35 0
27 10 27 11 1
22 21 22 22 0
6 33 6 32 1
37 20 37 21 1
34 1 34 2 0
36 39 10 3
1 6 1 7 1
15 12 15 11 1
5 15 4 15 0
30 26 30 25 1
16 16 15 16 0
11 1 11 2 0
2 37 1 37 0
30 19 30 20 1
5 35 6 35 0
13 34 12 34 0
41 38 10 3
8 23 8 24 0
36 36 37 36 1
2 36 1 36 1
28 31 29 31 0
1 20 2 20 1
30 32 30 31 1
2 8 2 9 0
9 22 8 22 0
10 29 10 28 0
31 36 32 36 1
29 31 10 3
3 28 3 27 1
23 27 23 26 1
27 21 27 20 0
18 15 18 16 1
2 11 1 11 0
5 14 6 14 1
12 15 12 16 0
28 12 27 12 0
27 28 26 28 1
13 5 14 5 1
48 50 10 3
10 17 11 17 0
30 45 31 45 0
45 22 44 22 0
21 22 22 22 0
26 11 26 12 1
36 26 37 26 1
33 15 33 16 1
35 37 35 36 0
27 26 26 26 0
19 8 18 8 1
39 43 10 3
20 34 21 34 0
7 14 6 14 0
33 42 33 41 0
37 22 36 22 1
35 2 34 2 1
5 40 5 41 1
9 23 9 22 0
12 5 11 5 0
26 24 26 25 1
17 24 17 25 0
34 31 10 3
21 6 22 6 0
15 26 14 26 1
27 12 26 12 0
33 18 33 19 0
20 22 21 22 1
3 17 4 17 1
32 10 33 10 0
24 7 24 8 1
24 17 25 17 1
29 5 29 4 1
50 34 10 3
1 33 1 32 0
35 5 36 5 1
49 21 50 21 1
13 12 13 13 0
36 4 36 5 1
7 30 6 30 1
2 17 1 17 1
27 23 28 23 1
15 19 15 18 0
37 29 38 29 1
31 39 10 3
27 24 26 24 0
17 19 17 18 1
26 25 26 26 1
16 20 16 19 1
1 10 1 11 1
24 27 24 26 1
8 6 8 7 1
8 28 8 29 0
13 34 13 33 0
2 25 2 24 1
43 42 10 3
23 24 22 24 1
30 8 30 7 0
8 24 7 24 1
17 4 17 3 0
2 35 2 34 0
33 37 32 37 0
24 23 23 23 0
14 4 14 5 1
23 35 23 34 0
31 29 32 29 1
32 40 10 3
26 28 27 28 0
27 24 27 25 0
21 2 21 3 0
30 34 29 34 1
14 38 14 37 0
2 15 3 15 0
5 35 5 36 1
21 3 22 3 1
5 37 5 36 0
25 18 25 17 1
35 32 10 3
16 4 16 5 0
27 7 27 6 1
2 20 2 19 1
1 21 2 21 0
1 6 1 7 1
22 6 23 6 0
28 8 27 8 0
5 1 5 2 0
5 11 6 11 0
2 22 2 23 1
45 36 10 3
38 26 38 27 1
14 4 14 3 0
3 20 2 20 0
39 28 39 27 1
45 26 45 27 0
23 3 23 4 1
40 4 41 4 1
31 12 31 13 1
28 25 28 26 0
7 32 6 32 1
35 39 10 3
5 4 6 4 1
33 25 33 24 1
4 35 3 35 1
30 14 30 15 0
29 26 29 25 1
12 31 11 31 0
20 9 20 8 0
21 25 20 25 1
11 25 10 25 1
34 3 35 3 1
27 34 10 3
8 7 7 7 1
12 23 12 22 1
2 26 3 26 0
10 28 9 28 1
20 16 19 16 1
22 10 23 10 1
12 18 11 18 0
4 5 4 6 0
3 20 3 19 1
2 29 2 30 1
34 50 10 3
23 41 23 42 1
32 49 32 48 1
10 20 10 21 1
11 7 12 7 0
20 16 20 17 0
30 40 30 41 0
5 12 5 11 1
15 25 15 26 1
12 25 13 25 1
20 6 21 6 0
36 50 10 3
19 28 19 29 0
22 28 21 28 1
1 39 2 39 0
17 12 16 12 0
28 9 27 9 0
24 38 24 39 0
29 4 29 5 0
34 39 35 39 0
5 11 6 11 0
14 14 14 13 1
41 41 10 3
18 13 19 13 1
20 35 21 35 1
18 10 19 10 1
16 29 17 29 1
22 2 22 3 0
22 35 23 35 1
25 21 25 22 1
27 17 26 17 1
35 27 34 27 1
18 41 17 41 1
30 35 10 3
13 6 12 6 1
19 11 18 11 0
6 19 5 19 0
3 34 4 34 1
12 18 13 18 1
10 15 9 15 0
11 33 10 33 0
10 31 11 31 1
5 2 6 2 1
22 30 21 30 1
39 39 10 3
2 29 1 29 1
24 9 25 9 0
37 37 37 36 0
15 36 16 36 1
6 5 6 4 1
3 4 4 4 0
3 29 4 29 0
12 24 11 24 0
5 20 5 21 1
18 21 18 20 1
31 39 10 3
15 23 16 23 0
15 16 15 17 0
7 10 7 11 1
1 38 1 39 1
8 37 9 37 0
3 39 4 39 0
13 4 14 4 0
6 5 6 6 0
27 29 26 29 1
30 17 31 17 0
50 40 10 3
7 29 7 30 0
48 24 49 24 1
21 22 20 22 0
42 3 41 3 1
8 35 8 36 1
46 39 46 38 1
20 39 20 38 1
33 3 34 3 0
29 27 29 26 0
20 25 20 24 0
33 33 10 3
32 31 32 32 0
7 26 7 25 0
18 3 17 3 0
8 30 9 30 0
30 14 29 14 0
4 27 3 27 0
23 4 23 3 1
30 13 29 13 1
22 2 22 3 1
5 5 5 4 1
40 38 10 3
34 29 35 29 0
6 16 7 16 1
36 27 36 26 0
10 6 9 6 0
23 22 23 23 1
37 30 38 30 1
8 32 7 32 0
24 5 24 4 1
14 4 14 5 1
25 9 25 8 1
44 45 10 3
38 16 38 17 1
2 10 1 10 0
8 6 7 6 0
17 25 18 25 1
24 8 25 8 0
29 34 29 35 1
26 12 26 13 1
43 43 42 43 1
5 19 4 19 0
10 42 10 41 0
39 42 10 3
7 30 7 29 1
25 13 24 13 0
25 42 26 42 0
15 41 15 42 1
35 9 36 9 0
6 34 5 34 0
14 16 15 16 0
7 28 6 28 1
9 28 9 29 0
26 36 25 36 1
42 44 10 3
33 43 32 43 1
7 42 7 43 1
6 36 6 37 0
10 5 10 6 0
6 27 5 27 1
42 39 41 39 1
9 2 8 2 0
22 21 22 20 0
25 11 26 11 0
41 22 42 22 1
44 42 10 3
24 20 23 20 1
22 12 22 11 0
15 7 15 6 0
14 38 14 39 0
22 5 22 4 0
20 39 19 39 0
6 20 7 20 1
17 36 16 36 1
1 23 1 24 1
24 40 24 41 0
36 46 10 3
10 23 10 24 0
26 14 26 13 1
20 20 20 21 0
24 41 24 42 0
7 45 8 45 1
28 27 28 26 1
12 11 12 12 1
28 12 27 12 0
29 35 29 36 1
4 9 4 10 0
50 50 10 3
16 42 17 42 0
7 40 6 40 0
35 42 35 41 0
9 2 9 1 0
28 33 29 33 0
28 13 29 13 0
11 14 10 14 0
11 35 11 36 1
24 11 24 12 1
26 34 27 34 1
42 50 10 3
38 10 38 11 1
40 23 40 22 0
33 30 32 30 0
21 49 22 49 1
40 47 40 46 1
33 29 34 29 0
8 24 8 25 0
10 40 10 39 0
16 12 15 12 1
20 33 20 34 1
50 44 10 3
15 6 15 5 1
17 38 18 38 1
27 39 27 40 1
34 2 35 2 0
29 8 29 7 1
4 1 3 1 0
31 36 30 36 1
9 20 10 20 0
47 34 48 34 0
29 10 29 11 0
46 43 10 3
4 28 3 28 0
5 4 6 4 1
23 1 22 1 0
32 13 32 12 0
35 37 34 37 0
15 26 14 26 0
41 42 41 41 0
31 30 32 30 0
15 29 15 30 1
35 41 36 41 1
49 35 10 3
26 14 27 14 0
20 24 19 24 1
26 27 25 27 1
13 32 13 33 0
30 4 29 4 0
23 9 23 8 1
25 4 25 3 0
6 29 6 30 1
8 21 9 21 0
36 33 36 32 1
50 45 10 3
49 34 50 34 0
24 5 24 6 1
20 22 19 22 1
27 11 28 11 0
45 42 44 42 0
35 42 35 43 1
27 5 27 4 0
23 21 24 21 0
49 20 48 20 0
9 36 10 36 1
46 50 10 3
12 26 12 27 0
30 36 30 35 1
34 19 35 19 0
2 20 2 21 1
39 39 39 40 1
23 42 23 41 0
22 11 21 11 1
33 28 34 28 1
5 15 5 14 1
18 26 19 26 0
50 41 10 3
26 39 27 39 0
21 11 21 10 1
25 4 25 3 0
5 37 6 37 0
15 24 15 23 0
4 9 4 10 0
45 11 46 11 1
39 21 39 20 1
30 38 29 38 1
37 38 38 38 0
42 46 10 3
23 35 24 35 1
30 30 31 30 0
30 33 30 34 1
42 15 42 14 0
36 5 36 4 0
24 20 23 20 1
5 4 4 4 0
29 25 29 24 0
35 33 36 33 0
39 33 38 33 1
41 50 10 3
24 30 25 30 1
3 13 4 13 0
35 39 36 39 1
7 21 6 21 0
33 12 33 11 1
2 24 2 23 1
35 16 34 16 1
31 20 30 20 0
2 2 3 2 0
7 30 8 30 1
50 50 10 3
20 37 20 38 0
35 20 36 20 0
44 44 44 43 0
3 7 3 6 0
16 31 16 30 1
21 43 20 43 0
45 32 45 31 1
16 1 16 2 0
34 30 35 30 1
34 43 34 44 1
45 50 10 3
3 19 2 19 1
39 41 38 41 1
41 6 41 5 1
15 27 16 27 1
5 35 4 35 0
19 20 19 19 1
29 4 28 4 0
35 50 34 50 1
32 32 32 31 0
35 17 34 17 0
48 49 10 3
19 11 18 11 0
32 20 32 19 0
36 48 36 49 0
24 27 25 27 1
40 30 39 30 1
3 1 2 1 1
28 28 28 27 1
35 12 34 12 1
46 9 45 9 0
32 13 33 13 0
34 50 10 3
27 29 26 29 1
1 33 2 33 1
29 9 29 10 0
28 3 27 3 1
2 9 3 9 0
29 21 30 21 0
6 23 6 22 1
4 26 3 26 0
6 48 5 48 1
25 47 25 48 1
41 37 10 3
32 28 32 27 1
31 2 32 2 1
12 24 12 25 1
26 32 26 33 0
2 5 2 4 0
2 12 2 11 1
4 7 4 6 1
28 5 28 6 0
31 36 31 35 0
2 31 2 32 1
39 36 10 3
36 17 36 16 0
17 24 18 24 0
28 20 29 20 0
29 16 29 15 1
22 4 21 4 0
10 3 11 3 1
6 32 6 33 1
30 12 30 11 0
18 29 18 30 1
2 22 3 22 0
48 46 10 3
24 19 24 20 1
13 14 13 13 1
39 16 40 16 1
8 13 8 12 1
44 36 44 35 0
17 23 17 24 0
45 1 44 1 0
47 43 48 43 0
11 17 11 16 0
48 42 48 41 0
48 49 10 3
46 23 47 23 0
21 17 21 18 0
21 37 22 37 1
14 10 15 10 1
31 4 30 4 1
2 21 2 20 0
36 5 37 5 0
2 9 2 10 1
34 20 34 19 1
24 30 25 30 1
50 43 10 3
44 24 45 24 1
37 20 36 20 1
2 36 1 36 0
28 3 27 3 0
34 2 34 1 0
40 1 39 1 1
35 24 35 23 1
50 42 50 41 1
20 33 20 32 0
44 18 44 17 0
50 50 10 3
29 15 29 16 1
19 13 19 12 0
5 47 5 48 1
47 6 47 7 0
26 16 26 15 1
9 19 9 18 0
18 7 17 7 1
37 43 36 43 1
7 10 6 10 0
36 15 36 16 1
50 45 10 3
41 38 41 39 0
4 10 5 10 1
48 30 48 29 0
9 2 8 2 1
3 14 3 15 0
2 30 3 30 0
23 36 24 36 1
28 4 29 4 0
33 19 33 18 1
20 21 20 22 1
49 49 10 3
11 5 11 6 1
37 32 37 31 1
6 20 5 20 0
44 40 44 39 1
46 24 46 25 0
19 40 19 41 0
2 23 1 23 1
6 38 6 37 0
7 26 6 26 1
2 27 3 27 1
49 50 10 3
48 12 47 12 1
30 48 30 47 0
27 28 26 28 0
5 46 5 47 1
42 6 42 5 1
26 46 26 47 1
3 30 4 30 1
19 31 20 31 0
28 41 28 40 1
34 38 34 37 1
50 50 10 3
33 27 32 27 1
31 26 31 25 0
45 42 44 42 1
13 14 13 15 1
36 15 36 16 0
42 30 42 31 0
48 20 48 21 0
22 43 21 43 1
30 19 29 19 0
25 2 24 2 0
44 50 10 3
9 32 8 32 1
26 35 26 34 1
17 43 17 44 1
2 37 3 37 1
35 28 36 28 0
33 20 34 20 0
11 21 10 21 1
30 30 30 31 1
17 49 16 49 0
21 30 22 30 0
50 42 10 3
16 29 15 29 0
33 31 33 30 1
45 20 44 20 1
43 41 43 42 0
19 7 19 6 1
48 7 49 7 1
4 14 4 13 1
45 18 46 18 1
7 34 7 35 1
42 17 42 18 1
