100
100 1020
322 675
97 752
751 393
422 447
906 334
498 341
401 215
448 285
880 836
54 47
155 522
21 43
432 492
121 68
368 148
807 939
50 504
308 227
316 462
948 332
950 152
489 50
144 387
697 161
380 15
890 552
833 137
348 53
802 567
224 640
663 484
936 329
444 971
850 733
470 663
462 813
639 136
69 518
983 485
75 707
894 133
817 700
232 205
302 524
965 406
679 949
541 988
572 442
426 471
78 590
155 732
448 8
214 972
310 681
599 879
886 376
518 726
693 851
541 73
197 668
821 795
46 24
424 13
868 567
399 71
883 871
849 802
752 967
978 993
474 183
25 224
334 63
412 402
42 3
818 941
175 985
190 704
401 769
357 964
550 270
217 263
902 721
985 233
654 326
671 829
816 45
457 221
706 329
152 823
71 25
219 637
182 901
637 855
386 565
654 807
885 309
454 458
823 826
666 733
846 339
100 1020
689 703
21 489
253 845
255 14
242 396
93 118
56 648
93 112
713 187
66 583
593 150
780 572
176 819
664 368
21 774
927 369
108 433
11 157
378 151
565 828
74 561
285 707
512 625
821 692
359 788
366 334
212 474
117 856
564 366
546 302
109 870
597 2
72 908
310 284
825 297
462 503
879 885
90 691
570 911
384 504
134 516
955 570
849 123
489 965
561 926
425 526
437 315
571 84
257 533
558 285
327 678
560 697
333 424
428 222
414 557
125 171
570 923
94 104
959 466
932 894
942 488
741 800
751 201
312 884
457 63
903 984
454 462
341 948
642 884
299 687
595 734
770 124
856 232
75 359
470 402
75 266
703 949
491 435
389 425
688 436
636 907
5 29
818 723
402 169
824 522
296 288
184 399
967 638
360 588
953 802
6 897
114 403
867 814
379 619
385 383
539 836
567 250
891 360
899 586
409 736
100 1020
637 179
131 876
669 840
993 462
202 429
910 989
519 648
153 823
493 163
61 824
853 924
540 9
436 488
625 830
677 538
926 709
74 448
287 599
876 856
978 924
639 872
115 349
281 35
971 207
742 391
28 226
4 866
596 684
609 705
608 47
565 3
596 853
10 990
297 538
327 827
563 376
953 74
155 145
657 143
357 563
192 200
362 864
913 609
620 499
774 944
733 704
736 17
477 869
519 992
588 810
184 273
750 724
700 744
769 881
747 892
77 676
340 270
553 188
617 793
49 798
59 960
618 715
242 655
212 400
989 880
89 329
589 672
173 849
810 43
384 123
690 308
243 274
129 529
780 850
394 72
945 966
760 353
18 387
834 712
389 999
435 583
443 222
858 389
637 523
269 366
919 444
500 547
422 611
235 278
403 894
78 651
115 211
374 353
392 792
584 153
329 784
784 333
688 603
31 496
468 531
100 1020
161 6
688 974
719 332
981 128
968 518
218 305
457 520
864 649
107 993
753 741
968 324
936 104
581 929
4 396
725 125
117 317
305 950
559 23
79 99
282 716
30 28
54 327
543 131
86 215
75 690
715 205
809 462
140 208
466 55
100 254
379 745
767 542
561 693
33 284
133 102
268 685
398 849
444 778
891 381
428 423
154 495
464 36
974 23
868 685
236 267
932 292
791 900
352 734
111 494
866 477
902 759
160 113
904 417
455 948
666 102
492 879
248 992
68 564
596 542
791 458
18 305
870 565
579 327
285 309
770 23
916 435
191 522
399 120
601 921
257 148
503 649
518 751
76 85
517 280
647 227
200 28
161 960
743 964
352 49
867 412
469 552
271 160
217 999
342 116
43 353
172 333
539 848
83 982
713 472
708 800
951 863
259 816
560 240
631 466
860 146
724 83
963 882
261 525
210 103
33 125
100 1020
239 92
968 455
820 150
671 823
89 713
240 877
771 96
361 884
126 271
468 704
286 445
198 515
657 688
861 715
174 771
622 387
583 239
842 195
124 804
960 394
730 77
119 121
659 281
219 302
309 131
949 125
345 468
269 726
173 739
57 683
918 951
511 798
354 123
762 778
117 639
900 652
943 166
327 572
16 197
141 875
841 280
334 701
590 854
470 489
53 527
970 44
266 958
732 974
946 54
826 999
503 467
379 597
113 300
912 225
915 554
735 463
399 698
610 448
518 605
584 917
17 30
463 530
901 747
13 304
390 735
421 624
974 825
497 320
742 295
106 229
389 507
77 550
887 310
416 412
208 123
984 992
324 200
1000 798
504 972
678 918
287 345
902 604
493 149
920 303
556 542
699 700
11 697
464 748
341 451
319 934
418 871
11 675
825 62
14 19
622 167
711 709
608 170
73 13
294 457
344 137
100 1020
332 209
474 290
944 534
483 353
631 283
693 413
220 589
743 137
488 629
219 821
13 474
255 254
563 561
993 305
802 98
835 319
79 187
927 580
536 354
944 949
750 262
734 433
450 422
209 946
104 154
988 88
291 883
514 784
101 747
915 731
755 653
17 265
534 340
252 9
126 521
700 874
363 882
452 170
481 317
256 152
388 8
571 928
623 887
588 338
431 101
270 299
713 692
791 12
333 472
400 494
588 352
365 747
715 273
146 705
204 166
13 780
656 918
995 282
227 438
829 323
365 390
774 191
881 994
237 885
273 897
558 680
668 148
176 272
804 635
889 747
922 901
479 818
252 471
577 618
13 856
179 641
585 98
421 466
46 250
546 234
908 468
68 286
937 14
651 66
590 328
432 676
498 877
31 455
45 660
847 409
740 10
552 134
423 419
4 288
151 1000
11 200
33 903
739 893
798 504
184 582
100 1020
756 39
201 826
679 227
800 660
433 996
79 258
570 737
217 153
801 983
69 267
339 240
423 407
908 817
521 698
905 265
370 210
91 755
711 617
960 426
592 553
461 675
555 717
277 981
733 714
411 645
38 527
801 884
849 340
235 429
743 505
816 781
126 542
684 990
545 586
762 40
556 44
136 969
426 730
49 429
241 495
74 720
76 454
613 446
543 270
403 167
328 602
914 510
333 523
800 63
906 138
407 731
573 236
897 574
30 384
389 561
575 761
136 919
297 438
54 742
488 302
719 304
624 922
82 498
161 115
189 93
789 346
647 515
437 896
297 290
835 489
44 724
770 811
262 786
895 563
253 443
997 240
62 355
547 511
184 508
343 239
294 893
407 110
796 888
622 706
677 179
525 254
112 252
93 616
341 202
734 199
318 467
63 13
318 127
595 77
787 423
251 74
473 905
409 191
85 542
933 978
100 1020
550 490
65 851
745 948
815 224
290 334
465 983
526 665
249 717
395 816
674 927
485 101
111 186
593 818
608 755
115 947
761 355
757 463
364 451
393 177
201 65
179 993
460 297
507 296
553 921
631 43
769 877
411 68
107 316
236 707
302 165
908 985
848 567
259 769
25 3
975 376
691 121
68 352
936 382
166 380
829 623
339 198
430 91
493 787
286 965
990 385
861 353
865 158
390 26
53 881
266 170
803 580
320 744
139 550
340 346
450 302
528 793
80 378
752 27
497 554
123 35
597 687
910 440
13 885
110 419
484 222
514 153
562 11
609 8
469 836
456 400
266 352
357 395
343 453
85 798
620 295
687 246
800 461
911 841
808 929
622 849
767 901
518 287
253 531
366 52
438 504
842 111
276 144
279 613
913 421
270 532
69 807
543 685
52 760
534 872
904 5
693 196
170 974
397 208
475 330
757 197
100 1020
120 809
258 461
730 86
912 489
813 650
263 341
767 614
280 321
166 935
189 604
744 672
49 750
304 971
704 117
687 693
353 680
140 926
404 471
364 166
178 959
315 797
804 219
234 404
338 639
604 678
378 762
177 464
48 626
596 499
797 134
837 495
60 651
131 611
492 568
734 509
690 335
387 649
713 807
543 703
269 967
586 357
721 472
998 692
587 708
18 681
833 148
523 530
786 936
977 158
770 833
548 303
943 355
888 223
724 316
233 796
275 829
756 188
815 517
22 100
230 984
110 255
996 341
257 37
315 781
316 801
370 500
403 863
757 230
67 80
939 669
24 376
670 494
506 346
629 847
223 284
281 889
286 945
164 953
223 814
23 679
998 739
979 933
229 131
583 720
593 14
206 317
858 593
337 363
762 102
333 582
568 292
170 737
355 7
940 940
986 563
707 676
858 877
697 306
752 175
950 514
100 1020
280 49
899 791
569 662
359 416
243 624
400 83
51 132
881 485
632 739
504 840
937 485
919 296
916 52
987 530
512 301
409 891
617 738
329 590
592 609
13 60
215 597
603 733
840 8
871 263
229 31
127 38
853 579
581 945
607 199
115 799
299 765
715 9
395 154
940 774
330 416
623 359
248 852
394 967
411 536
768 114
321 965
14 353
531 271
934 903
670 119
688 185
533 610
211 676
148 81
100 308
755 404
628 993
256 471
819 656
993 289
988 226
805 557
5 255
770 359
139 788
90 28
295 897
933 85
850 199
621 860
630 912
539 340
891 528
260 234
215 818
404 145
512 576
304 300
6 825
449 931
5 457
96 738
425 816
540 238
965 859
754 365
728 891
470 860
324 57
352 80
606 426
712 483
798 347
633 570
156 754
808 473
301 272
583 166
224 784
645 131
823 436
684 989
79 223
144 177
377 240
100 1020
524 403
858 89
115 79
444 794
423 739
745 517
212 341
574 758
917 427
280 4
289 845
426 159
20 348
281 812
964 59
437 638
881 998
822 953
844 73
454 246
674 457
664 408
11 516
772 769
563 918
528 746
364 586
488 506
361 628
90 723
357 820
582 735
869 793
945 363
859 822
890 401
89 345
838 911
111 705
110 502
75 544
333 941
481 331
142 368
654 348
423 234
91 747
942 521
321 444
955 968
957 188
262 127
546 470
39 730
94 840
2 447
676 29
413 906
758 945
329 293
435 576
143 896
665 256
299 841
545 335
192 693
121 550
241 285
313 376
828 108
994 754
584 784
207 662
164 747
895 415
103 804
207 572
866 571
88 778
217 776
455 805
536 48
716 52
419 803
973 730
634 516
234 320
363 275
624 1000
529 535
387 391
869 420
314 727
624 155
432 973
786 136
138 657
173 110
778 887
262 197
100 1020
112 262
546 646
525 341
863 411
418 835
320 740
114 335
344 666
428 598
675 236
870 667
126 849
470 501
306 69
954 858
251 644
638 404
52 773
464 142
957 966
258 380
49 242
765 372
335 17
714 323
268 276
624 222
208 577
386 152
231 240
209 100
794 815
277 772
404 518
735 489
852 379
651 790
687 600
310 768
116 847
21 44
270 303
183 908
695 980
153 356
640 989
222 314
138 999
665 788
469 568
76 877
674 317
636 635
624 532
728 963
450 802
380 268
284 123
390 437
194 879
985 833
57 633
266 371
559 246
359 444
818 15
1 975
727 925
419 376
428 810
259 109
459 287
551 438
25 459
519 518
49 186
373 960
365 453
713 592
393 472
715 428
363 290
339 57
113 766
323 904
714 796
463 775
724 133
172 223
831 173
740 856
732 948
639 911
309 526
496 582
403 59
527 981
160 80
885 334
969 827
100 1020
509 858
126 171
464 906
868 25
501 397
495 266
121 710
882 984
138 676
222 99
346 171
880 530
400 528
392 854
862 708
937 75
594 660
983 412
303 378
56 246
272 195
218 812
167 149
61 958
977 163
553 51
71 368
765 750
550 628
838 633
769 691
506 664
35 339
206 46
497 983
519 658
64 598
809 744
369 444
758 915
82 947
391 976
640 835
478 120
741 480
84 823
631 958
279 892
215 738
254 75
348 180
648 955
844 901
564 235
614 811
603 763
256 881
872 443
532 721
805 682
273 61
306 178
496 358
414 325
997 205
610 676
319 182
950 567
584 845
605 988
648 303
545 959
716 838
41 495
966 970
602 726
530 262
327 113
768 806
399 645
459 695
547 584
478 294
242 569
140 612
846 77
4 30
191 997
669 611
785 691
617 805
950 734
104 842
609 122
756 989
581 279
320 480
189 888
710 528
914 824
100 1020
849 997
241 878
591 879
214 858
673 473
292 2
644 523
833 910
268 535
281 497
982 504
728 87
386 929
163 407
563 961
78 791
976 208
741 652
419 272
814 792
773 482
779 8
285 519
254 625
698 569
654 521
265 392
967 599
289 800
420 978
766 744
726 929
745 870
470 96
713 314
598 476
785 324
65 660
693 219
777 169
477 37
986 72
735 67
281 150
792 331
174 804
108 287
29 366
536 420
80 822
90 822
779 591
213 732
94 792
143 140
720 618
19 636
544 618
402 105
316 150
797 800
191 56
308 368
889 129
780 935
257 78
637 826
333 535
872 753
479 853
748 468
288 350
819 535
663 867
290 989
606 201
649 97
123 503
855 497
495 541
196 841
482 867
458 571
426 742
756 122
745 369
655 902
768 277
33 96
924 166
504 706
92 118
843 731
282 958
736 705
519 891
458 346
649 115
287 778
58 731
100 1020
634 215
61 568
429 297
393 455
200 474
139 490
124 584
46 73
480 830
723 668
406 423
165 750
517 65
332 658
709 171
866 267
911 578
322 693
248 950
930 655
684 344
568 254
468 462
954 856
705 993
804 435
386 458
277 709
191 738
709 11
690 663
829 566
153 33
801 404
136 558
871 568
253 156
408 147
190 365
974 481
569 766
234 551
468 20
258 801
130 175
703 371
504 404
584 725
991 714
760 211
559 360
689 13
46 514
627 260
920 952
386 120
172 312
833 225
738 50
50 858
458 425
712 355
35 727
875 312
511 653
99 938
769 422
351 921
401 953
363 690
905 778
848 831
310 321
513 218
596 461
156 201
657 158
159 284
804 722
741 800
538 527
632 516
572 838
998 78
446 846
641 629
827 970
884 189
165 245
521 313
880 204
988 757
276 153
90 995
403 26
307 508
87 659
64 883
834 926
868 192
100 1020
575 686
160 925
421 201
153 746
433 366
31 848
350 396
972 801
174 671
398 866
187 224
815 235
608 855
452 332
62 83
485 121
419 169
760 708
821 480
691 548
667 771
21 940
454 173
612 822
62 195
467 268
845 610
582 395
727 403
995 369
581 704
941 202
346 769
659 639
627 66
480 462
764 236
399 508
496 511
498 99
589 243
129 387
11 569
334 561
81 684
873 641
618 882
364 124
937 751
329 708
242 402
948 242
100 197
938 137
602 250
572 187
531 813
146 961
515 68
362 582
731 787
896 842
446 463
305 809
391 653
655 413
399 992
145 270
350 464
212 943
73 489
656 11
344 548
915 172
65 827
526 649
284 798
107 91
967 143
408 699
248 558
999 669
97 381
283 434
507 404
497 64
860 834
790 406
934 334
916 689
770 933
174 867
935 673
354 281
534 414
456 313
563 172
854 2
972 778
482 202
100 1020
436 90
90 320
151 221
907 475
273 390
790 616
497 675
779 184
680 36
311 3
512 242
89 510
513 425
479 419
993 372
885 999
127 340
128 837
228 174
162 645
497 331
66 696
386 963
408 430
472 945
53 312
375 530
731 237
29 717
779 774
514 167
47 105
441 203
709 871
383 354
30 467
619 711
245 83
723 17
320 169
346 273
565 917
500 713
929 707
321 786
590 544
316 970
291 690
700 6
477 841
962 992
288 333
177 935
766 240
658 372
905 160
689 358
6 718
498 403
683 106
931 166
269 1
9 498
521 234
432 148
183 870
139 841
499 166
846 467
713 71
877 777
682 190
189 215
265 685
984 965
206 903
488 143
998 406
947 995
61 40
877 713
92 128
732 681
934 846
672 937
288 871
412 778
282 730
869 898
419 255
575 157
267 360
227 757
386 744
494 510
662 70
323 710
532 524
571 52
519 710
100 1020
843 407
858 749
740 850
925 815
609 770
487 902
988 40
848 905
65 997
37 862
989 771
476 387
956 218
803 841
999 163
691 274
635 895
449 578
339 429
766 99
25 672
917 425
746 893
299 262
803 660
116 604
314 925
892 423
836 973
506 226
135 567
495 95
549 733
373 493
84 594
866 205
912 650
543 970
739 421
626 288
177 199
508 463
245 529
20 385
898 167
84 280
696 53
733 591
362 705
27 59
242 805
857 159
202 365
724 73
9 123
652 346
425 364
323 731
561 880
206 881
633 417
58 477
619 22
648 560
5 476
222 212
94 912
105 358
687 245
802 512
828 206
754 940
696 967
100 571
130 360
941 231
183 596
214 21
440 577
77 111
626 802
584 98
309 670
961 182
931 511
221 676
750 629
797 709
984 834
499 38
146 28
191 607
248 313
92 5
149 686
30 422
271 316
900 876
985 670
940 819
100 1020
872 38
88 148
587 339
181 58
840 413
121 139
955 467
340 898
77 256
613 191
86 682
372 606
416 478
419 301
538 286
717 37
447 890
861 999
394 257
592 592
299 56
59 183
462 175
14 360
185 448
520 134
81 499
182 856
894 916
449 695
772 413
638 326
182 300
316 510
629 585
531 925
849 521
781 777
623 452
82 302
957 837
804 714
810 770
415 169
869 588
881 33
232 225
380 56
824 376
854 131
767 68
828 394
734 289
38 490
997 667
76 269
709 727
241 857
899 112
764 518
604 959
730 307
438 671
389 798
451 681
917 666
463 953
285 16
863 190
902 329
635 640
622 115
68 726
716 436
740 62
146 571
850 39
559 323
533 530
857 204
914 826
327 917
373 750
187 459
322 951
318 617
928 843
14 695
681 630
13 88
535 712
867 902
691 248
205 256
401 557
543 28
637 560
887 938
821 199
402 23
100 1020
925 948
490 894
567 133
247 710
879 582
263 693
368 371
346 84
543 400
874 235
624 725
196 323
463 740
495 530
574 503
623 186
284 321
970 609
944 146
691 649
985 959
180 171
733 101
992 333
906 145
6 172
903 654
307 238
375 129
577 136
491 399
440 734
6 981
996 604
709 257
947 338
687 214
318 827
157 94
522 571
27 805
544 311
608 94
185 834
26 327
459 547
439 126
114 829
745 995
391 626
1000 300
959 593
638 46
278 600
274 168
873 919
434 302
102 445
883 62
4 300
399 3
91 197
455 122
960 27
424 394
195 433
821 911
941 997
580 114
509 486
552 250
941 351
423 955
614 50
818 879
862 745
356 598
628 538
912 536
690 81
507 445
875 39
889 529
2 500
150 144
766 352
301 446
943 411
952 296
604 36
721 594
766 199
338 194
196 675
135 816
120 581
875 705
227 293
316 212
203 907
100 1020
130 589
828 114
435 222
177 411
830 669
187 481
42 474
839 948
399 631
711 63
578 613
913 385
366 94
216 814
389 59
363 566
773 712
801 16
385 236
923 195
156 489
462 845
963 66
498 749
339 149
371 681
223 276
518 336
443 510
143 896
915 478
406 908
234 241
906 275
237 239
935 322
540 412
110 987
734 144
623 157
861 186
573 672
20 465
839 24
450 342
162 769
166 336
571 49
744 422
532 658
843 995
729 792
860 692
476 897
227 75
73 563
27 937
368 105
760 299
617 826
395 652
77 899
55 861
96 178
292 588
902 845
299 371
63 20
544 226
318 354
144 66
368 422
752 455
622 521
575 132
806 535
524 640
232 892
812 805
480 248
189 921
825 258
109 5
636 379
732 350
794 987
354 768
903 227
883 571
350 610
910 383
849 677
194 967
593 469
397 196
519 124
329 942
643 739
498 19
269 10
100 1020
650 691
13 366
343 815
400 934
465 762
456 10
631 155
471 1000
423 17
962 896
435 680
421 592
551 157
680 311
169 907
302 721
890 79
630 736
233 494
563 396
251 75
41 721
810 931
103 637
571 337
740 817
520 127
939 245
137 66
839 542
903 706
773 29
705 786
841 218
962 932
704 824
189 547
144 530
514 684
834 784
58 997
348 821
261 357
731 754
265 966
433 200
925 612
184 829
218 857
264 101
683 268
740 970
817 552
446 986
798 665
270 190
832 314
303 543
147 560
901 842
93 296
473 321
203 421
18 759
275 866
273 414
243 890
793 780
606 584
160 767
73 124
762 186
228 108
807 487
101 339
183 738
413 698
295 912
510 333
266 185
769 169
343 799
516 429
579 614
115 944
106 976
305 845
379 759
572 404
633 831
209 616
6 322
839 119
669 561
742 381
284 920
258 139
744 35
523 835
53 600
100 1020
279 988
77 189
833 408
927 703
900 100
515 529
644 706
737 931
582 558
444 502
161 266
712 871
194 833
928 648
359 72
469 445
473 391
658 491
282 697
153 270
264 653
941 649
301 767
47 728
563 213
381 594
675 956
481 353
448 620
111 385
426 308
518 354
579 22
711 683
846 551
948 347
784 433
18 736
259 198
298 566
500 43
242 677
260 865
236 962
946 369
804 428
47 262
897 461
754 694
366 933
575 121
731 425
191 694
987 717
799 677
467 188
165 46
22 539
701 144
246 932
197 8
413 303
448 904
59 908
286 162
56 498
527 138
975 135
679 35
314 909
950 481
925 256
19 49
853 565
297 457
71 407
371 422
40 715
938 975
174 141
635 792
942 103
477 15
489 114
594 133
166 842
473 532
166 886
557 392
829 999
702 966
204 414
230 128
432 414
522 609
687 620
870 331
288 436
28 783
330 966
100 1020
627 383
172 240
156 371
995 685
612 439
89 853
527 729
516 67
834 28
648 468
588 982
998 307
546 924
714 618
262 32
134 930
475 869
642 726
655 16
176 34
112 548
785 504
169 42
759 485
776 567
9 673
419 697
628 837
74 924
982 926
493 114
533 639
887 686
187 1
619 738
421 569
191 774
337 550
848 628
394 575
753 344
533 720
305 15
431 56
338 958
268 903
671 258
596 774
301 876
86 963
294 936
189 963
132 178
464 781
924 155
817 241
77 810
868 152
950 703
664 159
7 662
547 974
939 898
642 106
129 480
29 9
168 773
933 423
318 504
129 796
32 381
867 95
738 381
603 668
39 803
683 579
697 40
796 167
687 704
683 522
148 955
262 148
743 168
670 666
761 975
256 722
670 5
157 177
198 810
511 943
241 335
152 130
367 812
745 165
159 167
930 891
975 626
972 373
465 51
856 770
100 1020
945 57
159 332
434 650
301 510
970 418
528 955
265 136
775 295
992 103
149 224
870 320
788 944
387 700
664 984
590 510
742 327
892 745
842 435
21 418
547 639
861 162
981 761
937 253
675 226
865 51
394 320
567 541
904 229
628 770
730 71
719 501
451 737
567 352
248 983
272 894
817 622
306 1000
749 563
489 646
575 738
776 64
460 5
386 603
139 491
817 962
554 887
227 171
962 563
578 539
572 963
274 506
1 423
608 561
224 311
955 384
838 179
468 605
880 211
705 291
55 242
666 703
561 45
567 833
630 992
652 893
754 343
106 920
643 555
158 203
886 601
74 617
492 605
224 289
262 186
342 624
749 155
850 761
78 785
978 613
682 665
860 134
772 928
786 121
271 301
833 162
771 774
206 14
142 409
19 123
497 83
844 800
214 840
457 344
687 78
51 705
632 487
556 735
751 983
529 538
697 712
100 1020
544 29
702 26
875 62
191 599
221 697
885 700
311 344
904 291
394 446
199 950
205 941
623 83
320 696
893 347
559 101
336 241
792 741
20 33
867 366
168 81
461 153
210 333
287 39
619 991
774 510
837 598
449 194
212 879
116 200
729 977
174 655
88 857
649 33
220 865
749 258
173 460
537 360
22 88
275 96
634 999
933 829
79 406
895 898
566 480
779 955
230 564
835 686
857 936
177 101
973 392
786 24
774 158
666 647
273 397
514 475
899 932
446 253
375 978
976 242
693 308
385 627
562 884
578 784
378 666
141 190
41 90
37 419
7 184
628 94
869 16
305 206
513 491
479 366
324 723
422 348
581 865
301 195
95 1
178 212
645 894
895 92
334 659
639 196
433 786
630 614
266 584
913 204
678 748
2 545
243 241
115 207
158 156
942 468
232 417
602 956
156 944
832 566
584 227
460 700
946 110
100 1020
930 389
972 641
506 276
140 291
275 212
12 654
205 161
159 114
389 231
690 287
504 251
664 755
983 984
11 958
708 417
26 702
718 546
848 298
120 261
463 213
612 752
108 267
768 185
97 647
222 18
403 872
58 906
327 294
864 61
943 870
239 740
726 196
665 175
535 567
415 14
112 35
65 204
332 692
8 556
814 613
951 121
420 295
557 257
644 920
257 895
193 632
121 927
964 662
199 32
808 914
487 424
125 194
210 328
176 801
52 773
956 141
252 383
636 888
473 548
561 634
59 444
442 847
257 583
764 979
671 659
392 934
999 141
892 563
594 693
426 458
960 324
651 767
528 80
866 613
922 820
931 488
597 201
243 855
331 304
914 744
36 970
689 338
797 988
741 738
636 329
317 267
142 303
639 442
922 788
961 700
270 814
212 503
672 600
42 756
871 842
632 438
641 878
642 292
108 966
988 337
100 1020
822 274
117 814
439 827
814 982
948 258
250 490
641 835
860 782
423 132
844 124
172 61
588 499
587 502
72 336
507 361
537 981
814 870
180 179
408 483
750 114
192 889
399 470
60 714
820 390
183 376
720 319
642 525
997 251
938 541
262 707
6 542
930 83
483 554
68 706
628 71
91 295
593 24
463 831
548 678
461 658
277 810
507 758
94 561
652 99
744 764
265 71
286 765
122 831
237 426
904 338
177 251
608 371
865 511
807 905
196 618
551 125
782 473
728 721
231 194
337 583
521 119
143 9
563 796
88 19
789 603
643 972
101 970
619 106
919 418
611 413
679 562
74 505
161 819
142 688
940 825
411 950
559 850
775 206
678 975
587 915
476 19
394 233
304 672
52 984
602 456
484 233
458 751
215 16
27 52
507 677
516 775
336 832
938 286
617 921
204 923
937 355
686 586
397 302
705 632
438 464
100 1020
811 232
483 592
748 954
209 660
528 204
874 152
864 86
880 711
845 778
560 378
82 767
564 670
387 226
190 615
396 486
610 354
575 235
416 631
946 717
60 372
51 598
913 346
685 563
234 351
244 615
892 532
204 256
369 347
112 93
993 142
802 192
605 165
486 120
604 595
57 932
49 632
793 354
683 316
923 599
391 619
249 359
612 392
611 785
838 121
465 730
469 974
159 63
237 476
269 171
592 273
388 672
368 263
479 659
203 657
510 548
494 1
794 789
834 264
958 492
880 426
379 945
976 564
943 173
301 74
424 843
558 67
723 463
171 297
50 811
552 684
581 96
149 165
162 179
132 969
269 82
17 119
846 957
587 373
761 892
938 600
47 334
985 440
153 468
86 959
708 823
429 592
507 524
795 535
658 158
707 448
736 58
177 363
81 495
782 46
706 994
550 532
937 846
972 918
219 822
964 797
100 1020
251 796
633 585
720 510
7 100
843 605
966 710
44 134
664 446
691 767
389 115
201 822
278 178
773 395
441 938
101 483
606 140
765 508
986 180
540 581
729 455
702 438
349 929
355 625
782 18
559 850
268 502
452 429
909 530
265 412
546 137
280 853
676 263
40 743
693 200
485 529
695 780
514 286
537 29
888 563
542 279
20 6
740 683
842 664
698 520
922 670
989 243
325 163
392 13
265 250
240 750
760 277
562 759
216 760
929 486
882 808
655 674
535 961
617 435
652 287
230 618
643 417
831 416
971 706
849 275
929 835
423 734
370 209
128 799
85 655
272 900
185 57
332 380
31 81
926 304
356 970
212 511
359 73
917 338
482 294
435 774
226 977
396 465
204 47
170 759
756 864
552 792
646 393
580 823
757 862
133 797
582 503
429 543
925 126
791 202
810 578
795 911
709 337
441 37
264 752
745 83
100 1020
842 963
552 984
334 672
48 832
109 656
185 93
603 291
18 565
682 61
73 9
100 266
657 157
191 862
3 384
795 684
529 403
502 795
542 123
576 165
815 139
518 453
428 564
341 501
565 639
378 987
536 962
549 799
549 458
667 501
176 743
829 583
660 544
638 440
883 560
286 568
812 240
698 650
188 410
236 797
127 725
259 165
539 161
440 880
376 88
559 901
720 919
406 832
307 228
786 216
980 186
238 198
637 208
209 959
869 586
150 417
886 487
314 328
991 568
169 94
668 813
862 362
471 733
663 223
614 740
677 181
40 956
102 981
935 436
111 144
922 685
868 389
290 934
678 909
314 593
971 23
665 730
172 526
930 266
301 973
648 84
803 347
812 111
26 760
740 260
374 644
579 793
194 129
860 67
863 422
863 82
769 809
462 448
662 146
745 126
996 864
671 50
704 620
42 848
662 765
908 359
100 1020
560 865
930 969
998 654
471 699
324 82
955 720
643 197
755 541
906 494
57 549
950 653
441 147
798 64
674 861
209 897
437 392
743 92
948 935
850 86
262 680
322 941
541 718
848 638
654 190
215 525
130 723
32 547
190 500
139 43
149 759
998 637
574 525
390 112
412 289
711 604
359 594
588 350
223 80
396 372
480 868
660 477
366 807
543 500
843 503
987 623
707 114
750 29
809 163
717 771
867 912
909 349
92 249
872 680
754 258
658 468
738 504
62 981
478 477
376 903
892 776
708 359
564 623
953 219
440 608
763 869
173 642
16 355
982 683
448 265
771 106
13 402
878 317
896 56
318 41
108 463
273 237
245 896
607 279
609 451
184 171
514 648
86 601
194 699
728 756
229 681
546 203
391 687
589 719
82 962
601 9
703 902
644 385
49 175
332 425
799 294
359 255
877 761
646 910
956 347
332 55
100 1020
902 110
541 378
927 447
905 121
741 53
262 820
46 154
939 806
87 398
847 226
737 889
870 211
129 17
422 920
631 891
526 771
89 201
420 399
113 90
518 58
431 999
225 771
490 571
840 251
92 524
71 786
246 160
456 188
252 703
695 426
260 259
402 570
11 511
281 819
904 708
113 958
324 244
865 420
684 308
80 830
655 753
443 344
752 546
472 471
856 486
432 985
698 74
16 362
574 173
980 911
184 616
222 174
548 728
192 764
505 400
254 663
606 540
282 232
807 839
881 109
44 837
358 547
357 849
83 925
218 836
750 474
58 84
824 26
821 734
722 913
137 385
540 647
746 170
426 234
355 641
939 629
145 489
99 46
532 78
861 103
340 502
530 236
161 435
869 815
508 913
834 917
380 220
656 733
677 62
361 359
470 308
614 136
49 171
342 821
765 736
501 111
988 430
33 76
228 25
534 422
100 1020
593 319
678 932
744 653
921 130
725 435
1 723
182 656
798 490
707 159
132 148
295 159
840 29
177 102
473 299
590 75
587 924
934 729
886 256
518 291
569 966
47 468
367 338
470 742
364 599
127 161
8 814
426 772
408 78
272 526
552 969
574 329
519 864
771 946
849 686
292 935
287 770
98 924
445 740
403 785
498 62
73 396
127 642
861 633
285 103
384 195
954 504
664 456
616 885
473 315
934 920
24 260
13 293
939 255
771 859
945 971
944 317
804 41
650 670
98 772
858 22
200 149
170 723
211 294
205 232
507 430
531 582
147 239
605 603
154 31
737 617
292 444
885 217
864 863
176 457
215 721
58 222
678 121
659 296
859 549
490 460
795 180
741 467
322 375
480 530
989 110
120 250
320 950
897 172
835 862
344 489
209 305
175 601
196 198
836 299
148 197
919 792
983 964
364 120
130 920
90 644
100 1020
703 994
77 620
627 249
707 628
378 740
509 612
772 201
25 165
95 580
883 329
877 157
184 969
79 225
586 791
218 437
52 155
221 956
587 602
737 373
623 355
781 775
510 985
495 403
920 541
976 814
288 778
673 368
169 295
919 663
329 729
280 220
77 921
640 934
285 381
255 992
457 172
869 851
548 675
193 572
120 128
254 612
865 26
56 198
262 939
438 580
717 445
617 897
82 944
622 988
855 93
46 291
210 533
538 895
642 562
294 432
581 366
892 751
57 433
610 619
534 268
359 731
544 755
687 770
578 657
546 880
85 548
328 739
449 208
553 631
620 837
454 985
376 847
324 614
668 225
94 899
62 656
420 872
129 329
144 868
189 301
235 195
40 464
545 37
626 760
629 174
314 292
922 75
368 60
325 425
764 50
312 191
505 807
747 120
384 523
291 591
747 419
130 150
654 754
985 125
650 261
100 1020
731 983
583 510
689 585
454 401
658 314
104 839
350 147
648 127
400 753
628 606
469 163
871 998
800 945
510 243
443 126
440 987
368 21
353 871
274 731
722 464
336 859
813 377
956 30
508 749
363 242
318 852
880 112
470 714
562 26
951 398
943 478
644 454
455 755
67 90
520 828
294 190
19 464
769 744
657 910
841 203
997 288
484 62
928 472
285 675
271 41
653 577
966 282
496 837
198 920
180 188
185 959
623 757
319 136
593 650
805 244
976 381
360 346
900 682
826 682
319 214
355 323
398 690
583 439
260 860
383 654
929 613
827 893
981 276
624 572
101 643
256 391
717 215
381 157
759 263
194 942
504 389
619 367
276 603
321 845
244 370
191 600
939 316
213 829
819 350
411 915
910 918
770 109
728 857
8 672
234 621
388 357
12 794
455 182
990 671
750 188
340 23
269 73
252 48
443 853
875 527
100 1020
673 136
913 213
773 292
816 356
504 164
192 97
991 284
769 287
569 756
846 812
299 87
358 122
343 200
641 280
793 596
293 308
803 620
880 981
545 805
10 226
580 73
688 808
761 319
937 897
444 284
58 958
4 729
197 998
38 416
217 856
127 312
666 781
296 457
586 832
814 117
872 714
879 743
606 397
400 203
735 675
236 200
807 140
800 276
620 997
74 530
312 209
515 660
859 395
1000 94
583 205
431 152
956 635
871 899
866 5
698 992
470 345
520 254
818 486
179 590
127 252
337 847
276 460
81 969
605 165
218 53
150 449
84 434
46 854
748 712
413 12
519 930
11 650
335 318
990 716
94 881
211 584
126 440
560 940
161 325
50 334
693 498
835 97
915 889
130 689
954 695
692 232
674 490
213 618
319 5
224 496
989 275
763 572
295 305
761 568
983 88
352 320
45 900
29 476
891 410
168 471
100 1020
521 288
535 781
543 709
101 216
386 892
274 820
522 791
507 137
174 498
554 515
327 659
602 226
460 473
230 737
730 255
220 500
227 294
21 817
883 924
326 930
939 526
442 277
548 985
57 994
286 924
152 603
520 821
171 269
680 939
287 100
791 200
20 614
771 947
91 203
725 913
526 694
547 55
496 269
20 121
521 559
507 934
57 94
652 476
741 688
246 540
936 616
350 433
174 539
738 988
963 722
917 976
784 405
614 36
737 477
455 835
621 181
450 608
562 373
538 331
400 866
788 151
696 96
671 17
571 34
167 586
601 791
600 670
835 534
461 243
942 666
431 93
109 374
490 910
807 219
578 636
196 897
55 79
77 986
951 333
366 816
685 175
198 460
542 218
83 744
102 153
363 756
460 444
181 413
839 200
66 793
501 454
450 93
592 518
164 512
827 289
369 101
649 694
480 466
441 527
441 323
100 1020
22 624
298 210
562 731
103 588
94 937
245 706
172 414
364 223
131 650
972 476
8 816
70 400
476 505
577 437
953 969
163 423
534 957
889 74
745 169
548 169
44 233
916 895
747 557
407 937
239 19
648 455
620 283
7 849
709 356
232 369
829 487
682 130
407 879
830 361
125 211
617 580
212 99
502 290
280 224
90 685
799 501
703 135
521 297
972 308
213 856
306 267
118 801
830 66
798 787
730 830
979 349
552 728
826 188
361 975
270 444
352 192
91 389
162 84
196 281
886 90
247 579
676 984
85 671
597 526
979 732
987 267
373 75
543 60
504 648
443 662
491 949
869 313
751 985
523 808
127 703
285 865
686 851
197 854
724 558
590 705
931 23
859 436
615 408
548 943
546 396
736 51
437 224
932 361
970 567
267 908
750 670
144 687
258 70
219 520
191 473
254 270
957 353
1 431
717 986
754 402
100 1020
595 294
806 826
387 222
741 386
96 699
87 985
338 932
519 149
589 213
232 712
86 15
741 851
734 825
145 58
880 204
590 960
408 28
475 308
846 205
930 203
497 225
742 464
325 321
108 96
669 599
44 804
209 316
503 583
736 871
107 699
704 506
141 836
473 218
646 787
361 278
139 932
50 519
117 38
915 205
673 881
524 40
813 122
785 907
416 283
276 322
607 3
210 143
630 62
951 554
120 606
948 389
419 456
724 385
653 148
108 89
486 622
552 191
559 794
983 158
520 212
820 119
337 493
521 803
398 300
675 249
344 485
101 245
396 271
795 166
714 508
58 456
411 499
931 314
487 114
676 783
493 590
285 767
70 105
253 926
477 863
865 272
735 555
298 237
528 866
516 906
439 939
250 449
397 244
59 105
446 825
661 265
677 11
137 865
54 720
335 20
805 922
878 375
91 812
19 888
787 7
100 1020
620 941
849 13
753 443
665 756
649 72
247 468
907 814
926 614
975 946
422 648
115 880
19 198
109 243
336 460
836 257
321 807
400 896
623 989
111 300
763 159
943 486
89 607
909 873
954 272
952 89
650 344
222 792
596 699
418 666
136 323
641 767
430 895
826 720
227 821
980 949
606 989
146 789
823 529
274 762
593 763
936 460
217 588
116 946
120 330
869 743
620 539
611 242
589 842
15 767
117 896
375 314
266 632
266 104
112 222
419 616
988 69
691 769
187 362
793 340
565 96
840 917
358 876
905 500
935 965
438 946
711 341
533 596
493 75
371 707
698 784
857 327
505 398
568 974
862 17
985 436
202 1
708 641
372 440
194 894
680 453
139 373
87 820
128 823
877 937
328 570
458 772
403 437
230 945
700 915
752 915
433 719
134 525
600 579
175 731
357 663
496 548
426 527
392 184
760 755
281 813
100 1020
582 331
332 657
60 939
693 672
997 502
931 485
320 287
633 991
467 213
937 236
976 496
299 865
621 330
148 83
290 272
143 249
309 393
430 198
329 675
442 771
543 281
520 414
466 914
269 425
803 6
662 661
599 510
634 249
929 214
751 940
47 180
496 474
366 193
779 780
742 569
770 158
268 294
895 653
632 714
947 831
351 755
413 396
349 506
113 542
527 317
207 753
204 412
805 546
838 131
193 578
619 937
92 93
705 454
945 866
129 748
30 812
151 404
967 831
88 462
631 164
205 303
184 284
636 687
45 10
531 583
749 752
602 997
875 288
292 662
775 11
42 149
693 996
260 364
137 59
816 97
499 504
949 949
588 500
70 338
701 562
702 76
759 315
871 560
834 490
847 751
273 573
749 853
132 759
968 357
166 451
26 112
246 698
441 605
664 833
534 907
408 415
169 706
265 566
605 793
1000 189
100 1020
827 851
389 779
327 566
472 921
473 797
335 676
36 192
463 382
8 468
201 836
104 517
530 251
477 214
271 142
706 556
926 899
319 3
89 597
471 488
114 794
569 631
242 502
325 568
245 29
229 816
46 328
639 213
139 653
483 932
888 541
774 47
328 919
646 468
253 928
209 681
83 439
743 570
849 496
838 193
925 708
339 230
437 721
252 429
857 430
267 372
484 338
586 183
378 465
104 428
870 418
791 892
715 380
988 388
660 614
323 315
113 215
829 393
163 858
903 359
310 858
666 858
219 158
92 922
490 817
689 339
396 842
976 266
130 366
679 775
67 295
349 863
284 534
532 888
174 450
139 715
567 544
6 282
576 632
405 89
14 590
94 679
579 984
396 695
621 698
897 772
184 44
638 551
165 425
504 586
195 744
825 495
651 64
823 816
433 626
336 664
953 746
750 151
487 562
562 288
891 71
100 1020
523 35
423 346
663 289
132 94
127 708
36 294
38 123
671 947
875 405
99 691
274 842
584 829
616 104
150 790
675 984
950 438
395 702
845 389
806 324
375 259
177 965
920 580
37 958
963 120
341 217
401 631
188 802
535 644
17 146
294 169
525 898
163 351
880 443
556 466
406 5
730 785
236 759
145 311
315 621
574 621
915 90
617 487
294 241
801 356
403 217
418 960
642 628
288 599
207 518
317 970
302 145
159 190
291 678
477 282
196 356
413 666
481 429
281 233
967 542
801 372
763 770
700 494
568 240
714 22
880 905
79 307
628 955
794 949
89 655
439 395
652 854
62 224
34 709
261 301
721 591
697 150
839 572
775 615
835 560
998 442
864 127
478 427
710 635
435 263
147 671
293 733
82 342
906 678
728 172
799 854
633 723
463 571
58 975
504 118
324 708
235 88
216 792
272 544
311 626
79 679
100 1020
646 796
873 792
779 41
628 591
821 107
258 365
251 627
543 168
351 336
166 79
93 744
189 824
501 246
540 373
595 608
16 290
563 549
79 210
211 82
312 547
402 992
65 734
539 563
73 679
855 459
543 900
663 962
399 751
298 34
914 667
526 166
584 275
287 876
287 739
638 817
135 197
883 768
955 651
341 412
889 642
299 508
619 672
715 677
785 549
396 344
3 220
741 260
826 274
811 77
485 120
371 21
658 161
7 798
550 738
444 79
184 400
331 183
130 17
540 804
942 725
328 945
489 703
332 785
935 230
562 305
3 101
3 607
295 945
331 256
527 593
297 816
308 99
657 1000
133 505
618 976
379 422
347 342
540 34
127 124
1000 41
201 590
134 535
778 338
338 96
319 399
426 187
53 932
76 295
788 264
334 269
837 78
340 90
60 791
765 214
165 183
554 306
726 768
684 108
953 907
790 152
100 1020
838 99
169 396
957 306
294 746
696 653
451 995
763 214
707 324
377 630
37 219
266 659
35 492
378 927
550 600
53 255
268 341
2 878
1000 886
771 754
681 37
625 578
740 661
896 234
20 742
129 484
934 672
241 777
279 152
60 396
135 545
454 12
476 701
491 698
160 630
519 945
273 873
982 485
734 462
358 435
250 611
741 336
116 766
873 966
301 443
783 718
952 393
811 207
696 875
741 485
408 880
511 378
772 937
75 173
245 369
735 11
666 844
550 179
556 793
9 305
189 938
873 258
783 535
782 1000
239 123
347 187
804 704
307 415
589 776
525 605
520 951
696 894
944 501
234 672
8 940
202 944
505 317
679 98
423 540
987 322
155 757
618 897
817 909
967 440
851 301
357 846
528 970
694 716
834 150
826 626
850 171
303 362
914 815
677 691
152 491
361 398
980 516
810 940
301 677
577 814
838 904
100 1020
282 713
379 597
565 311
943 536
912 984
26 270
468 669
926 729
517 272
524 693
998 558
884 229
767 119
812 508
442 368
33 180
257 344
287 262
610 461
539 696
574 417
406 481
356 94
188 285
109 146
330 589
967 953
137 122
574 320
845 303
397 964
69 850
524 403
762 714
860 183
460 654
995 506
339 976
24 113
612 902
678 477
325 40
217 996
582 199
483 668
352 435
803 575
70 878
712 220
989 472
441 617
117 394
59 246
280 411
670 295
21 464
928 134
288 433
560 783
386 658
128 191
351 672
56 491
501 888
691 452
882 968
854 971
604 205
880 782
482 629
739 857
479 553
679 853
636 20
860 8
493 56
405 441
136 935
923 336
962 236
856 439
218 383
498 338
56 593
239 243
423 415
65 32
375 18
374 185
652 604
848 742
531 76
68 154
927 192
299 728
323 468
937 652
392 122
220 629
228 555
100 1020
692 128
484 338
651 686
350 935
407 739
476 497
397 238
1 648
347 444
677 760
838 451
4 631
162 114
734 993
89 149
65 946
238 961
614 533
749 461
105 418
163 813
126 483
555 673
387 950
192 263
310 209
871 309
5 505
815 451
771 247
156 101
138 880
837 582
970 856
836 639
614 427
83 635
717 483
90 755
55 576
377 723
289 309
992 413
428 444
806 134
344 102
736 189
979 213
433 341
796 890
304 319
290 642
131 693
375 456
317 902
561 920
667 202
644 623
397 925
599 639
326 654
320 704
358 115
521 210
942 101
558 402
694 733
789 44
40 271
210 504
238 613
42 31
934 943
739 948
895 365
190 885
969 655
696 681
111 240
381 12
980 3
47 47
516 635
969 669
359 58
66 125
275 187
54 445
102 270
267 996
909 291
425 394
638 936
532 659
93 405
107 204
900 954
554 300
709 174
15 609
100 1020
113 980
876 656
860 86
129 292
999 105
495 206
8 235
104 126
672 301
498 584
296 596
936 523
45 5
377 188
227 825
693 515
820 141
548 418
835 511
322 777
284 48
217 752
48 290
519 545
647 68
277 997
147 128
161 95
674 501
657 846
757 301
255 803
174 261
274 895
5 319
675 204
243 529
380 66
274 936
22 541
563 890
109 566
457 270
24 974
863 816
191 297
262 137
639 704
838 714
301 166
33 558
502 472
121 101
390 608
985 491
352 994
48 568
541 546
734 789
52 931
615 979
412 914
329 96
814 685
892 139
683 700
459 691
402 185
884 634
216 953
964 932
309 808
836 484
525 530
153 995
106 263
411 632
58 623
973 205
631 31
459 832
313 154
68 510
4 326
697 15
787 371
685 541
875 195
214 615
684 264
502 817
181 901
926 948
136 511
947 276
375 432
383 97
632 705
947 123
404 546
100 1020
159 900
710 915
583 472
749 614
53 942
91 242
892 777
466 575
730 979
695 744
891 387
370 20
662 158
983 151
905 11
218 493
862 126
585 910
458 393
952 686
840 240
960 674
908 166
12 705
786 768
986 674
475 660
155 136
906 156
676 934
588 399
419 371
152 674
870 493
281 881
612 204
911 631
548 782
157 669
31 38
561 79
179 431
123 990
434 49
608 33
84 817
19 378
911 859
893 200
643 142
515 479
747 427
6 209
434 314
379 159
959 242
364 496
687 577
482 627
245 453
747 671
567 141
296 384
880 66
978 684
994 99
784 182
748 668
710 309
815 299
187 196
539 128
832 759
546 805
125 143
165 93
904 763
452 394
406 46
988 404
166 724
855 712
435 258
655 43
895 893
23 805
21 554
296 857
918 735
379 467
416 439
777 804
272 706
291 192
412 178
345 475
22 746
256 4
848 255
311 866
100 1020
253 131
877 716
413 34
626 93
635 638
564 164
198 961
595 866
483 26
375 790
212 861
473 726
85 1
467 664
222 745
80 187
616 43
680 573
381 330
991 84
70 768
699 241
380 354
452 286
483 951
237 221
604 144
401 607
547 897
177 428
152 624
835 324
734 53
756 809
636 959
23 205
587 580
526 94
413 680
631 75
987 289
408 765
431 177
588 802
286 267
366 234
224 645
806 446
365 851
831 601
879 89
58 777
931 947
398 53
988 720
407 377
990 739
706 636
129 890
970 180
470 778
985 221
469 373
292 862
519 458
797 468
800 411
611 850
208 924
846 879
538 675
480 166
566 693
184 505
333 426
340 163
610 125
479 368
420 414
783 501
909 596
761 717
519 827
494 310
203 825
192 350
170 674
185 423
208 322
176 295
344 245
328 411
970 548
917 838
842 866
83 752
406 416
547 100
580 895
192 249
100 1020
543 607
310 545
217 936
447 395
528 159
341 93
426 592
116 862
903 432
325 3
565 625
335 288
231 812
562 40
916 656
164 646
217 830
420 585
365 859
324 818
472 640
833 661
478 633
545 119
488 549
564 848
965 262
560 537
649 541
393 841
866 161
269 697
695 811
389 807
301 647
790 30
402 420
381 59
396 191
66 99
264 464
155 901
323 493
124 549
200 848
194 15
294 461
424 607
55 741
303 123
749 429
984 839
956 345
523 998
381 604
663 653
882 919
636 60
318 258
587 294
828 710
195 592
70 278
191 888
215 368
218 78
375 144
808 892
562 450
786 584
467 305
895 865
840 590
209 42
326 943
870 101
826 634
226 221
389 483
165 614
426 949
200 964
43 406
102 602
606 261
100 935
407 563
417 986
750 920
572 8
981 953
671 636
768 107
103 799
115 44
195 704
862 889
396 941
776 900
18 556
100 1020
125 549
546 792
996 70
853 492
944 871
786 857
926 487
394 195
74 106
226 633
201 92
10 226
651 827
864 389
529 897
94 432
591 238
344 101
111 488
815 117
792 957
25 108
352 666
492 754
805 585
774 768
326 131
703 764
262 25
301 386
345 788
992 254
561 629
51 360
129 397
549 981
459 252
422 190
455 660
835 522
658 902
717 406
431 135
775 30
842 415
689 313
360 942
404 375
251 901
33 906
23 780
411 744
537 260
543 314
908 748
263 795
170 893
641 598
243 293
40 608
366 656
532 639
99 924
949 730
217 1000
169 944
783 417
40 807
5 143
127 640
244 819
977 416
917 309
914 985
164 503
794 896
165 642
859 282
682 120
502 205
141 52
581 219
203 351
567 185
788 955
890 339
673 289
466 98
39 506
877 599
669 527
281 695
926 37
420 637
676 134
456 966
966 110
40 575
99 227
454 76
100 1020
453 143
148 556
235 960
651 531
450 956
165 238
327 1000
125 931
966 129
500 577
715 855
502 808
344 820
968 545
690 211
940 974
357 460
307 391
735 198
806 685
293 330
543 627
366 864
149 911
206 776
607 697
644 208
637 665
172 550
397 413
875 423
747 706
191 980
346 292
722 189
929 650
521 666
982 577
368 824
702 656
145 188
314 402
427 430
415 659
564 526
180 562
622 533
203 720
760 901
280 183
249 724
473 897
19 399
735 466
79 864
159 699
559 212
564 131
25 176
374 895
15 862
131 281
503 164
329 867
511 885
673 198
142 306
139 965
204 281
343 570
732 30
377 212
93 243
741 95
936 589
660 440
265 369
754 455
789 251
444 767
512 816
650 133
894 847
414 179
523 686
502 221
91 319
270 680
214 805
20 257
932 683
383 858
869 535
92 371
659 348
843 289
632 11
125 391
795 564
792 244
100 1020
213 244
641 807
193 64
867 652
784 773
220 285
189 529
374 378
287 326
174 659
499 880
74 515
10 988
590 433
758 480
602 230
875 984
277 130
977 778
272 273
634 678
152 565
645 928
829 291
492 578
72 945
912 645
751 256
676 245
16 345
512 441
614 289
548 77
575 542
223 941
226 572
921 192
592 552
875 294
715 434
352 240
557 477
47 310
289 287
898 371
746 142
740 223
995 610
163 620
436 494
799 514
826 935
197 49
831 392
484 958
592 638
909 453
34 85
43 710
181 60
319 25
363 100
658 567
432 362
598 923
211 598
254 134
379 38
932 929
167 274
827 721
416 32
934 772
512 412
141 950
153 392
322 883
692 878
795 872
847 904
584 892
777 112
180 44
316 619
988 486
421 38
339 190
204 639
1000 372
892 184
925 274
837 317
855 366
845 96
620 1
813 500
817 633
764 757
915 302
540 908
100 1020
911 259
628 854
472 263
310 321
315 864
246 284
514 281
600 195
94 254
507 232
300 688
952 679
503 80
808 752
383 51
927 243
476 285
238 179
841 38
825 584
396 140
799 69
11 713
104 363
691 942
771 203
329 496
771 822
329 712
223 818
923 772
698 84
766 335
135 103
249 145
500 423
759 550
342 541
80 899
465 886
984 187
975 177
141 209
852 9
216 777
256 485
832 878
520 990
811 967
628 349
407 661
386 511
562 275
293 897
270 432
470 801
388 664
758 730
410 81
327 871
388 645
358 410
179 50
61 798
553 233
879 773
888 290
325 359
969 160
199 476
603 845
305 649
129 143
59 212
59 700
149 338
893 593
534 79
695 105
51 908
234 122
870 563
321 177
984 898
454 167
781 971
286 556
313 587
473 404
786 523
223 633
773 430
500 612
577 874
997 411
779 520
813 132
412 24
968 673
797 2
100 1020
983 793
562 746
492 946
135 769
925 973
959 312
638 495
481 532
924 738
487 846
413 205
914 752
576 278
885 181
105 70
885 281
893 248
973 366
560 600
963 269
421 16
358 178
900 135
117 266
284 768
867 827
347 389
4 572
483 180
273 914
986 407
757 380
757 642
559 336
269 472
756 954
457 141
128 191
551 954
281 133
454 308
450 101
95 787
878 620
427 47
946 205
623 112
377 433
43 67
785 431
545 93
978 624
606 282
543 980
486 403
584 173
644 475
881 885
808 985
909 167
975 931
518 176
694 405
735 999
553 804
72 902
904 15
60 1
755 788
452 531
483 42
56 373
544 224
481 262
669 710
601 374
976 960
8 218
953 954
701 347
636 665
99 245
710 450
237 53
143 794
277 292
591 840
167 505
174 802
506 160
559 765
29 893
810 75
620 327
605 960
720 187
586 156
926 531
799 17
382 585
100 1020
643 342
545 416
364 604
69 254
385 361
575 909
342 811
301 413
350 188
314 810
230 308
930 428
788 441
876 694
840 907
57 778
912 915
965 856
350 836
19 436
911 923
483 83
307 483
779 958
856 734
488 392
275 892
766 153
247 895
886 892
195 549
903 960
575 51
684 5
308 340
98 571
324 446
532 190
363 615
376 443
228 924
974 408
916 883
202 585
187 290
920 831
191 758
811 683
37 265
228 937
499 647
283 637
208 458
556 634
436 558
814 608
829 170
301 816
234 470
49 827
941 328
82 60
934 727
705 628
494 129
85 460
619 325
618 528
887 276
197 420
729 170
548 679
358 341
710 324
369 545
768 581
639 192
515 744
943 164
754 428
463 954
198 484
499 686
927 624
463 545
929 687
85 319
387 999
223 140
337 932
900 968
376 849
918 98
192 856
679 306
548 116
253 239
114 678
52 966
63 642
100 1020
526 119
334 96
487 125
116 445
364 411
578 361
805 64
121 67
377 509
507 72
571 284
312 69
794 488
360 295
80 823
625 471
777 782
276 979
545 110
981 780
646 813
400 886
999 31
343 472
811 381
221 326
222 651
760 430
861 738
706 898
377 187
80 278
876 177
3 990
321 629
722 216
235 152
46 113
819 67
658 138
207 433
365 817
436 615
754 169
388 811
446 605
317 906
715 318
590 371
508 531
426 751
278 439
165 157
186 609
873 304
848 344
410 655
599 982
259 270
91 607
987 271
994 754
797 161
208 751
989 289
695 831
232 658
348 603
195 113
912 833
496 826
988 432
103 234
116 287
143 156
608 523
686 139
482 376
999 131
184 177
146 531
41 437
983 929
730 430
912 815
206 533
477 307
395 75
903 38
874 4
735 992
312 920
288 280
178 461
6 253
878 7
315 916
191 976
304 390
728 444
100 1020
210 550
352 823
997 636
587 797
659 165
256 306
652 285
912 748
859 328
182 689
25 670
865 236
609 878
106 869
396 788
255 565
203 990
872 430
117 986
103 175
882 221
389 210
413 468
278 261
112 532
576 66
803 155
146 651
929 261
664 944
297 749
118 490
16 260
945 730
336 927
525 476
296 233
14 394
563 78
333 561
758 356
845 14
489 61
405 959
95 562
908 965
724 113
479 198
836 376
41 772
62 85
675 551
566 382
433 131
102 682
190 556
187 196
830 554
394 375
290 773
422 627
939 754
878 489
921 840
92 990
846 547
896 682
588 7
540 518
608 172
146 229
804 209
85 373
61 352
977 975
499 338
810 326
269 167
514 917
921 49
956 978
139 643
794 669
851 398
649 465
886 418
312 700
211 359
84 823
718 183
124 611
744 826
651 853
112 1000
989 77
131 249
335 489
880 450
572 856
815 156
100 1020
921 125
737 24
839 990
745 81
652 541
743 695
868 8
659 946
95 953
134 553
364 627
142 661
879 402
992 89
131 203
94 931
968 306
654 485
568 756
3 512
515 80
364 505
215 902
129 472
676 665
840 736
857 799
765 955
31 249
96 247
314 801
60 655
186 500
553 623
611 358
517 665
837 825
61 363
138 668
953 858
440 744
837 779
721 543
415 445
808 992
691 652
155 566
235 683
761 66
778 740
637 207
713 665
776 158
691 18
842 382
29 491
985 8
132 858
7 729
934 100
545 186
747 49
195 553
964 519
720 323
645 61
372 497
341 450
660 85
960 419
936 231
41 417
56 805
720 574
528 599
75 668
592 48
502 370
432 30
558 345
593 853
221 158
245 95
902 953
906 134
644 591
255 508
101 713
441 92
154 590
494 916
776 226
154 973
754 491
788 902
93 657
870 135
155 423
269 627
316 986
100 1020
870 37
663 24
817 499
986 661
139 264
956 430
849 591
384 671
696 230
783 529
191 249
1000 978
975 82
709 293
371 644
651 815
432 225
687 676
342 672
375 269
830 922
122 105
833 250
85 816
668 935
606 995
203 242
582 225
480 189
413 230
777 907
901 878
857 156
528 365
383 396
287 45
917 213
525 608
508 703
871 960
239 748
967 644
835 445
491 719
935 24
54 608
377 567
429 155
227 110
677 496
869 247
573 962
653 680
346 647
569 30
984 848
952 277
645 246
36 90
444 619
989 636
6 587
530 767
77 357
698 176
652 741
839 120
230 918
645 954
835 434
982 266
454 47
46 360
432 966
30 996
494 30
172 638
114 740
204 296
329 13
734 569
738 362
310 467
390 605
85 604
820 389
721 72
44 390
373 199
836 507
173 487
948 73
419 846
305 693
845 805
306 247
774 441
996 839
495 293
595 917
100 1020
752 501
117 744
1000 96
885 614
906 190
768 73
271 62
754 376
417 341
417 183
154 901
214 12
502 561
558 546
758 377
183 809
666 242
86 346
876 400
560 925
681 989
462 568
195 570
812 50
955 241
639 233
244 983
432 891
939 929
58 591
190 563
464 996
582 864
597 821
851 688
449 82
163 694
386 442
506 482
393 328
719 153
593 969
139 424
527 662
260 592
281 608
811 97
535 34
49 546
810 56
210 862
827 472
220 482
351 629
637 824
221 166
481 219
885 112
724 261
755 149
847 536
266 746
710 698
18 591
59 624
532 235
351 141
556 596
66 304
953 90
346 761
990 73
618 498
632 676
975 830
950 245
170 614
837 251
436 174
108 516
100 496
900 366
204 178
657 73
248 61
207 257
423 104
208 577
669 879
308 986
406 168
556 234
491 537
815 287
267 785
23 909
165 526
250 431
419 849
831 613
100 1020
438 770
500 563
542 822
125 437
786 855
416 203
102 694
812 738
158 819
34 55
905 685
542 999
493 603
67 624
656 82
818 783
563 137
552 435
425 532
331 23
913 956
855 570
795 243
355 147
266 423
218 660
587 787
663 707
907 674
169 516
324 853
703 1
317 389
445 142
399 560
525 452
276 245
215 841
634 875
271 737
556 210
169 686
866 256
409 6
610 438
33 843
475 452
537 927
457 644
45 912
686 349
312 996
368 861
184 123
675 611
903 424
366 461
735 858
344 287
266 605
113 435
962 721
389 671
195 176
279 231
206 79
585 372
668 717
203 880
53 397
791 490
966 123
290 485
56 807
159 224
80 118
225 320
196 695
970 465
251 265
689 153
771 862
794 936
592 617
357 277
541 988
899 524
217 6
182 539
63 533
961 195
386 882
882 44
914 259
217 250
539 992
659 97
552 388
780 17
143 862
100 1020
716 250
739 862
624 48
671 884
811 514
445 849
951 8
289 788
143 407
542 293
771 927
861 259
61 498
975 293
731 731
725 920
213 942
607 747
216 343
787 661
563 446
906 331
1000 863
480 403
717 284
176 201
680 240
665 154
317 222
881 520
400 88
539 851
557 152
356 925
844 114
219 266
403 8
52 49
617 922
795 332
767 554
6 312
637 611
161 451
691 649
514 180
20 868
484 645
897 449
15 680
797 112
836 954
544 722
268 668
835 605
71 679
636 999
134 834
806 401
282 831
464 205
582 739
412 902
354 136
22 625
660 740
130 688
831 210
1000 953
416 691
8 747
927 99
649 943
566 577
783 576
78 190
733 319
237 351
540 332
809 181
83 886
598 835
462 3
968 901
423 902
431 700
738 671
287 13
346 24
457 26
203 389
684 763
837 525
881 599
599 305
21 323
541 594
658 734
695 948
8 56
100 1020
159 932
657 971
305 387
790 3
504 292
540 677
84 939
637 295
402 875
897 876
236 837
352 238
735 55
157 806
460 658
777 385
138 861
732 856
121 780
887 179
777 773
328 49
547 463
133 141
950 466
634 786
75 779
93 374
868 700
226 515
540 628
41 583
244 922
162 548
825 539
182 80
927 102
58 208
692 131
450 666
720 281
866 538
588 915
655 913
31 225
741 624
811 261
586 539
44 489
575 543
542 270
153 627
740 285
815 961
515 610
520 666
483 785
713 371
768 293
284 251
900 473
893 117
499 355
159 337
258 821
55 492
922 737
228 513
718 981
816 304
218 260
633 930
776 714
240 20
25 301
135 762
603 240
403 375
788 409
274 123
876 516
60 409
281 70
303 582
105 236
721 444
691 111
763 312
394 210
651 508
417 97
572 661
844 911
23 242
970 682
759 876
600 991
215 707
534 712
214 974
100 1020
734 270
724 326
413 261
100 169
395 25
164 836
635 727
601 437
147 831
932 862
871 737
928 605
931 641
483 519
729 691
293 859
795 832
790 473
904 446
42 785
994 530
196 273
546 500
892 905
240 178
318 360
45 315
595 174
172 348
189 353
657 951
203 986
970 955
4 953
704 829
561 40
434 638
847 844
108 808
438 35
368 269
182 809
523 788
483 745
954 223
530 416
265 105
543 617
760 336
807 621
894 269
847 541
655 338
433 436
914 589
698 616
20 513
942 804
695 5
99 494
238 366
336 655
497 296
349 132
139 479
499 423
598 196
109 259
388 651
299 723
791 151
953 557
356 192
349 31
617 477
318 837
652 287
891 71
396 712
911 401
374 599
610 976
261 747
754 574
600 57
596 475
399 769
16 676
330 977
74 988
250 398
478 946
422 764
931 764
45 678
752 64
405 870
643 288
363 813
504 606
100 1020
240 180
91 964
734 145
276 17
951 664
752 325
660 49
981 190
3 363
898 762
90 811
105 943
486 186
103 57
772 257
392 546
574 378
958 710
766 193
701 63
688 159
292 303
359 936
652 617
293 739
584 433
546 169
492 887
853 285
744 963
839 908
41 909
24 851
698 888
983 66
967 753
971 721
573 611
995 439
999 73
729 758
436 205
350 700
467 271
806 719
978 656
60 60
460 971
779 924
431 796
338 288
982 440
937 211
821 790
49 868
994 640
11 689
58 126
767 444
560 207
851 216
699 705
661 970
536 355
599 425
310 888
977 688
318 900
334 762
987 16
250 110
403 360
378 842
480 488
935 890
67 746
328 629
324 868
453 506
587 403
515 753
870 518
20 401
750 785
695 756
916 393
320 992
184 388
663 801
501 516
328 85
429 43
833 760
573 124
890 832
856 571
946 959
988 705
877 287
641 9
100 1020
229 301
917 296
654 673
406 561
752 968
402 777
863 710
548 899
58 579
105 830
902 603
98 495
519 777
572 142
735 345
54 174
606 896
962 705
24 223
804 112
341 191
540 796
936 580
298 543
317 729
104 306
762 927
635 438
922 28
769 534
68 242
623 163
687 95
747 702
548 32
86 87
289 192
855 487
117 977
101 942
739 892
966 602
172 213
424 82
330 271
284 102
410 231
853 330
803 524
5 585
438 776
908 14
593 438
74 467
363 764
448 137
445 392
279 193
235 439
585 296
949 180
379 295
389 171
55 991
792 393
665 908
607 380
69 420
239 166
422 807
646 484
466 505
435 636
303 325
204 162
275 601
26 741
869 337
178 987
954 199
571 60
998 627
982 103
389 445
331 285
268 656
314 37
416 279
122 596
490 311
834 868
753 384
957 571
736 98
838 385
63 88
632 854
961 660
332 713
432 851
100 1020
25 134
150 566
777 717
933 105
973 845
831 491
124 764
827 179
457 586
900 638
385 626
557 933
13 868
177 471
960 150
176 744
121 496
817 389
974 390
231 914
996 215
259 83
444 168
949 254
32 813
367 90
598 495
800 581
403 166
52 445
459 663
22 121
75 292
879 422
214 34
547 5
953 302
575 162
200 720
547 90
94 186
293 550
676 25
250 488
123 594
365 464
110 101
665 262
141 978
507 422
237 732
925 730
55 346
972 174
739 984
562 439
838 130
705 239
552 141
581 200
978 43
487 996
706 466
871 448
224 404
383 831
987 833
290 315
990 68
603 187
865 188
261 10
691 30
141 452
114 11
185 709
985 363
826 241
567 226
423 313
998 984
493 585
667 6
62 73
178 561
216 893
173 428
135 816
102 794
877 132
58 921
691 547
803 22
428 824
894 120
679 784
982 935
955 585
178 270
322 78
100 1020
963 110
616 21
540 478
602 79
813 163
332 959
250 930
838 236
748 440
45 603
551 60
464 846
555 102
814 434
100 71
777 384
945 86
325 607
311 702
355 629
837 25
764 661
580 864
515 841
320 680
409 615
518 724
910 542
325 547
487 522
735 896
790 528
287 141
691 734
264 379
841 85
51 640
272 226
342 81
396 856
343 224
570 957
871 554
324 641
735 678
491 344
106 458
695 276
115 526
462 74
760 855
610 617
387 363
562 705
87 550
162 174
972 48
4 806
760 377
612 698
192 796
916 989
395 957
840 50
14 433
333 104
981 959
714 76
810 511
692 476
586 149
136 570
974 977
74 800
443 628
21 583
688 696
399 577
727 209
444 140
999 193
825 214
527 66
247 848
715 107
92 75
807 385
615 48
465 869
295 75
446 375
974 4
540 619
481 693
670 586
816 563
738 905
376 893
786 882
335 646
100 1020
23 773
709 856
756 270
727 178
442 746
333 205
606 984
18 956
133 267
910 464
28 720
176 367
804 605
579 1
954 105
782 627
105 40
948 10
419 546
554 964
359 955
963 570
271 131
516 728
260 522
691 427
993 543
66 961
373 930
12 591
761 803
438 335
892 441
48 443
352 154
341 806
64 212
253 606
93 57
185 390
850 620
297 161
865 255
28 1000
60 701
233 651
731 884
139 487
675 408
825 239
651 519
565 263
785 583
429 705
483 514
519 176
164 624
54 886
682 894
609 345
353 738
960 755
980 909
320 402
926 438
799 285
163 19
856 745
782 410
647 575
292 576
679 676
315 861
12 236
215 256
170 369
419 607
360 57
85 514
935 733
80 836
648 225
474 624
764 452
172 254
289 722
772 321
222 775
459 375
659 729
648 837
673 398
51 815
15 983
944 452
49 693
348 403
295 765
226 417
463 808
100 1020
551 797
952 56
936 208
27 655
676 908
130 856
291 848
505 5
727 520
532 794
397 281
562 945
666 719
955 989
659 278
395 546
275 380
456 289
779 522
753 709
624 22
880 85
884 364
819 938
277 14
617 136
974 175
922 835
813 140
992 448
604 648
662 134
795 477
151 130
793 632
778 750
597 232
336 484
19 705
320 111
779 60
651 381
389 740
169 260
457 609
461 565
386 888
816 70
595 923
445 544
610 863
773 759
281 400
156 899
477 650
148 587
513 451
823 141
79 751
897 410
497 41
358 700
625 739
710 929
856 859
656 873
742 204
49 335
519 337
409 286
66 851
675 97
306 821
714 965
403 76
315 935
208 491
999 422
260 956
66 225
652 962
234 91
143 268
8 325
686 887
914 206
178 292
450 324
183 619
431 936
396 766
588 913
680 102
698 984
640 70
95 961
949 167
367 993
689 612
307 904
100 1020
157 196
481 453
553 48
444 503
442 855
70 784
493 530
953 7
132 113
932 568
335 286
742 464
940 460
135 755
609 566
457 430
228 428
112 713
342 237
30 632
392 490
830 286
119 168
70 798
676 641
326 364
943 501
788 796
733 929
261 396
589 597
622 545
70 268
887 451
406 58
140 142
607 214
390 419
635 818
723 252
695 749
216 326
9 372
382 1
406 50
845 985
881 378
932 649
312 993
954 677
294 328
418 839
998 566
689 747
55 181
626 645
895 837
566 331
533 380
248 8
53 581
482 354
59 499
219 750
425 433
34 926
153 870
196 846
40 858
751 503
640 776
498 90
394 557
258 318
105 485
112 863
710 553
825 165
682 652
126 901
979 81
290 298
226 513
275 290
203 931
540 520
567 912
693 999
635 481
995 589
649 236
401 914
594 861
298 712
496 587
988 132
355 350
182 148
53 124
158 997
100 1020
217 492
994 988
858 741
22 675
886 694
823 133
892 949
305 109
897 491
652 198
858 957
260 773
146 396
796 281
371 165
204 128
241 465
743 107
987 992
693 177
24 128
702 438
770 21
962 582
85 727
681 93
563 119
978 531
569 954
484 73
576 41
309 87
394 662
112 471
500 783
925 994
718 673
668 670
238 841
920 954
172 668
466 390
997 702
914 166
997 541
697 233
999 955
93 686
660 772
304 266
998 618
919 906
675 956
451 223
550 953
983 871
561 501
945 191
493 107
785 518
251 573
39 943
815 173
982 695
203 458
385 535
245 51
659 647
999 115
380 310
269 699
618 139
132 97
21 498
933 960
371 1000
208 108
960 165
530 831
233 838
557 895
356 528
446 510
215 560
474 115
350 759
903 630
486 626
323 961
622 634
520 784
940 725
891 796
386 750
940 877
409 582
233 735
49 516
737 715
801 759
100 1020
590 567
452 710
286 452
940 860
282 442
567 902
253 803
300 907
971 331
948 806
25 444
149 262
186 741
443 826
448 567
468 949
320 531
72 597
723 452
410 493
307 301
204 884
841 410
526 289
990 918
666 128
100 433
869 153
549 56
634 684
927 242
927 210
164 870
195 627
676 888
911 790
804 975
849 248
514 980
336 972
987 401
775 994
560 909
318 607
966 435
65 515
876 873
452 387
16 105
839 910
230 464
291 639
466 511
404 655
354 820
651 927
230 395
421 909
623 13
819 737
823 584
356 590
310 556
754 105
259 370
799 140
941 155
395 494
873 166
400 248
107 234
971 921
861 752
66 128
23 808
404 607
779 17
168 328
606 913
27 212
483 324
932 880
491 496
658 416
227 449
737 835
260 880
820 73
233 956
104 678
55 309
451 652
825 929
877 822
398 635
365 637
763 399
39 866
694 645
847 430
100 1020
791 192
369 805
233 368
508 124
622 202
416 518
890 769
829 718
323 377
527 537
214 984
854 680
364 110
693 169
206 214
842 50
164 995
198 45
495 598
237 452
421 238
309 227
520 311
983 124
960 194
1 427
75 440
223 781
11 385
632 364
284 178
425 94
742 77
603 499
638 266
781 889
827 479
597 368
70 105
647 355
918 11
512 925
112 759
891 890
745 632
758 781
253 657
607 865
128 172
727 353
355 864
984 484
637 166
99 525
649 629
560 113
455 346
296 446
880 237
45 826
541 752
924 864
472 415
509 349
997 409
594 372
676 317
747 182
389 300
770 872
37 832
874 974
787 438
509 493
779 789
635 826
659 298
26 890
693 56
28 424
917 382
102 431
963 395
124 96
939 21
925 343
262 685
16 469
257 597
975 450
304 720
822 695
422 368
395 877
974 283
954 903
873 531
117 598
513 842
454 639
100 1020
653 734
71 988
62 66
261 552
850 35
517 51
451 761
117 828
692 850
237 740
953 372
375 794
229 347
203 773
474 897
996 41
405 874
207 341
813 869
906 373
213 901
957 919
598 319
866 472
339 290
554 574
754 392
967 509
623 21
425 392
257 438
346 231
258 71
223 790
145 281
619 855
449 54
42 319
623 473
616 448
40 306
833 650
38 380
131 566
498 145
601 53
454 695
780 276
834 801
392 62
500 531
941 961
914 742
2 931
458 449
493 448
481 388
720 846
302 574
871 940
53 492
862 601
436 573
192 354
779 700
947 883
139 504
306 322
279 917
402 805
830 140
139 181
459 60
8 296
977 225
536 858
920 659
731 753
178 322
141 370
85 812
165 104
448 484
936 708
62 609
368 547
807 271
619 428
509 319
663 552
81 473
722 789
227 514
673 632
368 200
695 217
608 769
43 371
579 217
868 306
100 1020
825 376
990 535
11 393
189 347
45 8
907 448
490 90
410 811
422 791
638 13
470 354
788 78
391 763
615 478
925 116
544 470
906 213
495 205
285 562
762 398
575 333
170 99
989 595
644 291
135 684
66 673
328 424
455 364
583 39
630 822
245 686
19 177
256 621
268 889
35 427
441 437
381 516
72 639
85 89
992 116
702 862
40 810
457 907
728 406
482 45
935 687
738 770
168 714
606 438
353 479
236 362
694 270
761 625
919 565
20 968
697 469
238 255
48 42
598 36
249 168
985 751
628 5
907 436
819 286
612 988
421 539
189 203
312 361
599 159
597 428
224 776
433 441
30 368
539 889
942 980
156 292
975 656
531 764
699 819
374 828
873 623
935 281
795 382
564 111
743 798
280 496
828 901
571 471
120 399
59 804
894 448
864 126
802 133
545 901
594 177
403 538
195 786
181 500
290 166
232 236
100 1020
790 399
655 270
998 885
652 498
182 698
383 308
435 267
809 464
2 21
32 855
874 632
373 172
584 34
574 367
384 483
869 430
127 709
900 768
71 450
898 827
81 190
189 505
708 25
261 955
396 482
5 46
780 527
596 194
689 299
801 204
897 265
857 379
471 165
307 925
940 130
152 662
887 202
597 936
681 287
677 444
143 135
91 966
992 496
340 857
609 626
337 538
436 464
72 968
58 125
573 74
949 479
218 881
145 257
817 493
625 694
743 904
572 518
790 813
907 283
409 372
579 681
149 698
307 242
234 571
140 157
593 26
484 839
530 513
209 392
61 572
957 720
948 986
561 973
868 645
274 991
803 597
298 156
740 285
527 38
445 566
979 711
141 671
505 889
770 256
708 266
406 165
910 895
244 435
40 757
579 194
655 408
577 90
818 396
183 338
128 600
639 834
889 284
192 937
328 572
554 364
100 1020
199 465
542 403
305 175
47 740
813 97
43 544
584 321
706 10
336 410
638 897
631 53
470 56
455 378
529 410
502 409
959 688
69 56
97 146
650 3
604 828
322 782
685 808
915 342
63 688
341 842
564 299
90 175
71 532
61 132
81 463
272 894
303 634
549 590
967 84
18 129
54 137
320 189
703 12
860 227
256 785
3 202
327 85
27 307
605 148
490 501
59 445
253 901
505 986
741 710
798 945
242 732
999 351
912 718
313 648
844 639
967 369
40 25
979 195
240 248
456 230
298 1000
990 506
824 820
910 122
308 207
24 268
623 659
920 362
720 866
440 343
767 842
365 520
151 628
977 530
777 523
679 38
253 165
890 440
337 959
912 679
856 829
875 353
861 810
947 748
513 77
926 294
631 193
784 413
950 526
118 888
952 954
335 721
380 8
735 340
839 394
408 489
204 350
891 651
608 233
856 343
100 1020
933 891
77 19
952 867
139 867
326 382
464 651
419 87
208 590
845 353
994 337
897 712
393 829
572 768
194 926
124 710
959 508
386 261
775 258
668 510
841 371
64 530
245 692
865 96
68 27
910 880
824 830
561 19
826 858
831 149
105 787
609 796
104 873
531 329
319 420
529 758
323 769
548 443
775 176
491 747
350 907
402 725
80 238
51 251
331 538
722 122
190 784
721 30
543 893
803 387
630 857
100 463
832 468
459 876
143 403
259 98
410 774
722 515
380 525
726 917
917 813
101 712
457 273
339 121
143 781
581 791
830 323
912 455
637 511
631 270
896 335
349 764
618 852
781 271
804 821
105 358
215 810
264 96
355 898
780 736
888 585
936 989
361 45
442 761
405 656
761 705
543 71
228 380
934 761
251 99
938 676
450 520
837 48
187 824
2 468
309 732
994 713
207 141
239 151
83 255
500 330
100 1020
14 563
3 113
393 464
322 102
361 438
981 876
90 757
471 160
879 187
668 664
278 873
991 285
866 955
560 24
220 976
220 982
464 943
852 741
984 783
182 327
684 782
609 989
750 350
87 93
542 842
618 928
442 976
931 557
236 75
727 460
95 264
32 146
227 17
499 703
200 750
914 712
835 835
425 404
15 399
40 413
788 637
530 264
69 46
557 46
328 314
64 827
851 566
786 92
487 8
232 838
297 692
40 808
57 463
506 774
720 835
949 864
572 54
631 941
739 730
963 28
111 779
568 927
864 694
100 998
302 304
282 685
822 156
376 820
748 695
791 311
697 17
483 285
650 940
102 953
594 170
199 436
228 825
983 164
694 388
357 184
782 228
316 691
367 622
658 79
749 139
597 915
654 100
659 428
254 286
713 66
314 645
341 492
565 153
685 41
73 747
652 449
850 873
754 945
19 166
509 592
100 1020
171 257
550 460
106 106
599 576
629 969
254 709
22 85
130 615
996 885
962 201
782 226
826 500
79 90
978 432
61 76
221 463
147 532
35 848
377 886
181 305
763 152
973 106
475 927
677 908
537 721
131 725
317 846
343 937
571 554
665 340
897 37
425 226
93 234
253 951
333 594
910 967
822 567
402 588
846 998
856 708
158 396
379 535
657 105
948 250
381 895
92 825
57 209
776 1000
627 114
400 326
153 36
569 123
749 887
221 339
872 830
969 110
63 801
904 150
576 543
737 509
439 256
896 686
71 491
874 337
756 18
964 338
538 760
706 869
202 177
209 579
753 640
755 439
599 345
819 205
396 683
383 556
950 499
476 136
665 480
838 598
688 751
779 336
352 177
572 186
409 942
597 864
762 43
876 105
533 782
22 490
852 433
375 202
996 189
495 230
158 654
963 129
589 451
821 50
377 139
410 419
100 1020
166 423
540 609
387 469
382 116
837 837
979 260
572 111
933 500
875 158
977 874
972 596
404 737
968 183
240 192
821 919
476 463
948 737
464 679
216 321
359 168
468 834
827 302
763 142
451 118
207 632
988 813
608 583
225 2
715 763
987 733
170 124
449 143
553 129
177 107
640 286
890 961
566 35
606 663
642 266
617 224
226 883
167 806
927 799
607 216
451 977
622 991
790 73
184 211
670 378
755 364
863 705
83 773
694 824
211 316
464 402
656 158
298 886
2 231
648 958
404 811
42 674
457 364
355 466
78 874
924 863
88 845
634 957
350 351
659 948
70 560
436 559
337 297
357 623
59 141
268 544
782 576
887 870
509 825
154 253
173 877
831 192
877 123
920 588
885 628
352 720
259 683
946 429
532 5
39 6
775 717
725 995
804 268
94 439
161 457
875 244
364 10
673 512
53 946
758 968
898 666
100 1020
544 729
368 407
352 948
721 274
374 719
857 146
464 453
492 269
563 619
648 658
76 67
763 992
775 32
170 802
506 890
314 693
509 274
167 223
3 439
222 823
238 379
822 474
137 812
226 994
834 66
538 600
928 891
836 296
177 531
58 238
771 934
850 833
278 756
278 425
356 547
416 304
17 929
428 325
74 562
452 66
302 563
991 316
814 297
241 721
887 108
768 838
256 785
327 98
125 271
133 638
655 176
334 342
531 990
655 371
201 909
232 952
701 932
843 189
591 180
984 207
804 713
562 860
642 848
13 582
228 97
810 843
277 287
746 335
47 691
753 781
702 684
520 406
621 830
652 833
280 752
696 532
413 932
36 565
788 352
44 785
218 611
48 911
546 137
798 872
385 657
706 272
894 460
608 468
471 143
272 366
112 861
960 522
884 181
270 703
552 585
100 479
486 670
343 138
9 289
698 113
100 1020
723 216
855 61
676 459
976 287
272 207
121 369
196 457
335 617
938 525
724 85
997 236
670 807
347 668
912 104
942 138
929 23
555 736
359 407
644 664
797 950
215 78
75 871
912 82
355 494
32 52
909 449
1000 425
380 212
72 19
546 797
342 395
326 914
304 94
168 996
335 435
233 679
496 941
231 408
120 615
622 689
179 772
668 687
305 750
801 364
464 84
747 393
896 144
465 697
615 199
66 374
693 156
348 479
655 766
47 627
449 668
625 937
9 290
67 824
7 660
863 244
726 955
59 571
763 343
264 447
607 41
757 89
533 369
528 554
37 110
673 707
432 537
987 782
489 165
159 940
763 515
686 790
298 686
163 405
250 447
939 384
754 962
210 236
924 869
329 980
834 8
180 327
722 524
379 149
660 235
361 97
175 495
155 704
11 423
157 542
618 76
843 292
535 296
57 46
204 241
671 232
100 1020
962 450
754 700
722 522
711 859
845 82
656 311
609 60
87 466
237 737
300 756
584 837
919 378
170 222
3 820
786 948
831 941
908 458
567 963
973 185
504 291
799 924
422 925
994 743
705 835
528 541
783 517
397 876
594 685
779 281
60 563
38 758
929 741
536 227
960 673
485 32
998 667
908 34
484 548
641 823
210 17
258 267
443 327
157 38
748 248
580 169
831 6
961 784
935 984
867 79
184 648
855 706
98 466
864 910
992 482
526 351
162 668
201 401
619 334
366 945
765 38
516 214
836 69
784 302
444 561
134 689
396 222
958 152
398 459
546 837
187 157
55 886
443 864
431 467
491 339
493 988
104 218
403 722
664 979
200 608
138 507
97 83
102 386
450 313
264 773
81 572
632 362
808 256
866 467
321 796
477 872
333 690
560 989
282 663
369 659
10 111
900 947
893 398
610 334
809 113
554 656
100 1020
861 479
374 549
359 154
414 363
351 765
821 913
650 659
707 794
416 877
554 525
583 266
421 590
360 27
673 819
203 272
613 422
434 112
101 711
585 71
76 889
14 805
389 620
338 672
875 920
788 522
38 453
973 744
487 186
66 381
316 623
451 911
113 851
775 853
863 162
140 148
472 480
522 40
412 817
715 87
184 917
108 422
74 846
616 118
914 821
107 570
992 982
252 869
78 625
712 551
883 788
583 469
806 421
468 897
225 467
689 140
300 576
788 401
952 648
69 822
867 728
634 247
577 340
918 861
816 767
138 199
911 589
42 856
892 591
529 920
489 234
749 186
298 95
44 824
157 775
596 671
666 400
503 908
388 441
262 859
717 176
881 233
287 86
458 694
385 293
29 724
680 321
790 204
240 754
616 679
562 85
314 954
764 360
342 417
510 307
718 691
485 394
624 497
503 128
898 736
916 991
100 1020
262 414
888 262
336 39
322 470
476 40
109 851
252 661
410 633
754 968
650 534
814 915
651 939
706 55
792 924
200 508
260 732
59 537
664 704
827 214
116 129
47 123
301 803
755 744
25 899
708 271
855 626
60 394
709 867
600 416
767 590
867 272
96 424
84 575
888 473
432 883
773 161
359 843
901 348
494 971
382 228
979 346
900 885
780 888
162 90
934 916
246 404
467 983
969 291
569 322
529 816
655 732
198 51
908 962
852 410
712 86
696 267
186 403
480 653
20 136
88 688
639 417
604 359
831 304
893 614
101 776
427 644
33 575
525 480
349 143
85 804
412 494
225 611
210 47
839 526
805 51
434 695
458 485
804 517
653 498
739 773
529 976
108 746
775 908
779 394
614 467
659 598
690 555
256 415
887 5
198 100
290 739
332 918
789 196
400 709
160 72
885 127
180 802
813 49
211 251
807 483
100 1020
360 310
740 398
815 228
636 683
58 575
506 857
917 938
424 71
681 339
590 396
767 442
396 866
894 823
551 913
385 107
172 672
307 264
125 681
890 202
798 354
308 213
179 936
947 690
752 922
535 311
122 103
984 940
232 780
844 680
214 174
28 973
70 505
831 136
80 398
201 853
744 855
579 638
673 731
632 864
316 833
971 573
725 125
184 967
214 275
648 75
451 960
811 65
753 562
656 29
384 16
856 721
222 670
823 384
510 784
76 354
391 990
338 911
142 556
495 677
332 338
153 352
429 247
393 20
463 506
673 871
318 875
928 357
692 268
945 107
563 743
386 31
857 336
218 416
665 294
466 845
76 163
863 63
456 928
556 910
525 603
537 615
386 831
32 113
14 121
43 120
540 555
184 689
775 446
98 715
934 310
584 530
662 964
292 794
986 517
631 906
339 23
294 881
847 993
350 615
311 573
100 1020
224 611
722 244
785 741
102 714
748 799
270 268
930 497
927 321
871 143
545 28
557 709
831 343
298 315
340 929
191 384
701 274
512 525
957 783
321 210
744 898
549 711
822 704
138 195
1 174
36 429
535 388
632 332
699 372
832 121
565 462
423 535
703 810
814 131
811 87
692 67
192 690
994 995
334 878
873 715
819 222
811 174
305 441
353 581
95 273
422 24
90 419
744 352
66 767
105 103
779 845
497 547
74 592
394 592
317 174
259 99
593 83
211 254
984 943
67 281
374 544
281 551
143 891
518 647
965 526
723 386
593 220
961 362
827 946
890 259
52 292
923 550
423 936
522 330
165 932
512 707
439 479
442 578
62 55
574 842
349 413
811 2
506 189
805 741
862 857
193 886
7 449
36 593
219 341
238 208
769 614
763 308
85 230
484 174
124 165
135 247
549 918
57 534
803 84
614 659
427 919
100 1020
114 7
868 211
575 529
907 745
222 882
363 248
217 60
282 230
340 554
689 862
842 347
315 911
185 650
233 593
482 649
671 471
357 17
180 830
791 838
473 371
544 289
687 547
702 780
499 508
637 412
541 589
525 396
608 926
945 410
186 456
39 930
643 850
523 755
987 499
742 752
436 252
929 715
610 102
400 4
699 785
887 14
505 262
299 313
982 223
160 103
545 320
305 721
205 172
157 919
755 998
775 434
930 293
769 741
559 26
20 783
288 915
995 265
655 524
435 580
909 106
607 678
163 454
918 922
788 349
420 657
216 473
311 41
952 808
159 604
762 67
370 660
161 456
212 2
117 236
86 590
274 490
926 1
235 670
691 68
693 801
671 832
106 364
837 914
775 408
864 205
837 66
381 223
6 372
979 199
302 478
769 983
874 589
282 25
903 679
406 11
202 882
302 997
312 79
766 898
640 358
100 1020
680 663
869 91
930 259
392 9
939 133
810 88
184 937
878 971
318 440
14 795
862 456
854 408
210 627
631 358
790 286
591 338
175 712
870 571
217 889
287 633
349 547
338 425
643 426
754 394
803 994
314 135
26 352
130 621
759 201
494 363
151 225
810 397
323 401
620 861
344 955
854 20
815 964
806 291
373 594
181 45
346 225
824 401
957 853
68 564
453 994
22 93
689 165
93 651
576 615
390 484
747 305
520 518
404 623
644 288
700 984
542 847
243 32
405 253
434 42
701 543
225 136
32 672
899 927
32 995
140 928
214 804
356 654
553 647
930 511
347 766
331 370
728 669
809 224
978 885
804 131
490 743
656 548
480 556
657 340
346 281
217 216
364 177
424 588
998 245
459 926
259 883
661 425
977 505
767 569
758 325
758 928
822 901
504 748
775 383
651 561
522 125
742 746
873 92
397 816
699 868
100 1020
137 130
87 226
973 157
275 738
216 867
922 579
626 177
169 168
415 47
867 158
698 866
330 967
386 444
748 141
552 81
984 771
960 587
276 346
568 754
637 811
784 907
873 226
71 217
3 745
453 993
640 210
315 296
846 578
137 337
225 170
511 401
181 152
498 887
308 774
252 232
115 383
435 845
285 608
929 444
718 716
200 920
71 199
866 949
980 914
43 273
61 790
182 396
491 934
125 910
91 919
184 910
63 275
611 321
911 304
364 288
116 915
850 237
80 95
705 825
48 25
955 963
616 578
324 606
198 494
783 862
915 332
682 710
430 789
378 528
325 94
923 48
891 31
763 999
281 212
191 953
399 186
513 571
571 909
670 428
753 926
812 179
277 368
487 603
504 256
882 280
269 125
133 406
631 586
745 822
610 139
216 380
816 588
791 914
393 867
814 990
936 838
934 334
818 597
20 813
664 303
100 1020
972 199
503 377
218 591
275 545
415 192
170 364
84 735
388 718
907 69
427 600
952 686
622 636
295 146
973 470
737 652
951 470
630 446
301 305
752 826
981 797
107 290
741 594
386 933
143 165
670 585
730 739
919 527
271 49
830 955
575 303
316 398
494 917
377 486
410 329
191 868
732 502
325 787
279 65
292 63
227 804
527 666
63 899
739 313
402 551
860 141
199 681
397 340
450 201
753 320
942 329
751 625
441 567
734 217
278 418
391 390
959 833
59 65
607 345
125 774
584 464
25 124
192 83
885 535
339 455
224 515
400 365
608 85
500 40
171 458
728 264
520 763
668 137
239 368
728 343
654 825
852 265
96 732
623 725
478 380
666 199
351 963
673 219
706 355
888 174
730 807
312 759
321 14
645 766
322 24
443 287
261 44
877 207
924 852
822 856
677 630
728 771
319 961
984 753
490 272
635 376
100 1020
384 572
892 558
623 295
82 275
292 237
564 575
310 432
934 51
250 844
210 182
397 198
931 197
307 249
427 221
254 804
150 700
981 860
989 155
736 385
576 664
830 539
725 53
947 431
413 527
840 74
118 467
785 474
997 767
795 15
808 648
916 43
443 607
548 834
159 589
592 732
448 668
893 857
271 728
49 36
700 8
433 136
485 375
821 251
392 478
279 507
110 600
261 358
238 92
210 228
205 904
703 483
561 516
447 227
695 584
546 858
602 54
389 54
129 875
659 30
820 871
111 982
765 896
151 434
969 56
692 291
25 902
115 183
451 770
502 600
497 636
905 172
895 24
462 465
211 565
773 585
605 19
835 162
896 255
327 768
900 351
34 51
436 82
287 490
277 279
820 568
412 880
218 898
812 995
454 605
419 632
370 981
849 287
603 120
688 789
730 918
101 582
300 634
818 435
67 748
63 31
100 1020
767 728
672 672
206 571
611 930
904 877
716 373
553 133
315 670
977 658
733 425
854 298
378 519
853 456
272 499
485 492
491 790
624 871
21 300
853 699
638 504
149 202
549 487
456 23
938 917
825 935
542 521
306 198
670 635
839 437
32 621
32 239
233 329
112 220
598 191
995 498
956 378
356 396
258 132
201 175
458 258
886 679
233 820
380 601
51 224
843 214
949 759
87 679
720 348
166 970
290 943
687 412
581 447
693 3
25 744
195 541
823 581
957 600
629 912
407 306
987 853
286 569
329 472
484 942
220 531
38 310
626 659
976 33
919 235
363 145
905 493
327 209
248 526
584 678
252 76
487 314
529 343
225 961
683 868
122 616
686 316
2 158
997 71
216 184
100 382
312 256
943 720
64 959
275 639
682 176
698 562
190 581
106 329
702 393
543 236
186 748
352 876
316 62
740 958
689 918
790 693
100 1020
548 46
529 653
559 536
337 539
520 726
753 610
747 244
691 881
518 553
787 683
154 794
325 156
348 591
537 885
134 705
691 973
154 361
125 747
568 936
591 806
709 5
23 761
705 756
565 670
829 825
317 932
668 860
110 874
716 251
642 848
441 298
459 513
830 345
204 450
491 267
870 710
806 536
541 164
361 192
873 716
440 8
809 876
128 927
268 473
993 51
99 461
368 141
154 439
964 655
111 232
909 731
518 422
340 499
201 604
286 416
916 288
854 409
132 464
755 757
707 617
629 851
383 798
960 734
629 274
81 641
817 481
940 329
134 518
108 909
678 949
365 792
961 594
426 122
687 306
386 150
724 535
275 333
329 490
179 302
446 95
416 437
453 76
799 906
835 616
300 831
633 796
373 276
651 914
896 342
100 932
961 306
322 555
719 154
951 359
368 162
340 448
632 876
594 899
421 575
891 124
100 1020
827 789
36 838
500 981
627 51
97 469
44 101
855 884
586 262
6 585
277 270
335 997
1000 492
811 669
678 934
623 226
941 88
698 634
908 482
553 9
703 228
645 208
107 350
878 958
537 319
667 327
436 28
910 132
134 439
665 417
883 942
243 199
842 943
474 152
86 631
992 838
366 321
810 102
337 811
77 596
908 280
919 668
484 748
772 804
303 416
473 806
549 952
302 317
207 120
719 508
221 91
902 459
946 769
876 703
557 334
662 705
132 345
507 796
35 38
942 482
444 112
880 258
226 982
883 856
657 968
56 724
956 3
418 298
416 397
309 33
842 12
158 593
616 941
409 690
87 36
950 388
608 623
908 333
189 307
174 679
757 696
703 564
445 6
187 691
122 613
65 928
479 8
172 649
560 537
260 761
524 218
732 103
842 276
82 687
127 241
628 967
301 993
681 360
517 588
125 345
133 776
