2
4374 158207373
755130914 485544494
774004926 594787479
129323286 536995044
198674404 425979393
661830114 26039929
766389760 207786048
13381537 665873487
661814844 402828550
743669317 497107149
709573670 937644417
991028046 224059411
61361947 141067370
98292864 883668599
676417237 820163533
611933610 876972154
734728359 375050978
1665828 413996269
212752724 555270572
172351221 620465924
768326725 4656588
315750850 976412782
725783843 771793339
577957880 207319530
802605129 845114654
389509483 871024369
948128231 866755686
664018334 940639827
556511399 551876560
316652805 350592332
103196325 690697961
361098365 317917946
73551036 915228470
177268926 452053296
100388333 548029882
314748505 252533569
714303637 158758959
251995155 88078474
524776491 991719046
683976564 729947846
731366672 775416917
611284195 418131900
275231642 594277119
791358238 619540859
866452688 305646974
981160548 902982624
106892520 885678941
269583460 330115740
36376096 312511834
5867857 890676929
991586489 547558354
646332607 119438085
947173173 134776099
767603058 909507896
321009601 171025224
644987688 540040225
721302550 274478789
595766012 583328326
21554249 547764036
987775326 654264626
924045222 343373934
768402702 686542679
898391737 76557183
64126247 356473196
277290057 705826086
959449615 439019308
515907216 102867316
365096058 240140609
303343779 759986244
978970557 80685248
551531108 251492407
581718142 305282281
355553909 240749140
876454986 111731773
190023878 753979880
368996744 461233302
525736467 14731973
820916614 908044660
580514907 516498845
11066455 986458373
257286012 634285727
777095274 2770243
456675955 138162526
758879106 423132519
709702579 372264237
866597604 123099068
173969301 549521810
79374308 944323261
280110734 198227385
441365841 304759498
504251254 273427022
504900530 41409250
59358348 22838917
71723082 331817514
221739140 929742175
345329110 203927460
1861700 320555861
671730663 449367827
722798313 587987423
306956669 916807842
174743824 16233599
778607052 503799836
425003007 427698310
581092318 168497420
794872586 805965665
319459716 666789009
83937797 686708448
39595863 665635151
746666973 678683841
953027686 479671065
835233624 568848177
904664753 221296248
803944578 155677778
203102017 655814015
363242861 953092261
190749358 359911879
736607556 67320204
320858214 272611674
509585181 655341719
651000423 112837301
384878333 156987063
247628262 549428760
369228962 90435419
500976629 443610882
154084224 244604587
788545115 998712694
967459575 672535806
716663162 538914830
827664049 95894695
870845152 398834026
141154186 563916785
830829141 187995840
572519965 921639153
184813882 246927232
657401638 448883741
720971186 219888447
662558920 125038768
115442490 490123194
208739665 120666549
394573486 198030132
247683498 488259430
652592789 145847146
502075988 762617496
350372523 958736950
848382623 266255015
59941829 164796091
726740060 291891626
442720958 679166625
770156038 569686270
760072473 648782537
574455911 657960827
615772459 592857340
329890359 970957702
681192278 373483757
180514796 869869193
806039302 231168610
488672297 193377468
14901205 768159629
18014004 819107637
180705159 140410143
402428104 292383010
24283060 809278789
159055053 473809268
479470994 246633504
184048272 72264058
639125704 702584202
906805468 807221985
847102465 830315682
956089912 38553695
97894499 330894619
330657505 42061415
176454971 92587802
517392265 328380319
876554206 879750933
925200222 529789073
673556958 223342086
154233512 350628590
571980537 730463982
234663578 423205401
974717163 112236065
765965743 557325214
741912856 609454093
337796112 926137425
554173613 481135907
426492192 701593426
426885297 170446176
181694158 202732762
63945863 116467878
636876943 866679738
210260557 800117466
615996301 17900493
453997065 13066002
389731815 704357124
84047393 834000440
219849425 225844210
142256105 415178040
145081279 573537885
408350059 923688937
217435761 121058296
367126139 448511481
599815321 159091852
415671666 998122378
998446023 924979581
953934383 880754047
405258573 416652364
6879077 603915144
692956286 222225758
260231036 496150254
939231152 526581165
279166950 166644139
508681760 363090180
307522862 268573286
33199112 171710756
477572470 524241280
746004588 626330080
783434322 311335761
68234289 356738482
478371735 672663202
181359822 181181870
498541880 974060635
893781314 985368367
563483082 712209619
788697491 857481932
65404883 464292820
73607680 388362029
624086267 842425116
311283511 125595188
929172768 468333744
112898144 206565921
33889271 255102817
111477273 586313910
806402748 569132426
421642363 513158608
706208289 70268861
941864870 536101736
549343693 992763060
621257849 956027217
950257353 621711146
116074910 77834900
969017598 929999002
954858395 194890996
622509209 946163809
529505683 152503361
328810468 549540254
540171246 459884044
41817755 107356185
771694572 904705043
796374166 181949486
369087817 935005008
123716950 606523064
985046447 419928108
748968469 354709920
400144911 345990526
166530781 903661831
836739511 402651679
296423962 97396711
956407815 364369362
194298936 872547887
508548116 903940896
678462638 519094201
748687760 437172066
193191157 947620550
792897500 331529707
545078191 706929707
835989833 541787945
449861897 112987752
984089624 513347252
541988433 809885346
654128955 443036458
818897793 271217509
869778605 509337594
86114877 250396545
121919444 95387213
107312180 365913144
79630543 470768618
103865032 915037229
996216916 657721721
595518546 26588079
495633033 964821710
269773087 282453243
701200132 332561876
595592627 885888109
906162483 643395367
505940431 939128227
743041856 738606685
491280396 789466182
893618458 150515054
256243601 800891531
540627621 201362410
294509460 368335582
702630709 797140057
589059451 901148372
257924442 452927020
574394045 577962949
8046479 113037012
574920104 418254478
237302354 501627381
265988442 313648749
829773714 711216954
155258867 279846119
96119047 896571935
272196460 254284834
327355823 329923156
304142689 25259287
26287853 621476936
13085527 404473191
21346242 44834147
928067380 766853888
120332775 775241450
165506590 76603077
133980358 149285013
270283713 890091058
258938886 34385097
658102795 189296459
95343445 118842866
788449507 854932572
99265490 908790671
52035673 131620147
999859251 10562549
441320535 294663596
988327914 82253832
469390979 426727851
456990156 184916986
723025261 610507541
347501929 829204206
239976269 882137001
565546188 289822960
9909718 860695772
215444055 75000735
485724863 519379475
473983675 729823051
797077077 381041814
487320772 224884657
578786599 974399820
611600119 388624015
481325363 46500147
266082363 221874435
85012120 897373507
85192166 244815798
853718599 663177753
889404033 249249001
268362004 27704199
283213142 650083778
178596740 118090628
22634393 15373359
735174666 11397829
681707758 910983955
473630895 157381390
570719400 509863521
953039791 925836967
841321604 628512236
271258576 433265984
628959316 792889935
609866130 462728369
542561252 326649915
764557215 469439195
937472209 348066059
752708259 867348600
487913506 355909148
752336390 816323836
89023961 533543934
598693060 888849161
742412707 372250140
796602664 712242901
569745432 338482696
881318663 228960394
745787411 752951829
654946771 298170157
440443744 749171894
23736182 147019240
526658632 207280859
803649400 19265231
80708107 707597716
503903892 364156025
802533410 865987082
842937328 409779793
693187217 435672380
229166429 939397303
72331684 6954091
740706082 705244185
852355558 552699256
688291208 453932436
964546623 934832550
451533493 690078880
302706731 280915562
475235403 430835932
908693854 815686874
220711375 530190782
450386771 54935317
426814000 173581503
171617936 875888976
170470106 300970889
308329436 329914560
241805101 394434705
5521268 853140077
753924741 879710194
472263253 264877599
682971178 239538640
76476413 144491093
270321572 720497336
965325855 275692903
123975027 714525045
256214445 74078559
813083140 813763590
361797916 399149784
628493891 201961447
248390622 895878624
364001890 419738056
182502931 476824248
518135466 900803015
512968892 672568799
773199420 326119611
160560613 124703961
417917407 5473716
259042384 705559667
975180687 83420676
261083558 210993692
480727918 871465906
12327056 553234786
490077681 694789672
446486530 379613983
85024958 845572612
584308508 766935535
411580050 976865914
609924591 126558520
523830051 82697271
494563691 233267212
198815502 252351744
22769083 708340692
652859823 963615449
792509187 152607768
216357046 328966328
158825238 209926237
90961802 67813490
419529257 796280701
71018975 163679555
462298702 31601
100983640 469988155
582111357 103591160
331749297 306104317
196877063 820171330
29810387 15047980
766308735 36669770
76964487 6258286
614762852 544066184
63130881 941815431
850852873 405523580
717360883 574874395
285755862 564408577
698417059 39620891
7720881 888382970
816152927 650881647
77217586 726383532
408862085 224330617
800618356 844892849
302768016 458249231
897006275 118729665
352591529 308626882
302359419 696933302
221608258 628387770
290023009 418250105
786804125 953827850
364655654 575702845
757214769 275037019
470136561 338725375
262013134 630429603
356948671 27868431
237153863 285738196
831536013 801978545
315612738 777826113
816414329 199358294
903155091 31338574
272947124 208082902
747135159 500385877
874766828 514581104
502972281 332734910
226122201 15966569
983863556 25490906
375197808 601141140
761280077 617660906
213969867 36458003
926010281 545307501
736751204 261130859
627436391 229126930
352410472 788381614
368255805 864031453
324648309 224679410
291826668 46017774
664210556 284305299
213554033 953832815
319322232 647353286
541038112 157779945
149909248 146135656
367768913 695969491
26595372 450310196
743481743 240288860
22455012 917903316
720040975 978024341
331743745 181001436
479530016 260858109
911700442 189963965
798633879 906740283
444264111 822046735
106056979 912594922
436560443 714306458
611055154 582632151
792250457 762289642
64544291 734005717
23098240 601645604
769706134 181464971
151968146 496987417
969343653 925426107
668803404 929246617
471719433 784806116
74223440 268691035
20113776 632674234
396357545 272900821
94778190 197986780
61417930 574187892
155057073 987741388
178480615 288691870
874752279 349063574
431892387 276402331
763145171 238582606
481733757 88376418
604996045 674608225
600060089 580346488
5498676 290106983
524293881 493552193
279513638 712693659
467187184 495149256
880565628 728209551
171266579 11191931
759517550 762020008
340168840 49255687
194937294 879132678
414953234 175773394
238205648 3151091
137845564 206465617
756043655 782465317
564535836 241997182
554533297 99150875
498284915 835015724
678618231 815320878
944808874 582650192
381499226 131100679
59757371 96370174
939519024 610223307
645739800 970614361
330223725 76520154
708892665 656334542
163849443 778139465
481538431 399414228
73402276 364212265
484508804 685361696
157907174 447832295
682817774 947755974
818500776 761380288
753202442 610453854
200064698 754567661
68471223 150509184
176892210 47680204
512420133 375475104
7080417 911693001
772755699 800329155
898157930 783722499
593347907 316762695
701988692 109177060
819522427 544831988
24703860 794922572
213923825 536219057
720974808 630338149
141091587 41292137
520551329 925687163
373347813 979059820
465640118 8664633
52883652 754104788
283523496 89372758
70099295 89550211
872075281 394706284
796795025 237911036
22480019 1564830
620422210 30540574
246445047 746660583
79169497 574400057
196244156 868090231
140991322 717696656
149454011 23352160
456943647 464693146
121333461 165447089
564267891 333698669
168628637 205183191
104047655 369505289
206219823 674944906
991770069 125962821
973060302 982351998
465144037 331370519
684595863 583739166
815356118 984413372
445099222 160195391
281198295 539231331
391676076 411155354
574773233 110618159
34653777 64302786
89217257 79483057
278644772 159833543
24823600 565538629
722372687 748654999
886307881 318132956
966106500 838040080
346314120 485320433
267354064 524132031
816340515 389031955
794849664 10355115
688502033 972330924
763766661 60103762
173980803 326650144
413237744 663078591
219082604 947248867
986307728 92553523
742468574 807599220
219272732 946865620
148206574 59575868
697113411 505882696
866045084 771899982
787253755 98525884
825027110 169741664
568123514 950458269
520331787 777803932
46076172 828223527
633769729 957791467
93406999 454453475
52431566 935466105
890426407 213229354
638386263 578088009
965323075 96150990
156322311 904375398
800105978 711797156
531371140 570898069
854845063 343509642
879427628 464270937
363604984 968035244
819560314 35993033
913396233 540102231
15672478 448278913
294504170 822487286
919551055 954370709
571802161 853607827
138016279 848887182
393024708 822747564
410495740 940319281
856551366 895514054
129368344 284948270
263554291 706321689
167504176 294552782
504396114 247404639
564016815 65545371
936990965 558078013
230942775 429056856
266735512 48564208
264419172 271936359
801572565 211593933
334682600 188088023
789747045 586110584
15155048 679679328
123935632 469237585
24899550 270061642
958954250 83110116
50735323 314581974
747692182 427216429
837969240 175778953
170988171 36926847
228797556 205934088
260935113 367234217
383961067 919444511
924922128 803740263
395373074 470426670
101232935 22811810
313639652 412353806
884287730 56983189
175670043 262886459
156681517 454593040
709895742 272335288
982281275 861133888
547930711 201072812
633547051 305418236
555798547 105945906
973569344 994879117
556403571 168052907
584299588 291478251
934928252 127389631
181098603 367884823
847158284 803092077
575262001 880354668
318483681 583397461
40280357 647643273
394328721 252879685
185547813 18975626
687815147 168963230
523847285 476340621
552514853 455984740
609056919 6365172
23014944 205073908
128314678 325861780
433883610 823260190
475081570 614339687
578779732 472031608
574735306 820209279
706508895 222619058
378620387 85669442
994074060 69287916
497764210 868663419
929202892 272338881
995205252 961930663
889630967 723061886
387659170 517826849
901956998 350739950
425066312 33478344
720497355 452832318
642196240 939845093
535949597 571716052
246815467 251009588
208681999 566697442
183172626 521572618
585844212 382325860
457525967 193810834
128493268 581577386
18403088 12126444
312898755 232882389
593808863 273052960
293437589 798201725
852591334 150022821
286386970 378200800
50746952 42551095
658522523 977383651
940157115 340269155
823256266 567887455
933279702 328099558
381002431 907746695
211483533 42054315
936927415 196331185
137649583 609757444
855385118 233462809
749014271 159772297
43058326 876200522
937250265 982056724
66763819 468832182
235100754 732815166
976286321 348604759
34155414 370375250
82000442 566558342
767973003 451563367
387581876 465723607
477450147 119659753
130542788 949561259
860614354 351931715
487398918 592387009
152981798 974556864
367988238 294691023
185884563 228127888
294660371 723148640
47449268 711513963
262556852 709160981
323354468 188172119
404915915 493349683
916769414 512585872
383379625 242457669
201672647 286514066
94943146 684461310
276129893 479077675
86616350 789651481
424507691 209065669
225558779 943745969
340069189 707328226
752766497 490179502
437200343 861501471
93589556 429698734
461861382 363068019
794132937 604635720
476160272 97633715
688922626 54652505
74352716 538573735
1026777 377454852
122814691 421028445
31825797 42602395
275422755 603612732
342476514 595437042
459351705 287100496
535443253 180100699
74714086 465373045
462468689 893936370
690718612 663934659
200713545 77699656
130765475 54576660
264886707 653318471
151718298 472285598
919587602 229811305
892074840 400212565
442786762 71546299
33031762 995717546
60443048 846264775
384796061 391677687
524154283 173980292
536240153 232877112
28188623 593007012
100062620 724705071
397465177 856144840
3575835 815993328
147734305 56317357
239038575 514477245
780369155 675586839
928817681 941800419
222621952 717078025
926878259 614337134
366504455 135436810
274997639 16159577
11182054 293610713
807601716 414818752
448523130 82847840
249773281 157679090
382849457 813028338
960773034 286040840
85762701 29480627
907421201 929452903
571233044 694803981
221348025 753142120
821204007 254229977
22007609 571676136
659276811 798503983
94798025 549455591
720233577 346050023
348248936 770431898
106642244 876034847
719615448 904634918
368101785 821804078
564623566 699435486
404857226 125025322
975422387 748749152
706526473 424317150
448360153 198842884
345811861 823280069
60251066 57757371
708325938 143374847
168499075 152858177
994982450 873755799
272657634 548810680
310767879 542928947
905125145 26756919
666558007 492801241
502074937 25137932
391347352 111489038
833334130 4266502
199375464 970178425
395317996 452221777
376785009 593780138
386629476 974412475
161892165 69622114
313383554 292583664
251057990 493932461
726996719 526236733
773569163 174741972
517784966 827867855
533252836 719953028
868855128 85336052
489010752 251316610
432079389 124388549
175578322 302198798
565271939 487251399
571567968 377987085
905705078 877649301
103906398 956662057
956856952 978595824
871091566 171319147
89268406 161789171
836329453 316460754
351192195 914476202
389078094 564333690
918792868 96053508
107449956 694293570
118450101 220885145
76205816 339652335
619821257 335655925
9647086 282176804
460842541 944944395
594552002 455083367
233366894 79928426
909792812 110249831
400292144 178321210
986211865 497939451
226395804 813407282
136963401 334470452
430632726 286403230
480469914 720644889
226266036 509480042
674061159 449820262
989535466 201033897
52768640 568569980
904503142 614757284
959942791 155700678
475850976 722501753
86982854 767422180
646441339 682752800
142362103 828731958
337109636 642098031
569791641 71363739
722367965 184816227
888089551 134434393
583183603 430422623
151967448 831162519
19556180 697248362
11068202 561282251
794090943 150218942
820621497 15871372
458510765 854146709
121184804 122823335
380091132 203930924
63490176 107663162
754091238 345843310
797262017 84158168
728324713 426404700
697285758 624582626
264436163 86860438
741447030 316678317
852632239 131601621
878285925 781194195
68808981 140123587
563756728 425048055
574092967 526259691
126544832 452159482
846731789 717540346
983403293 786308848
221589722 991557851
715130167 337614936
628471013 118460494
842371698 187886433
971938814 261525613
396978053 628305506
128780178 124289697
613118413 598169007
75094394 648904055
859950737 275239834
575597805 258387424
674462478 604275927
489576443 332494873
276209563 369557024
397154916 481789646
133673033 121067749
731507912 518150093
174744422 571680318
415856703 712813346
897186567 806446157
385691904 187752580
736535544 255182445
880001325 920714937
960500555 314436438
603508442 83708503
721672557 773122734
420142739 941706132
959171131 325725754
766624614 416608487
939810399 718184490
689094849 751992674
631861353 132099463
918612135 163812488
999758646 447849513
662355761 57172321
513706302 164522082
621315022 811883590
378558845 417070580
996521045 814473890
439984889 510919380
197401398 191511220
127249802 30600589
953537744 33593199
812345917 137477019
662890356 338133131
235074338 346848050
206509440 180397682
47226348 335079112
676020909 289268886
540087778 977281123
777245743 109906252
892964079 932688929
838980688 70919148
24859802 641500701
303539 348514123
758751299 278991470
723662788 579783254
766285339 831483722
611098869 524047494
638634926 618692159
86417192 659594790
368469627 777469381
168087197 529315364
108619679 961087518
8683700 616144267
346907680 454066114
628982366 102704569
100909212 159373985
128833375 694991761
813247711 742724207
777004857 86295906
281074463 820858858
627756978 644652270
59308607 904022816
530829731 171938096
880799093 834391974
505375560 553755664
937845707 603291847
37108867 775962535
934040529 596018155
603081087 105363400
105188698 942154100
498156586 849205412
935891163 243547209
334968436 544043811
638856563 981606873
368303636 364728730
622699753 938263810
165021101 820223533
718328385 240043324
512419449 37517486
154566047 564702903
72763843 709722086
120655110 552294282
380869183 995495075
175630767 948919708
502791217 111647687
421851891 36300635
326597772 320820679
71243742 997401435
131025104 8229257
524680918 941040746
161822870 225485081
883992185 465431370
190814655 655463297
180702135 18597159
167065455 337528318
857326648 371869623
542944980 623105054
104737763 505305005
810533817 254617007
956615255 472672599
481526136 855766625
861123393 293893354
218671045 577308386
914286536 412568209
868959232 568629567
5041221 543555801
842334055 200580387
227810972 225770706
486173983 432310239
223756875 988624285
573798061 233933010
549454562 544236720
435184345 866713875
9511464 446929989
902483239 167267425
164579809 516007819
119868418 271127857
82184908 193474098
867028050 542346009
578550520 800383047
970099639 50281592
257534862 529097585
643121721 208596268
404731733 26649405
560315037 74475979
102948487 771991614
166500988 917987162
505290078 163035238
94885515 417165535
396877141 699241248
124363602 596321006
747759388 21863500
990276343 783017103
42803365 239492076
967102448 114031727
280573019 519823841
956372919 540871539
91318695 878686483
237517809 149428783
699031646 681353773
62653102 825129168
934365314 354419279
105745895 764068252
405736986 719512048
197314494 347661813
74292581 138773752
239567587 61060773
956955796 427129513
321313046 973682659
255571645 586021862
134534185 587635170
976256719 112517538
186793152 281464750
949200134 799220461
474455304 825578946
674398073 162883410
582863950 157492178
849028151 184731033
103753969 60316127
659801419 502695320
504597114 416814601
573947678 870317553
957185770 366018433
855511607 204524102
75213892 739906942
510388738 913885061
248815430 532723153
772445045 193214930
383479537 824078412
788552695 65393704
928177140 102977283
788748856 977524202
818079370 341846457
336944089 743348314
582992394 670236389
384016761 385191286
11119228 594990462
666578539 864847592
245140940 382741792
313547904 696551550
270185294 668247829
946139324 610141020
26700482 350260499
362113923 806079178
759356507 672377602
241249816 897112085
661486527 892346529
751310509 110980765
384077774 261840449
36242441 189394666
283594854 842635351
307473651 239831079
75631597 970351794
704902447 212315393
390632620 786378890
499079614 147264164
206586088 215117796
42330918 563310327
849956373 889887897
836173233 275845487
524693958 284176856
184909221 727750490
288230309 73042049
630291066 706017299
895777435 576593242
610849059 841611575
422658484 756757987
979632962 205878359
286366062 339747649
702765108 239190656
452043754 252991820
381745642 383422207
12891190 719096983
496128557 527970249
525195440 574220118
595264540 955676670
958825457 330144692
812155975 453679025
947221847 714491720
196337645 242422905
100206358 761435033
482626821 688368196
973466086 37689764
817920726 639438761
70561674 913186751
958667157 491903222
691110777 794015966
328769063 945179836
763171836 184810960
229617075 505563563
688581481 93823494
123867006 315017620
319809393 125532263
184096428 286907911
655855942 946676035
895213176 865935971
87334444 427354263
735798721 690577224
448504379 650935121
660505382 993313518
24825237 493857418
226642025 807297495
218985589 126085243
616191724 296440857
331379197 449970261
702392361 329671129
205504321 809828780
43217473 234435138
831918383 181322231
445932314 146303318
260668898 576704276
340169720 422819392
143392344 439408796
762417712 918135927
180540579 818965400
184559018 626914965
471656947 263248142
164713425 404906773
342580213 183264834
573198606 660578165
371206230 736198755
294819294 255480794
51620365 184942349
584649568 943774801
261540151 425606893
283346509 946462995
534015502 59308145
59975874 925957885
883047675 32243661
359169618 652225286
334968912 806356057
802341162 607776174
641290771 492623881
486753959 9900167
52670943 269409785
185944726 109129157
186794451 28835286
61544065 93379707
823540436 200598134
893355509 354339395
911150703 405679379
797762222 926234088
377915070 516493322
876288276 132705331
288907423 339493601
896469954 42275554
811140705 954389371
494532091 132098794
121467483 427504380
349304523 211623144
641345108 353006987
435285266 113494446
16975196 197873784
407115308 874824665
618411337 786819264
126809548 372312617
214316971 439693703
327557208 865443650
48576496 130082562
772940902 230907776
69170212 550406073
184669384 306743258
425343898 174876971
342609968 184743467
536011400 794253186
893541067 98443431
67035991 57659633
353022513 168793712
366245335 538146412
872896198 20067396
7845202 367964341
471838673 686256296
545026514 254156519
860640169 311456468
793256995 508365280
257560819 887783780
643836788 937477485
385660810 419168368
808717657 41707627
65057803 51174247
398793723 572769366
977416713 469844319
119523194 795819926
461825671 827361342
707188962 708760219
129691388 477173124
240420721 452219350
355064472 366537081
996470765 932057952
306548465 966080449
396685194 381269128
61206045 939496695
19848541 904533795
715533703 209752333
519023220 984258059
971959386 349197842
205417340 767639393
351228900 562072517
128710914 218022132
793069765 344009649
106137672 625119401
11120687 173624354
92683313 670285450
808995507 686958065
385218134 160356621
138933892 823648076
779107338 557922313
508467184 65485674
253982580 790432546
292871185 729782500
188123023 867339932
776833957 361053718
635831055 892204717
34570756 45840214
985315793 264704601
127508808 990403044
426994401 48292153
335687719 751038696
99364146 993389562
603631509 292718765
542272873 524301320
746472417 324992277
237167808 867898734
991142222 73701757
845406194 429159245
787236249 366224005
497767191 848869560
449101226 36983459
273046884 919891448
96732843 787578064
949723050 228971740
386333355 54396988
438870019 857623732
629126471 772564608
891906558 262641518
252058942 326028392
371054116 87776936
795523156 476609979
309810835 98315863
70619740 907840965
777101176 348424171
191707358 161965632
375825364 338874725
665446208 305797814
787989136 860074426
109536589 790725130
455059359 544483239
439068815 963695398
189324067 405494134
518797946 529755767
411643772 440908219
454783672 89810662
694958967 169440768
856354455 764603555
253615607 204223489
956495861 787434226
198076402 904270142
550452851 852429062
527700176 102425626
454081429 586518914
765055810 370312156
948143132 188290802
794534207 728674993
753928506 60136
12626039 608216581
539556424 576283800
338690718 5445563
925767400 21017613
805353598 235778000
118873762 817673050
662283781 932444044
747412202 697603763
901707476 259348258
705281545 184326086
436613490 823928233
680073745 165395307
857148844 323409839
513915181 797007587
658275192 729459444
410051881 239623651
958764062 620699130
415963421 995742996
199113653 182191187
972303498 320843904
942168497 504380747
728580218 34096002
381445028 854252259
545091926 58765183
584470456 389717892
300414193 197755880
890373504 676955
24393354 469760310
684583640 187394643
331233450 10443625
435022883 782044653
523564814 708039002
659291525 499753494
786332219 753250922
985313835 587745530
741917480 807770391
910587291 917176016
36957558 604774266
992542359 137672357
796617517 395730336
808555534 765289289
131408503 902197910
210138457 966440885
970846225 203545948
920213915 686897025
542617772 905687295
932052661 192062130
559731487 66924949
149655866 245715734
822549065 412895232
525035103 167662464
316430962 850972172
505359207 114130965
323267321 145670044
351530918 895194638
174676505 678846838
919874832 287519253
130388656 904952754
603930675 65180957
440994767 166154265
535733109 261720454
358283760 286190133
406302343 191742111
842553629 497492171
352165312 79012777
309130179 8793781
280225611 777348941
538725403 359265921
53350205 228658354
900701586 357741801
125215848 403851254
425661549 751745156
653637222 38193350
802244289 585080635
168957395 44889439
874460982 867205982
370515225 559351622
311845728 791241315
560419258 473359438
818135613 126880575
683146712 360643685
352537675 882760685
648753959 98962122
364205424 215439429
780592672 720931890
585885466 124371884
30145649 444524255
398372366 437292891
55410401 499584259
548950893 884086974
969415537 108728751
212645918 414935455
222765157 289871793
601514019 69704659
295337691 981336298
388585303 404893646
228590814 392674593
356368837 616714191
229356731 192308089
306341082 83245319
664973607 657928339
102807703 856274733
306260043 386694567
903994381 584430300
924073816 299625417
459809118 637247726
642656337 626036550
88505347 595233386
103082001 19619335
376584941 711918669
576997660 422004550
927122388 44430978
21843270 109095687
480990035 433586208
199040548 67142096
721936461 883417702
549830072 918797007
968376575 496275015
229550897 483025905
974465945 535496525
675322718 78068501
71991374 468834764
344763006 241749704
590120792 45170247
973100396 908254728
126660227 537412349
41988152 448988891
215686184 832086930
562918480 390489093
247175092 8634946
96372517 272993748
379167230 657637296
911107116 10255131
945860525 895744391
345913562 79795462
326264488 633068674
400552618 788249968
545890356 158930133
466021523 366605287
187867328 385313777
909594087 705432594
931934209 723781275
777785150 377634119
856943961 931566463
192815487 948295524
500856920 976994131
165923409 684667509
428996478 905738092
388480487 247141420
571362196 139582275
444030226 167108532
930801342 979521859
604759982 752348771
566491837 407300560
886481327 508251692
660114923 440084453
210211016 934114684
205764248 974282203
518572765 624413351
395011598 798927543
540377192 797232191
502864842 780077079
371391341 205417872
742776275 50470632
834969618 70260612
208702709 878600777
861029424 688808510
337183225 17716742
306343368 59881558
689912383 37034269
272622962 313364994
911197689 6933992
873368437 122115418
74194657 18738803
886467023 737022161
232543579 206437033
77978984 257251016
564456128 658638371
160782810 777296101
763328183 954565705
947921923 168990880
400030834 451101398
773951040 413395507
534676535 899224316
30536506 37409373
50787041 747332028
51112259 948162689
574168052 114998908
881949478 604306698
729711193 555225948
648072468 466712233
826690723 761472421
716981710 604763445
445649293 552824757
61394904 737856315
567524708 104476001
225235633 360768831
156106973 455944233
198291702 247100598
170764155 377006756
43856488 690711023
227327517 270072896
437405329 207198333
628979883 642580169
155045903 845109345
182247317 589209416
582548035 76972824
992128171 40681365
165350150 707664399
716398654 241403983
819276923 148705211
26185886 793253769
369792869 587824742
570379155 485332965
397736940 739938104
342886996 141855188
266159881 692751813
543379370 783039674
211564102 779047851
867768389 713826328
16525804 389424715
122517440 545954545
287326863 898050274
506309034 118671783
496431008 993991742
133075591 871543134
568484526 437221699
437239685 698033959
653358829 301989260
63097760 675822295
520341288 676431680
651116759 243428122
204126295 6764495
707351547 848631946
673704226 669183955
19375971 605272961
401076526 915204044
706353963 496566906
127743525 156156747
107406920 525842469
640524052 797211370
848646177 914129964
360307359 576777153
648189964 464406739
782089637 111632808
713765857 549371910
765057774 123510864
138762005 395000244
180786713 472233248
77725837 317520800
709738770 793857185
494637776 266065587
62415963 615682087
149454195 856327939
660610489 629188154
597386923 788268988
981730268 886210984
722958256 388509186
119296252 997542088
380161105 461578432
704487174 247052151
282218879 520294191
176350791 116545393
533295776 821469351
945452444 205068677
660779978 352372185
131745746 668122292
526393670 901572756
459507352 778840809
313101630 209679390
444432845 400028352
883928345 878819985
32092298 735992267
7219220 4545930
120972313 500426383
259531132 242299492
567928330 999220782
712121515 474489462
670171153 89744320
224684733 320758789
729648258 881293989
230108646 85717326
588834884 690263014
124378716 265758285
204624051 493220167
957864223 764125264
571915860 950599701
567955299 9997097
267596071 338284453
452845444 848523312
884526895 37245607
845487020 986337653
682922567 995673432
686344609 793944632
230494377 861294120
659072353 208351929
174086991 320853632
697677645 770195394
132559822 490727223
334980440 476004725
687751036 347139468
802665415 965442454
27805039 428623900
649248917 628878462
480544842 374138477
39075853 102903680
194043742 610513447
295609519 943984494
869436893 375529162
910538620 832009825
887689911 124728609
454320537 205886505
799648216 133253822
529713518 393923520
589163032 296822025
462439713 114811111
287030906 326017832
512957129 292247416
447085928 385409177
210319281 937829451
828545543 229512855
468851731 225186667
389146986 373153269
225473105 192584789
772843254 968794574
266287600 966104377
10219880 10702286
447361364 689043084
164210232 602389179
757785695 161810121
929134812 51144984
462785358 539532806
896276949 269526285
222924741 541093388
788497977 345884735
258720930 262704622
794969144 47768173
332895694 403490032
614868472 34497166
690434268 367747079
231675628 624778217
166352698 536001142
822403127 223872056
634671282 697944048
494527978 337111372
964444126 290065704
993335996 105106413
333320759 965788721
440787399 112760992
934865545 421571629
285204133 319119569
15250736 838144429
783894108 891636890
850223438 348386364
182497631 481871918
145245587 930268026
773295461 226090626
595114536 87854092
561645908 845367178
856083339 944768123
99385761 882120761
663612510 598671163
747228904 627205313
775037425 156499495
943638260 118020818
803360181 769894683
886650649 544628639
434199135 853675251
901927362 25977680
423852490 128881558
493529104 142211651
9121582 634867513
694202266 705586588
209088604 218378930
236465759 423714440
301606887 531262945
663991425 978361523
923612753 514987779
97469026 856431742
136654983 202901211
565951437 72116782
763204774 27351570
816584639 943002712
883189309 473747951
192611572 266687038
284731221 349372882
137397285 889554196
524048843 836099090
843659915 963079076
137326046 499273331
368335720 158416978
922187686 45737118
631598041 935036225
940231880 584134564
195246023 508285292
244740579 288865290
638472076 170162947
189896640 153708078
658926947 511979879
596619756 862693915
6932827 251901423
132811249 498495969
925440667 178495225
973286391 258308666
671810386 736101661
504933133 846200822
17699857 378891821
228136098 566722159
705180542 457504981
901749925 140096560
238548100 727976595
110436653 68850539
703175822 562572416
348754127 301107376
841098374 349596513
567727594 980881970
134144632 225889354
669330105 86124542
594170878 385518300
734379477 935692795
849547577 511553556
518613782 477028746
526772941 365326005
98667432 115455527
100284476 281907414
823886757 67404085
420417543 234254970
166637651 629346715
676947687 395482645
501384604 131025820
990092001 628113710
215034605 748713740
58108509 723877041
694715382 839653904
747420490 86577090
507933910 169774958
812978243 36619175
648411956 212050422
770605931 447332906
104559632 256300741
648758378 234199024
61125020 909778785
329191670 727469268
838242830 495574794
913551850 990606531
569460280 427068351
145395012 890404104
645778561 201056231
13494780 77524732
112274756 264364851
782557888 468702464
888181466 682930841
160008455 259203957
538211103 528627692
186446262 282526358
663890288 140465545
552362613 409885920
4380921 442995902
62111171 544362685
653030366 246711882
569745292 860716955
186178621 728928101
669909817 783214209
195979510 507315294
176749034 639396074
846297472 824448987
113393657 426637745
947467066 875172142
720146055 379157062
178020003 417019862
984882207 461225977
470259383 79381873
410323140 698305272
713479361 989398903
549746297 982938413
380158445 800543078
482544404 337446020
250655584 335119547
407844725 508750903
528060621 673047332
2577116 862790089
482875734 457345093
541758569 371388292
153071778 931215661
402086471 586334166
550775044 99118835
627120877 147943221
121869845 987094624
928826829 931542707
248472486 426749124
521203280 284605283
280235991 784465843
606200827 138387699
676300552 369753762
178609974 51267569
360186780 547178921
508282789 369914503
945339571 215974282
772453497 529946693
81256424 715760480
37551665 211019005
373124730 72201365
205736532 202543042
520499589 79959375
750416610 757887431
182790481 848578230
631866147 931618226
348975175 890286278
986999501 1077785
21417002 170379159
656435729 331301617
372852451 716568839
753401555 644666144
262092452 33728373
950740740 947464261
423829775 411236421
168567548 67142682
799036232 144351028
896997997 485404826
334614397 24258890
458779906 593608906
939237160 774095876
143840743 57045323
818832903 314745971
944572011 573474152
92176424 64198977
800512131 568817587
895104217 979605151
867595121 212795021
561886698 492236534
831014164 620181016
148617585 363757546
469676536 789977676
732456784 348253765
308184361 737532600
992778873 504608518
13043898 204022863
123263360 989927844
519720928 407564369
510103488 887954327
47365125 909578623
223574101 902572548
805293552 374220678
129493397 672454029
197918368 526781371
40413585 556397500
102013059 254914773
390114950 411104082
529936243 369614145
982484731 576332583
425284457 372266086
624893526 838624430
585754824 278001214
150207903 172381543
851988102 884407224
693368758 872924626
329459418 731988706
978102777 633059623
107601123 491610610
586573909 713903046
234018037 465402367
908088085 971961645
104524770 430965802
46812243 909069514
542318237 18550864
656096135 182387578
217040751 610324439
906351238 509685686
484722512 62384009
185478330 233939669
542349096 341195873
991322751 235913381
345626417 567350729
25533548 126878249
624290505 170811134
360502797 675817695
16352733 525425008
691970355 891456511
232171471 163895168
377249177 847348496
116875220 581430574
692881984 427734264
169178569 321823513
717864785 126332323
990188770 678207193
162367250 520209142
923056254 515739918
423451132 72043980
241465390 261354278
560197004 490266656
601184320 750317270
454554791 223881939
109691613 639022399
111664850 606038591
145650690 696848816
729104195 11425098
462380305 785404815
469860641 814628215
19099270 815523957
498458259 719936856
905323127 583659612
399144420 242242893
125781733 608384064
555951425 412517363
192436046 155540539
506976410 355956447
134393115 204303430
174584992 846876809
907755292 125510299
319575585 420336781
933258009 987790285
287457666 167525887
642340178 546323947
578268340 252880644
100232648 800132703
352483583 765756213
226867390 154940253
897076391 778353811
966438032 99168671
817149619 848515699
685659305 867970535
359565120 841297481
56492123 3555275
310626923 962414584
338914977 167554527
963766738 100827995
151259602 22037239
275538344 116992062
976506808 180007570
786417039 253645810
641470739 302101871
892465673 549232505
505812691 243679603
585735441 895258846
742596264 111841212
930251047 986273367
123205361 246899607
621808331 125499746
146659949 166074127
674457847 439332964
281818733 964654174
387350434 112454480
216885883 300167073
822321313 360887379
142370012 272256648
571331925 868314979
513459552 243552037
195182765 132074574
415080101 72263644
235767207 714482240
556766525 142659248
115354877 790785789
10232281 60167756
548052869 998619500
42221451 748009052
896237170 433433505
657420038 931861359
995012079 299770260
625650391 25355598
82384473 140655241
542902167 167744662
348703527 454707565
453808619 907430538
885105159 758543369
797510882 926331909
609858374 200358906
493516722 459656646
15835690 531719934
280663201 83345749
827038043 912473361
494107956 41310604
937763273 993604837
348462116 624661103
718874935 484570752
327078933 231997079
34121986 699965689
6311778 714088164
660038219 590751033
993515091 790475136
801056022 290949359
218514052 267723737
771839364 84140511
756378718 752164188
670694654 194900732
169704312 435378916
174900960 176811283
33788662 37215701
393611000 352004365
260427473 272712981
218745708 562249720
295002995 81913642
513512918 973296115
202894249 790268387
705366003 709786410
698821408 300535523
625169031 216713872
536318256 980546767
964503375 457111212
977159079 243515605
124944351 919491172
188452363 565969558
255824731 238421324
970829912 832203541
527891649 98103858
523715511 994251171
103129278 380566515
43123521 146682077
462805400 739698974
265809089 933198983
858616481 765303484
239479183 439526228
375722633 564849480
900281634 48141387
500412748 81008313
377961431 609738676
292906935 927514591
670486162 211455331
648766288 506660761
247618019 481488699
372021787 129027257
121951510 934735579
2605199 910296308
939804936 717512751
168534310 756635943
482789330 755039623
180580249 179306739
33859832 451936325
687830063 751124409
477591000 680402101
581418507 317920465
137792726 148610627
549691556 830603482
536560532 629594890
185928811 876837141
165955539 826177659
228089736 587673303
181841108 306954630
48276177 162684780
818774575 400718034
887452331 955678598
685170358 563413582
616609236 845418520
685607845 875703349
894838730 148867624
450565171 492480291
30323989 228232559
201039178 199179894
708599420 626478080
501239876 555910090
618172807 209777412
62603991 447299609
313083184 723508416
821292864 128053558
295108710 308684880
432328223 75773788
457546386 136582096
859898063 752559611
152005342 769222338
31325806 105874963
451942896 216938785
840355897 672359303
478918046 390512784
19890892 994475247
213484332 402721069
318014118 710199692
86902709 931429382
314364581 30958130
996518717 929376472
829286131 732719606
180561268 679036006
43453304 407630016
263237392 804385349
233372609 774329559
84392286 234987842
350899727 973466019
707210838 217766811
348019769 877020044
919773395 252801658
991621794 384118796
931921391 595026989
46139010 871965164
254474367 403760524
56932379 921311991
663425118 807312991
313157624 822642807
690779711 857366747
404882306 461638258
763587827 207860416
333011190 239110661
46693941 938963238
489307191 573100762
890945962 169876009
100628643 686913814
53061950 73551119
497836903 90248089
766266735 233829008
902316997 877228100
165573863 634134431
359308885 317393335
877704399 988197055
514904289 820361276
429450626 416364483
295491829 908252773
5150373 443478365
530599735 836099801
357147424 753222859
202927451 254301152
967558497 451419935
163371721 239972954
488074796 163144615
959328482 129363128
388523372 258346901
325208453 853655802
741438098 13801299
487503523 935823482
369702076 140887823
333525411 21056614
773180354 234805303
129730941 58627662
942805039 782858017
164653181 923056236
547031451 272438031
206052237 657473466
670045671 247066171
825898801 943591100
462487198 247486400
186638802 713292460
217591860 246866729
291387871 318521278
399893333 817005509
670917467 937781135
885893647 484556147
219758396 890432032
431227627 932979769
377188892 833465522
87562623 949182291
160989149 49503671
42258653 237602439
970824313 936546820
689379791 56543631
241951486 438165222
192953987 529655997
466233034 977879511
438460268 251023593
324013856 40658696
292961682 323552921
77332131 114388217
247546234 548177066
89657205 239526270
447830336 65924337
943976240 821460792
418322748 288446133
753227514 651241438
929258807 823153366
232481397 885906910
971716794 602353561
557974703 410076698
231983897 499053413
305260128 632970636
601763175 122376548
948713450 455404074
204740783 468136927
867658147 316431607
297401835 860564250
105264781 306130314
376069920 614838830
450376882 187926125
301375070 337207472
579597116 75542706
201483084 373524915
937297625 890085831
83798489 631675194
56721952 318686831
832780743 265616295
158809756 826870703
7192478 737397597
512091420 799930461
511727868 242960956
500012363 271521143
27462826 228111418
376222132 904687819
706107023 73211990
482117837 289858819
883484503 114914452
276602008 711129643
716191120 345863909
399340276 516714051
523367142 507669338
997732569 317312354
582043818 281647117
65332423 106162447
332207777 36435771
525401427 20164424
780126194 133010348
416398037 46389441
480779565 495781255
753862716 57532775
144647459 973898941
331680065 574380969
850425830 873686244
475532991 590096438
462209270 220404979
336754147 270144052
32838858 846505395
834922153 804230274
830217973 867692695
196382567 251099709
963260087 605890174
45993158 566645911
359978622 317466014
733748838 417340440
886830073 296126262
803685348 854038749
726856401 131139363
882122785 447185392
579698114 573967362
993696687 998363180
737144778 636516727
375330026 450970164
203462652 259956410
143604161 88438637
728725645 986037353
196542933 66477417
284749330 355853862
81164700 743475685
520853480 308101547
354082357 319705122
926818118 671028668
902350484 507022467
734631967 435187328
651015620 877369723
217331429 320317752
237973653 131661789
674736467 36009983
124880821 381727006
826657459 525261919
256582131 871709772
167140778 665195350
946471206 35401659
639561254 646074959
382911208 434485835
291786471 908784740
8569481 98109339
515684868 383262370
396478630 215640332
532849052 584360010
782974448 340795081
313850934 240145553
612242276 318848649
532176514 283857602
308549870 395909275
97374585 468590879
70785692 251324117
66643471 608480493
738513597 387295380
854213039 814754481
450649020 60399669
451253313 926698381
369216056 915597716
510385023 833853896
718503065 978900282
646372810 269541398
772521198 671271940
719442346 995952743
854094302 647775669
239553920 29155455
539529229 575553772
12064578 235895050
856702847 12249823
146028606 833489563
247607428 338719194
717529272 249661421
862871840 442619737
877910638 661671834
41371529 623290231
190330097 763675499
173031281 299626736
894896935 637669511
92603047 441672603
735936046 80496303
959659481 363506669
989710103 492083146
894652264 901246103
529804220 234537049
91943567 205332430
225035026 74245621
486080845 356857668
660595491 952149757
314238312 261025661
164415304 831955499
778362023 727861773
178716923 752749374
438888100 354684213
237212915 324798726
237143834 664922921
999188136 319855385
980159964 622432538
137474019 702857548
545528174 452147652
99161108 103331574
324213871 281520923
35489372 906182303
335903337 978942025
199838660 356851291
972939374 6441934
74866861 879181101
868138265 657631988
855186021 233504181
334184561 258574881
323119862 942813798
373483322 850967117
862127190 378119259
530858432 248067812
188036951 445909526
347019952 298711848
20644913 521860172
697140116 875546845
827544801 33948080
105526911 690067810
126884737 320359656
508598983 18902170
127671395 480288988
100067004 695146040
543885618 221935906
667763904 775219809
309275316 487448674
475562179 4172971
795578255 65306880
665503934 106716071
759314678 364209928
646643505 891646305
263977450 586543666
263185407 603425876
728000899 523538838
454159615 441271063
608853695 806373841
842582860 211288700
735630494 402483055
893112708 872849673
790473867 701293774
511939688 842402308
167149920 294875317
770213631 471356297
809912215 751826392
190868689 114213313
568018658 177722320
167181615 85173766
477116133 757547496
923256722 407664448
174141242 903705861
920238256 590327332
688943578 178070162
572079537 285850811
832421329 580606793
148029212 321813510
181886930 939849606
65982553 969009332
976118444 257473228
13755421 834649220
197500548 746819654
339873507 209781854
912581773 208117784
795915634 808899547
739941682 991912192
382740289 111872553
577794025 505383383
873659844 109952071
827866911 848442896
112800726 278917651
930788301 45855610
571414386 421954767
440870598 880043606
418769833 416779036
64655773 359697677
166630107 654500709
999758112 984543997
999089718 923849902
563882408 14787990
687591677 243290256
614527340 629435508
245231844 723549150
833370759 536592866
513318513 521936453
184501621 683749376
185257615 954288708
286204094 551881485
473189520 926994574
902060379 870864681
647769894 340109788
96026143 285237956
888853071 939396171
693873918 701410468
194649221 408489
338059833 926860883
277059356 723882544
507238148 651805475
995568898 528644047
994670079 356493002
405692537 949413480
343128661 212255302
103644299 996867537
134936044 893538007
212839923 722500455
820141953 158276157
615268646 134304191
581804240 65073727
763429554 69621804
607027492 697074327
640470117 234916536
734099381 280365898
820093793 626703821
884434326 521820775
214242308 207611271
790956045 854280227
183916983 454540642
792792427 471388253
47024910 505012675
17732276 22778772
528824505 543423924
944522372 520141298
99162700 46852842
239340214 132924518
115097896 341802682
932214677 20457106
529788039 995116989
780795059 545620786
55018490 404698849
193612619 980436692
74487035 896102016
849108418 293025328
913062288 14439650
24489896 869311775
586359865 486989014
193845848 950300553
94209524 185209603
911355351 146123228
869572027 279843253
539881345 233957547
70306049 574435451
586051026 948786703
624444412 170768719
24032672 73720889
954636476 364850049
828237186 163913988
33568624 744944901
790061438 183027599
624962673 335764658
410872632 446121272
676658607 646362666
923836899 346838275
832553501 404603352
718150936 991723977
158748780 548135928
397195998 873343779
526140717 585408005
902277836 448519000
110991404 854131955
526113754 301891554
339846658 724366995
120543569 823220759
575039772 21137094
163037057 786618504
398807893 999878852
298354298 901585525
847459100 813069163
156413718 813243896
712049863 580945876
83792748 49792576
769357225 398131109
170375277 93224004
539144008 155991264
164723692 64829620
779992723 183288126
846067676 799854156
232412811 789101111
152931150 567977043
836434625 89493860
952211854 768991263
151222031 20265771
957878912 866911830
811097238 732600141
585202698 905222628
916094936 168541309
438057190 86455351
3068701 677667072
156045335 67127506
757275396 961278181
147225515 377393271
427907296 846092204
49452209 511781839
836255646 368718963
811697787 46670953
670444200 829989456
800244143 251876999
826770049 91626700
63298153 951264557
726191457 292984994
182415164 383285177
890942003 900248663
343354125 630578740
254589161 321309892
572995079 233725921
757643801 4955558
899510164 806949885
679599047 970747664
327485121 475255842
273552402 208669587
106848922 778473474
927558840 685039156
631625707 989579513
576368824 488992717
170159602 943373197
191799306 904360748
333658628 285149371
479658414 264590147
112783629 106574526
207599582 309473163
943257750 355896316
118967832 27475744
130726755 860153889
909913044 539100589
235411544 622436429
304962408 137897223
954318148 671614450
822713578 907666722
912901062 568149638
559005679 798249620
556807273 251365834
266252493 802514464
715008408 453621822
901451514 877436347
447191800 481122508
688808688 575790356
85250739 798559275
555282131 2145930
196209170 340824573
331203330 284352495
8960646 206807415
232059176 575501612
385600778 850661718
599163161 618973572
938936458 340237722
390443975 328310796
911643650 210356573
668266137 261738606
314437016 648485100
413538086 367245031
716092003 711126786
230250770 681919528
978450032 820077975
559100893 698440502
951008072 875107385
582816810 998359247
147933347 671985695
327246286 727327091
181648788 45164109
878650299 880948593
514641736 15223569
210392450 940963109
517608530 795014561
981689244 528737981
36203613 5104997
711682215 467074114
527908823 993756406
793316998 407296959
10783310 908799919
416009079 53462384
900167389 321979118
199981416 283685319
829183577 821544939
85924511 44209513
204211014 216735533
5494875 1279160
825174530 888646080
510675905 869211409
656614532 913620334
123957195 911003495
362891064 493068330
115096981 511175838
278287344 971102521
503673696 305530446
355048479 263352208
518333009 836157536
488879525 459698319
324580945 747933634
972754995 366466585
387028307 618377943
782755175 922897027
836442700 716028868
771096856 853697590
462784327 870251649
996608799 772379882
517854848 350335794
610194613 720012975
565948641 101565047
901379742 445628374
713011975 208416139
683097028 120757326
670668252 378426034
507419206 171964814
921090 39696351
404307166 4605653
109586508 298346852
75207786 207391242
941485312 167094209
718733980 274545940
16749815 542857910
7493648 840406271
289794132 28053831
680800023 616010581
92271066 281517964
444643867 119009150
715711364 178555798
841212864 658277921
974577611 960492472
194384351 98595165
831890928 88381729
203936713 75925044
205555805 92650670
435269629 293095687
72171413 758964811
200645823 144999268
993020711 762340884
407849649 540664419
817550201 97809284
789503884 52381811
940227059 74429043
635839359 845587434
435359893 276651132
346776276 757662221
712313563 813779370
954735530 859692771
442974513 235234803
651606031 235511193
692523453 195737219
43714763 727232765
459022382 925400272
140173603 179519632
470868729 171850525
984157135 587806407
226922371 175321779
309929821 486638497
897409966 964710006
10736558 356049348
192865744 771908537
759470305 562926450
762333465 204798123
712245672 431162016
644587920 380815077
13653673 327443872
677604423 178652918
40358375 774999763
592270216 602159409
806106740 632250533
694837169 674728643
804579530 716935268
530975704 34828239
270515464 281895022
110491853 142343721
366204771 378628225
735996932 178840416
168633791 948244574
202038044 362509819
988413840 180490237
430600287 884602924
707111314 825616422
794494898 321250539
900848399 638479164
640020500 978396402
244221791 501393065
158179973 589699644
9205831 987828822
313286727 590207793
802304501 588983141
706357579 181627278
729840657 624838410
72946317 422235338
537736725 945973575
461235513 611732895
242825081 480417506
250631330 339545617
918698046 120170281
273526571 222749906
612247384 124971142
257391008 759328359
444682850 550866223
940957414 675127544
27707522 645853487
563401231 335061698
275056549 828203520
707890163 659739395
968911174 633049260
440384991 569131352
70177394 780373299
558915219 44725813
195771491 658728955
664698688 93324292
635777460 546037392
598459169 986087502
499862588 62011789
335735945 548581778
70345295 950030935
737756068 137302089
106330370 789399705
66146706 834319987
131061105 330828578
463702195 865896978
50486915 115097896
85349182 709216327
496309345 246417739
705963565 423101858
168685679 589750998
213866045 45192213
923122001 847208491
14211897 436287734
613050648 110393698
925367999 201698084
457227722 40490947
194167181 207795853
851388083 799276880
216980866 507774900
521849300 27794824
247154183 510941485
448087425 321660776
112340379 520715015
899624710 53334313
202848770 146636504
796190292 38913893
759186137 648885007
824449437 627752609
363185466 593118807
531937091 894969940
819289464 715339223
432240025 946778015
754151192 842522833
56784487 854007910
7678185 925378547
609713568 758207208
501768708 290847506
649272037 26915031
67758094 320130707
250956447 554499336
929773376 430110392
88714463 821144640
417544003 691768834
988439318 685292899
597988631 607591612
893040099 146010432
884625631 155040351
383623249 801138510
429166113 673126770
875178108 548012744
864696783 802876815
780218576 969176511
715434535 578931697
981235424 405585795
601061786 36243323
218876408 891957900
778400660 132482131
389354880 107228023
686789459 67666147
79414067 242911419
518053281 542793830
125763430 524995622
829888343 727028423
404358084 123989153
250368187 68080170
954860412 540931091
40912763 663103026
882659333 689138261
66088461 401605268
174848563 727098362
886802494 446452739
439512046 135415372
383887510 427891763
163301401 880124932
364568273 111216207
408832584 284563732
782467985 620966745
54230291 966205718
70401129 485015148
697783635 624719097
452120134 128325751
690423767 908672071
142763849 273230979
303183040 260790474
150011585 202979842
656454003 605136944
740836738 19518564
928567025 923349973
894050311 978342824
458146689 461592066
243578166 474791671
286939707 645031633
245617321 813577691
162365188 182892914
261546954 724653182
589060961 972875236
764480081 655006081
364694554 600338234
251420679 849770023
441445686 598508692
130673599 871013321
731072318 188775994
503192314 681500758
536639881 521405064
491259274 585853616
867646900 542586493
806187014 40088207
497672284 572762532
27364560 413788477
242098167 886797106
425864765 200580806
342218737 868462509
236619763 124558982
154022905 34868788
813463866 230453772
59361124 46421584
752939738 687070904
271222697 653558863
727269164 741736333
578805186 242380860
770884611 34668941
310377710 712459230
387096962 966792968
549998315 832927017
413821767 202101761
822810521 975257443
667464002 784576156
951889661 902070533
171564200 329161729
411654460 379309212
595155585 285228806
458828063 289045626
929169582 195068090
350281291 43468012
978378018 277623209
743874014 724608431
598531754 129170071
622509088 871938580
637020013 364361084
751957839 385479580
584561039 356632442
218218851 316040197
703265449 67088399
664028006 312283217
983516024 770332686
73981223 215649157
580739138 600510427
676137408 521559290
179692692 267537199
149936960 272991489
937067073 90326320
169037331 330212968
375361158 882200222
603265646 493828531
93217851 276844085
138007266 180796154
339938473 543935450
513213311 640266851
754867347 702721646
192913672 430931429
301926396 714239841
592830573 96559478
375752076 643094833
771530547 375181639
778278072 64387814
560628473 183608274
137774278 340165800
213514893 484645706
77884232 275765108
827656181 481783984
959113400 430591639
591359710 216314635
687684652 426926850
727231168 164432351
792718607 921152026
949101898 500925588
420379848 537966255
80762623 883001220
631527345 1280905
980248211 744099801
123261289 261132874
719242699 169230622
560904333 277363160
538611846 374931000
668916317 650790435
369250833 998131924
669507581 958195134
638984057 110170316
659418436 437717404
362606912 533596747
204114139 523044786
842600491 191850396
333438646 361244486
100462534 120303114
553794010 865427464
166323164 989333657
50583780 574078094
920172495 446335355
609591730 201593698
422581599 507290931
765028763 191037759
174736246 111051286
174003607 993781165
391402302 182948084
14789358 223525646
825659761 326539374
582113601 446486576
147826460 399934900
78607058 115408018
944915837 513854095
164820680 639057448
35032514 439062122
17359195 988119244
427888148 229643596
14482500 543192577
387501783 853580807
274282865 88873108
233051590 205531583
287398734 28534827
262228765 255322138
441878130 96328360
499541838 799380170
193982276 767242214
666159928 57981015
390241957 567182768
529385195 1916122
472928590 702901968
119484885 459001953
48909212 595162093
749253786 694941998
863572827 120986286
598342904 805371661
796951924 796826065
805675228 368972915
144049054 769317131
189814896 532088038
368707537 544383295
270747889 24998795
190297301 775226588
162712168 195903793
782322082 17142174
230106194 512499219
476083047 310338824
273579117 170804256
384518364 12683044
338813726 52329764
779891958 65870340
534915592 102053176
237122969 707992635
87581540 116287648
519248526 24263854
208035873 308586632
709537645 535729153
241363666 575868946
98914671 730947950
405345933 164894669
290297830 115027302
142192564 192181243
621618496 126954039
733345861 958799491
149640357 530480879
218245747 235165383
420925729 461419453
280204282 553780144
190147368 433657953
143625136 809656623
49413322 232999977
878246097 26293333
402665573 224981867
335729300 493397580
198486335 371858105
279317140 244392912
267641990 966426287
232396399 394141883
98949844 94361737
976615895 867464458
51842228 872551980
976395423 197899489
101354998 13567157
41160346 77821790
139407658 673475694
21175594 585296776
350287666 107890534
999630885 954751448
354470222 185997997
66669141 503749202
453828195 513600314
146193127 829253355
734452684 31631677
466586569 437660854
590249155 216363089
255355698 635214130
438315907 95732954
344021462 48861270
646731772 48649429
241273139 563379620
159355242 44840093
263180486 284719951
15871073 589113704
82139273 994099285
646611220 369104826
804507157 866996658
126334702 335568036
68763857 275033989
780842646 718517002
614532945 773411952
908616954 406799533
506403819 223462781
168772995 76688306
776939215 365343384
94843209 563805996
930609067 268708961
892072480 324955582
284139586 285315923
618528320 850634561
235697423 188440288
362003745 857174245
428529452 214925301
50544887 756468924
302991237 868565297
599914949 923446281
31709410 21390353
562343402 493145796
613077186 631003561
482275647 347151944
769528592 164752280
15479215 276833623
737571845 55225341
276811228 549516228
891027707 64757356
511326197 734910470
78264861 798701797
682048882 88249476
151874010 629537186
216071417 858079546
717455339 650671374
752198594 471568419
356557336 376276269
992640378 192857355
305323148 145413984
651129939 735767089
985908481 205864410
403921115 915236315
367488070 791533028
819428973 97455564
67373049 853040577
153760964 965418696
565842432 62257913
400753344 355885688
611291474 897537708
159000367 801083182
311335671 318160133
466185043 830554107
995758844 723391134
149460405 280627179
69706651 641395568
911762244 267330108
5990520 82874846
914486265 602025292
507800878 959049558
340397897 793454599
306575828 593840060
960584844 26519861
876895725 964699494
480103385 332089943
656340393 968815912
127575682 52403042
359991187 704712989
128629075 908054403
134171261 16020316
204465663 195241872
16043336 239627298
89105177 211338352
529299880 642566463
918999743 148764284
450708078 141472841
943860629 153205698
71742348 127345795
813720607 65555969
300034167 125151383
977676617 153552487
946040385 960244701
830860096 539175406
291052000 455857852
613858957 916351095
738468256 767514670
83559802 489925675
280021068 167027333
757476794 256374801
216478620 61495030
374261859 425580864
125816750 703312287
554633173 933380225
425113055 213571690
598733375 976183403
20123138 694377789
602664690 368194075
212172626 573505087
669747113 398508800
707758595 148697633
927261817 107167179
395413222 252082681
457160856 698362388
385618327 164207474
169619158 42826651
164764036 609970409
571623141 326354455
569145354 128131201
748234534 436236036
892787350 511335895
275354937 213119844
665284385 112890164
838266430 555712109
320864376 490264739
767312449 520836447
539917118 128262237
424212549 200768697
940924531 174887493
84776078 546899496
614461039 537269595
312079245 925493596
543196603 793368732
655950602 869005614
255078195 947015042
291825808 625197045
452682268 174967612
847728823 868480821
358654967 242321335
118668940 824634908
468469666 523798099
203400540 108987715
84549669 494907828
5048640 588527550
472226809 286400338
273965408 226244232
873937308 633181024
69968270 264833210
760192143 264128526
328319809 847156193
34626485 697480726
932021449 443088825
198160217 768610881
922993360 921243579
952433197 440157204
632979467 179967400
537332014 125151947
204675959 371407506
750067582 285874624
850034594 880430030
795799260 531777208
380079973 470800302
469951020 152948938
404158718 187651621
943212718 546941496
554419590 783492408
623966827 789723465
213729070 954802423
93282032 710417623
768629777 802485148
518541957 733679205
867998105 163047503
88010156 672204882
661613586 726273826
439233452 63616591
238604457 10127261
274818680 78372938
181742976 125459590
474778136 417897506
388897274 613712490
166695936 163625800
119619038 488509063
745011072 295968275
145449303 538986525
263393666 847324731
46647174 920828696
809458292 734388636
287313129 278329074
264864002 531761874
371957063 42902973
753932256 9310599
968916610 342120460
914239450 454590836
937460754 578920971
573231929 83243604
844234157 264145438
551370439 562469591
110277467 129722147
98459132 827856722
979983828 822397259
858998551 383174064
434841111 456540254
974374738 56604026
45686876 734610679
70975352 619810357
495477421 96744470
336710151 695285125
25046630 283377298
78582171 983014734
24025892 487436470
49863890 860682153
76068659 353693018
351381259 618318770
936860489 162813838
669413239 393745920
816946268 826709015
656662597 490025546
748524442 385287578
44659410 740215871
461477019 960625696
258215199 248189617
962831259 546578030
701736506 698796142
635036511 707242808
230508457 860275808
285204856 582480877
401503667 249532053
354907157 654982231
376406631 850878081
332698019 923368175
240716431 415505009
585292077 13691668
483506677 886660437
399975604 346934742
392978950 270442713
572185443 623232726
246503597 70931042
180767596 429922941
116838645 432233951
341471887 595701434
434711666 762098355
589060965 482472149
423665774 344760139
378442716 234475749
173584294 545403664
917160813 250228925
937958974 878949989
411177208 418214734
854290169 578316040
297105036 412195054
257360811 453578320
995090459 744182753
128231669 157797253
868985009 118404191
770556891 965441972
627698690 409938933
180714718 871217691
963059895 795111140
72908667 756178025
619369159 862530024
916210233 973720603
767617399 11996512
842332643 604890285
503306234 72475845
197821766 237066440
243323451 295629942
493705114 49012333
139778581 983213593
143060111 236528419
267865539 719721520
726094289 960550175
252893398 294515606
250865308 741699245
467950780 658958285
11709614 874682450
97584248 312592072
391887648 588504075
95359025 802849259
73789943 589248902
862345072 333486523
173956115 886242718
926831585 131283042
483190375 192452666
348066364 284500131
302341753 558105626
281421274 848757523
884887350 590197240
152026694 163171089
715105791 654130429
425061975 416840242
42141665 560744421
642088503 977388724
271980555 717455861
404116616 915667959
13109656 709298103
708445603 109240916
949798645 173870189
91485059 288552442
369019005 692142951
111460507 670697373
197849282 507484974
202564734 862074483
154909961 873700881
923951976 964665923
236272198 244878303
144842729 983347138
313456974 757941696
199329491 784537221
83123551 492089782
942198867 165391724
92806782 410528623
825455305 100616655
622306759 340803162
159580116 590792802
300207121 104216583
17371887 995392571
388154288 840490097
902667428 251191322
174574819 886291289
624407898 857631331
282606925 461908862
781304084 157368979
817861460 27722991
86718557 975330793
966067845 604104903
904312449 175396567
269166835 564580774
39559868 196033586
153892138 999249762
673818740 18012383
942818006 687000853
978408711 704554597
622237054 568861618
165313017 757790890
373477055 900612932
505276648 166833708
823174496 555256996
315313714 630869265
289049864 207119990
892902440 121158811
710346042 215750055
252062266 338043644
185638469 705541861
65369459 283756720
419811561 890003505
549107759 441657558
924792159 526862629
548617154 908531529
390754217 943947217
470845289 697249126
252790824 830064961
807508427 151874109
450661974 420729281
349752492 427737062
871648932 259860503
522320115 883456603
620513975 933895574
555800799 10962292
62514430 212144345
526954211 844817422
568135950 613830194
252701156 960409224
622949974 521186584
569167821 125331309
992507268 704662463
802704527 791498975
213374521 12120808
205021822 790899987
129004073 22279712
685397525 793074373
974594609 837851659
671009569 229492174
989517826 74161472
687675553 914383516
696231239 336212127
973033876 259746073
302166912 825659339
67932492 95434953
199583886 886429690
769363335 649742191
93928724 785240410
278599165 830844096
823242494 760848188
352542980 948849114
208071211 407188942
821570770 215581261
656263449 127586932
299859841 878069801
791955593 627564838
903357607 740746789
220949891 746689604
630612388 740003278
394446609 103223668
373784029 194157778
340534166 16669977
391145449 39350366
515974142 31689906
427745079 627577558
358905455 579889662
868300297 117209764
192087663 865171370
895869976 685917881
809935434 151666984
518265920 460104477
719744397 703718130
149169948 569462441
104630910 908093387
923826570 377456136
288182716 110403953
587949777 159781066
941045608 941863925
549974149 736424073
239097759 206885884
126359779 937072425
492493035 637022251
908940553 369430917
933466436 310424581
209777345 969807308
364338521 2452182
43544465 818078348
822311487 10543273
953588867 908086683
454131470 961344016
670461568 351235758
617634354 908151150
194188020 375723460
162311828 39228563
871885959 255658065
842224088 278886295
982332473 618007952
491036073 218327770
563494633 310552745
4129430 690695483
990985930 527325105
556716381 155548816
951313209 476896085
769539593 807265007
662540609 258516603
480021385 782222261
225782919 435178184
565276680 258396963
879352004 737030427
129984351 280284201
323806410 875494067
937698386 117343543
978237299 324471688
912488816 967741273
121135093 453484901
113535296 346124622
434906566 705908760
972102123 876425227
674085892 123703710
134246646 791805346
240711607 203080860
981370429 534313337
425092626 75651595
108437155 190293723
314416253 557037382
759060716 204044052
920590386 806134805
890581126 680928547
909254493 633950361
951964681 379839234
542079177 431957611
852735755 173666333
224282256 122704631
721199226 372984402
29021429 655175540
911534157 978275913
196247874 426479801
25481168 804188198
854008810 100403828
740065022 313741254
326789896 669460439
516840746 33315656
971775403 952702731
148022682 857721652
808676193 987193512
589323796 599806311
308669409 498977807
202171857 996558494
671689436 94447261
847423958 923105196
847285504 720633544
689919930 932724682
906189535 66669849
141951870 470936616
893609975 63738217
122265574 984477983
738268530 297296120
600690389 712366582
321021321 839859903
373487792 824799344
602037729 828955236
403246133 216247602
97716918 92225059
54440566 403482689
551099151 52357173
600885024 868175210
935017597 939574568
638973823 462305800
810148199 31007488
457841999 597117304
629400911 315214067
374338583 249760506
648454953 375701477
648556073 715574624
53743009 73127444
301123 915131109
272095435 939178789
383635870 507124385
320523626 952779686
68259843 361353360
497971608 369445716
540844296 955525987
696440905 102536858
684897603 444331998
73541236 567813983
798851281 808932597
432164607 588350227
784600111 216390327
519411696 457218408
881592098 952517285
770732124 566803279
443043589 183914357
125099161 929512319
815485438 458297177
838121448 724671979
453143045 853569042
12909127 174280454
188019058 587210639
982297865 66731005
654404741 848465184
927681088 338922915
339458368 644721954
80818784 858699349
882159211 611889247
346029038 717757768
792015951 88788036
623127566 466038702
221249568 345018569
420702821 514805652
99898007 620985744
198322764 827934959
147872265 388211799
144819474 353792314
729862028 973798197
549041765 678273006
456551010 73911712
625460168 294333849
362057602 630218840
784290376 562655216
426598737 116257434
320396612 239359805
836298235 648872847
645104066 78812516
218424154 138402832
498919117 599670138
388812598 8353009
565789100 737049115
480794519 905929094
869966143 323618070
675886022 595698543
190428744 947828716
959255555 933309657
607595731 445206174
532269314 640170317
291734429 167821253
992845338 993969848
850268390 65750182
134233516 429314515
20008847 497512570
211767166 516239282
65223636 851084999
503444239 240237125
521506172 280901105
173457127 685922163
74255376 993854495
16658003 490400284
247827287 98901319
533070655 219628577
595650117 514500044
62128760 332347706
229170045 308290073
527297536 203481275
202247465 68597862
219585325 359528814
394897214 16508568
623288954 870143788
429776258 975943771
597324487 650423012
120176486 187110263
43537702 113370657
230646635 671176427
524286678 353628513
759359345 585812053
812751068 334028480
850398063 990522043
82445489 77152924
856362916 163000238
68774218 812307144
247534675 252389040
176430527 759167441
131741052 842205059
329021544 62333967
727859449 30038125
809332379 551642557
307860231 527792823
263072685 387254662
348461556 585365216
641214583 74509231
249776008 390919524
832772815 560435517
903972266 422139922
554193392 388923656
195652878 296722799
176097079 218456316
50330827 483657132
768223939 670449028
397652754 443361212
363451410 394016745
961813798 527517226
216045054 897219998
982156589 318280148
581442997 855560964
571866648 662457534
603898353 155434733
140238205 713151444
478590183 90577237
590784001 43688111
229648120 153959884
476740834 634586179
438019353 678949133
511681903 38796583
854181242 651138472
2899767 469608890
25806778 354705760
734783853 814193576
178492229 672529470
182897233 383256711
296458292 652003485
875744374 112654402
514856391 783056148
709294339 71201761
190464160 750155142
67193606 402857448
191547178 498722767
101102971 180294350
713899571 179266305
749421404 66635517
425185504 825242528
292442158 475145755
702192069 384354431
305729407 202765825
337460709 602923295
441238317 379462821
428573213 654051330
340116730 465514443
542873223 329041758
245317699 329970037
532243267 856941831
674641454 531531704
166904847 10169307
682693565 161897625
891006687 694632215
615546082 748701239
372452377 177561290
794618135 40988727
249050656 212471762
308593136 549213969
839609976 24776658
619245776 157903732
262277392 546573849
883208941 853336576
591230967 628437535
930770340 61618316
969739165 15253548
799925547 827329689
227405633 278727256
145484857 291551382
62713401 854141122
281217093 167461444
433044201 877080866
190729598 225745267
202042745 703856720
982222433 341756836
206744917 243919871
404102109 914025224
616472340 687035351
939689726 227642536
106728591 328049396
781954099 145411293
48562359 194319859
584324059 194193575
574690225 203490778
423430993 977545859
664092120 807872355
326080660 166293832
841036479 727919283
832075776 480104860
290918014 150377321
569204727 198271687
382026715 146696284
895380970 480626401
406085377 60326398
417689929 204778676
825109844 853110210
19630810 208260142
224518747 801340885
273498788 294407246
258156144 853441140
456289970 929379129
222830251 55465510
137402232 941557327
248344571 409328816
604865761 165123181
439492372 609698404
655381856 271998356
189234773 427594321
764772692 5859497
693068621 613808246
56423802 485320330
156823003 990708463
475792933 953735792
62000959 18554199
786994733 997243004
975815915 481641325
903424204 638131992
521481384 230837788
776713186 351322775
27949913 806825060
409698074 869163177
738976955 995391374
366100124 906758841
691226004 935713596
466981675 800918473
367738072 938378314
289000775 960035374
162373267 388053424
158840681 26199006
382903843 756471878
87820981 128201051
967682705 23194118
530759205 122546166
239870710 959358958
605212649 812270005
336284543 198745999
499011238 22635070
468184296 562299330
339990630 710248962
142703434 590269369
144465948 777011680
487917110 564408155
202672005 56295793
567541556 629024355
759307513 14295594
287821447 671168858
569180089 356199568
725244052 701826846
167878390 935201149
838624407 27649463
429533655 442893659
99820441 30236755
246452335 60807339
219337041 386848636
550415009 250130740
623681462 417157838
812026800 778221677
261686404 24052063
644724807 806811408
632146257 399353929
116571168 528028068
30098374 81602608
418488525 108682608
42257496 3901134
821979139 139141598
310221668 951416802
74170425 99404735
139212802 958092882
585151149 261341976
982433277 362055823
296916492 192923185
734068884 466793088
949030231 518901634
212279038 723210020
166067978 838116111
980441411 782102879
589000826 949171600
991423883 103236088
205738169 624073491
309115804 351980625
268514874 720507983
317500478 42916214
813050740 254161236
400049567 56222530
540774682 176549348
789517083 41706087
464362025 255228363
920547397 64778074
519747908 370095123
206666934 448946402
660655813 184452706
804646308 157888286
645839861 197531993
656531182 76243975
517438216 881581723
234543157 39113897
607824883 315436244
682134651 887154810
356517890 127841188
451488174 487808898
441791054 855079466
970389434 238732943
516417151 31452450
479293286 65497812
726685332 768259717
558584825 130043575
124189812 155658213
348934421 653532661
94540008 267260915
770458053 850498066
448498433 471467052
468352696 277251006
775165987 934307478
78009777 656374259
9643532 953846655
627665604 193240128
380146757 719360204
8654684 63083126
556449613 804315431
263366489 32284312
226927147 978958581
357130259 372885593
517381200 296886493
180870633 85646366
259976572 78442031
187106508 236125434
484975237 518245479
243478706 786985191
532195351 103311112
989220531 796395408
991139489 154297412
117978527 373086017
284602606 682190365
743188629 799940756
224573785 887692604
416337518 959868328
515747406 561099669
110596282 916071960
318018083 467444807
242862587 771993617
308782617 590076826
481255301 151792776
420677215 456872026
948880280 840585700
651002743 57933411
77231865 423888714
444247064 200605553
134624809 179560109
166312031 368667757
223685867 983733658
403456820 563079518
13819609 465715396
482555127 218188559
254312961 296120585
410101731 897952127
149971815 482677651
975027562 811621564
266842795 801117340
971627271 862987221
772469176 591822223
925849996 991049063
656793931 174633251
135984473 738487662
653823588 632174558
291202690 866104853
128357694 47837432
16498999 328564713
9498030 163093579
762488126 752265292
870901237 777126503
849325880 584814282
518140803 726404727
850322384 697572079
484810390 467747607
461740833 404229629
200366547 524523632
1341884 24972585
896641060 589736455
611642341 202158618
347532744 873855538
136828700 387631970
998794512 155346253
200937962 471632951
118929155 793961834
311783456 250906080
282473310 196439666
121126776 532295664
670349833 872449543
382666394 887083905
554233027 164126636
396329481 790662782
697325678 687556533
729022673 860936662
322410430 528606638
27841442 216709333
358340659 193298984
898259338 31757827
257363428 286893279
605920896 147404060
436438439 233755785
116097751 776456429
256717022 908449220
301294222 146266350
236437629 992245813
509327464 916619692
543160353 809155693
134140475 2459663
575738258 967317252
768531725 560146331
900936151 221312746
18969484 312029539
436157427 731517710
286728119 449006580
754785525 758094940
618492254 486033774
299971299 293618109
545511125 104084339
896055387 221954990
689917261 551138615
170294187 791545689
864774533 703776427
323312035 558057563
212316311 983353944
310382009 980357537
924581959 337819162
858233575 752080222
898068293 950035155
980852432 668675389
671438980 326489350
504310681 945587593
754663285 702918480
846381649 758662082
635160013 367902551
250643324 211955921
704735930 166732104
685903401 288838267
855241753 596085796
954712763 98526125
372608493 744504647
150377579 836170824
26356330 166282931
53085227 660519112
9855571 767160893
380238547 530102381
592896490 210763122
991232678 665365154
867115569 739381148
584715980 507507520
429883174 503911678
879425184 408790594
706872347 38698727
992599461 995274056
289553060 215869614
710924213 820254748
356709884 770309059
556090733 479958346
285374741 222495969
555151613 358792811
541695773 904114611
554018956 35210779
592157071 56204080
854611166 224222211
263958175 863025247
499943758 855220897
954518805 101484555
60438274 867511882
83690843 508365527
659863096 649413380
868472214 586558478
690653333 626905779
318930326 157896044
372527628 339633765
878820546 497353503
374413610 606746965
478746198 140022961
666056344 584157921
224572066 13660876
626946946 473762224
524949061 858240365
382335666 464926209
175585405 780246970
617273811 143526618
879246391 463344865
875115934 808938912
260387841 91369979
700246407 552962494
280184370 627466326
734197003 669357813
226785282 299143025
11581267 317624905
110095407 207089123
321894463 574543535
599412020 202976668
974124890 764430835
735830814 466370456
275903563 941083667
466054289 605651764
180142904 105914986
14039171 572246075
8568757 401484202
768799489 147157853
252385944 124909568
173601417 427900032
280790559 391728232
157431626 761537815
969623057 79219205
230219911 592664051
213277837 693830987
611807030 540185513
538965000 56519501
616000382 162581912
176035626 954132404
473749856 901339386
683272111 508520944
133470117 121845071
143966553 822457222
546543965 300122849
466645854 96138748
223410586 913461294
754307225 734315751
154286285 188222782
446266231 850811180
150550913 351220191
192186388 397015953
377957085 927733832
768523574 568689683
267306901 368877501
558464560 277223184
771418164 197972766
201808432 630863992
303346796 376563481
828677876 846676639
488643571 104560054
818756805 764937514
452852659 32427675
256791382 195743876
523717111 299815389
184643424 804967966
69458329 341873731
413858104 369779097
589311543 624487168
49692147 808728594
431883717 841024359
559710319 772066201
206807483 556614764
514088699 188645429
740762843 310536121
993171100 648671905
763746369 742676754
9540375 47427696
118958338 285888863
78023 409201080
328182424 503305721
287194244 337182171
493217205 566752350
729042394 275773098
714337343 919301580
949910447 38262791
261436273 109919908
426766576 54755169
282155167 743446458
595895631 642330146
249843138 808083454
438241932 688306283
630286819 246869173
52231480 701074607
170230760 439298838
14730727 124010655
46362952 518806023
461870762 268670235
798179318 292906403
182268120 704999417
145457498 374390320
645489292 938590702
981207810 386438550
592780162 6278651
132419943 343861592
290903449 519179924
303502467 343588527
358340207 511499011
529376066 667576409
766835385 373214083
487882552 561328934
824443500 339391589
4318453 11194457
84741877 187618029
471697432 675333842
771212305 388315847
859477757 100352602
567526948 640732710
854089682 838680135
898459928 890127740
616655697 6805329
770852102 771689522
69778224 292818071
828421501 593104418
170653924 722859904
260120146 511502800
508017589 958229297
871128215 323479713
547936574 677337320
148378646 803839221
82238688 419324787
46124846 839875300
748206183 578624002
158196515 19048164
122870874 556831744
908366337 544483310
231752954 829023604
398631118 538705343
117194311 664314744
455562513 15914737
650467144 722609765
58248771 510658811
32331742 184298266
998306724 77929779
438628572 509022926
548330443 893058982
313266038 242338214
192284294 919226287
626937073 887226095
479928174 592112695
40414582 219416120
374265939 820633962
791747487 291367413
552014913 252118324
900605251 999762792
242774298 563827384
707492171 678184304
445595826 550635114
991589562 774950565
961119144 420187831
164427753 659173612
283838908 841275505
788168337 736162481
248661428 704781812
630899398 614244047
585292552 768911631
934235795 340121593
892896468 910402843
236617006 209739947
396568627 481626342
760937792 695365362
683165442 58671402
945253511 674199883
283336352 352321091
942964142 127572258
831524069 406504457
562129728 273235243
429280141 842004456
976506771 468816759
133959881 307657362
362933245 345765285
927305313 66707988
412408954 236689049
71101104 14407616
396802164 131444126
134756334 245265748
652298953 126426419
524114787 281047767
658576532 98997800
908094747 221854436
925730174 409962468
680993936 310971967
300860821 549009903
684025267 788897714
84901879 582632074
190773357 296860432
648855603 280969743
181500239 515764190
375589866 563220728
924949041 858129927
849053740 482404002
848838578 824871157
607715489 610198161
913349052 331050348
963208385 458338012
326771792 78701483
547162854 741139827
98578351 529704129
185258787 107704294
333916349 166564427
343713374 136960829
301024887 908088275
456163982 423300671
594977225 353937039
305529862 865740122
255173970 69673240
468818257 853104803
299769891 15778765
816371265 282702882
970719894 936438715
221783442 179680658
406385886 702248641
726319935 30930444
323502249 118567374
805476077 401990477
234271638 895447414
350559535 769099659
235224403 382232072
869702270 212382698
824156494 115471875
785753637 633063034
340018169 602642514
535455845 398128163
165330458 135247127
195962214 330141281
892666208 17144422
957532854 490613943
541552894 135631062
529446216 325841155
842583070 60990243
264989488 65986726
806716658 484071054
53441864 877829967
238874944 335797887
570791871 706476572
116206318 751345074
355249627 512518275
184202806 639596583
481898602 303650609
870785674 908635933
476622794 284528976
465132695 753069325
230989523 463491935
975600181 12866494
582308889 499048319
278927364 803243607
896116334 833312388
905717545 446115042
78548767 126664599
114442928 841807106
285154965 546497532
488913050 465961392
191884521 552404054
298393278 485600406
929816384 860315188
506631762 863426909
857293471 565335319
975833603 92542134
307933961 362095715
252394705 223366716
211944446 576238987
68438074 987888854
704226475 322009994
361666980 642544060
28422739 9224006
209119633 910732590
196699586 979829787
382724819 45856763
496189014 860629623
144824593 923024213
430260434 825503615
908673668 804469082
506471033 748342340
162016326 747319081
408604569 345203952
162270090 932787343
322984156 28565843
876545760 605961550
690685477 412821134
899782430 557135830
740962910 943841793
951894951 221439850
729712670 375668640
572659582 307306687
57051262 276401941
148298086 123043725
198729715 294415342
85678799 525176687
856556944 84071633
764967396 323747595
475459303 96913379
41274730 40880348
349700985 907454555
690244486 618452520
391702585 997082436
835379513 278927158
815678119 723223586
14618118 177694459
496103164 162600510
789232574 470239069
655579149 510869460
442717553 211365223
987990655 195666211
525744601 23507319
912853824 266443483
572479202 648623556
920161285 374082216
64930619 826488887
622777565 296379205
381837944 240506908
301958736 1374237
931318903 277982995
260508112 183541126
79884347 654552662
927814105 259901170
704033410 734521217
74896146 681742819
593267818 484960287
769611074 513890281
597226598 164784528
686819608 519818852
117958751 471975804
641530106 337412169
507991989 196206013
203680368 953813982
229094269 541825657
319975549 216710623
313724134 36449147
4728415 662189444
38182490 531462722
441010791 197456647
64487928 204669644
195494914 563046406
281500958 727579878
397369852 304818183
611277348 274100876
653248658 237243770
380988563 405609398
982313425 77351633
698154190 290159620
254789191 227742790
159180367 380290314
875509538 381669468
69184081 819280802
626 326295772
1810956 16847631
47921 65658
703945 2920749
1232915 3591
289307 930466
4394500 7846158
2511266 5372609
3518253 7401342
5155757 2988085
158843 339669
10405401 3653080
485318 452290
363074 429225
60403 4994232
224352 1628997
7199529 14570107
622842 12212543
151755 472457
2900372 10005784
4143406 1518873
4199925 1050807
8280795 3755122
1219041 506184
2413116 2794779
982137 2108226
6960405 5314781
612785 2050385
1305 4813626
1861754 3034
8488823 2656352
1313155 3909018
3830495 3817416
1762299 1587905
4365996 5795959
2929340 255191
2716262 1606022
1225980 3323890
3186053 8278608
170243 18273309
3390228 164291
2994976 5026004
1125881 667356
1 1569701
919092 2169751
1792807 5304194
3351321 2448281
6722608 600727
32516 7330480
4937740 1951387
3456659 292511
2656680 2397252
1387227 721
1808044 944622
3097721 2544280
5065306 1655803
2623342 2794345
5976939 2849458
4138024 4975256
1508619 1107179
2739183 380531
6680377 399584
4464604 72879
3723650 4105347
934062 7228205
3388576 7085737
1238636 3927080
194557 7399562
2744193 4261559
420898 1449151
5499944 1346233
1835791 4948777
1513047 3084203
711154 4732049
4605821 1846918
65677 3151406
4414947 1671760
1001537 4477912
406 5784877
3686838 737830
727092 3798490
237293 220058
5339181 5187268
3589091 3287370
5547066 800892
6203639 1715698
514238 8761938
664649 5663164
192848 2773704
20427 2669551
5253495 1013461
1311528 13089
11637367 235032
6688774 1092823
5324039 2005364
7702851 2758636
1464622 102629
837754 5154315
4971036 8118262
2697420 146635
806854 400957
2971005 1683022
2309510 960193
7393000 1219425
71464 9279020
6586530 419514
1310073 1699193
5076973 10904133
370574 2708778
8359953 44048
2801584 1668775
13339258 2751914
1 1
5475628 5273491
5608786 20518
4995877 370226
2292616 873930
3718473 633638
6371778 1205668
148469 963100
250753 301129
291383 2212972
2305897 8062983
7415986 3431117
7513157 6024061
64142 4892178
5708721 8036431
1301293 3431243
1860776 6592050
7321690 4983731
5742164 67765
2591066 5635408
1146260 4450861
2314788 4361105
1045320 2695761
632288 17219
2200744 5919865
1149041 3274119
421644 2263673
1149323 4820757
4734141 7169
4027156 8107726
14720 1327226
2141032 9893694
4647716 2460740
2406648 2516832
48244 6474820
4429372 7741687
1039200 3916451
941728 2834179
7001618 7059806
222514 4021583
3188570 241603
166164 5362446
2671554 10425992
7089283 414919
52078 3959924
4812583 4441019
2185265 65106
2771513 790282
3458509 6840936
4415734 40657
2512480 39179
487168 776844
111577 2227966
274740 13475852
5159436 1074990
12225570 1433097
1857998 4378867
343197 6091834
231 3390631
826178 107804
6083315 4614
272752 3034312
2338540 618787
661377 2212679
2224469 6637219
462307 7506722
4153625 4212983
5598129 1964569
5680512 13082650
5822516 593569
3942079 2211665
8598091 73040
4039103 408132
3505666 35527
2766934 475782
113951 2196621
4388812 2674754
44773 3040534
4475636 7485541
2045651 3362170
3436461 5103625
4542175 1891178
1099341 1928833
2953155 509274
1336985 58045
2114095 138753
4623930 1848255
5886618 8892670
1574564 4922897
3376104 15
1096051 1299433
4593089 119064
2005855 1071505
2411972 673
5942093 3535344
6346864 2406212
349458 3255614
8252516 260776
9199671 2610178
7335625 787658
1417666 108057
195400 2049258
4024550 1157989
550264 1637804
8751923 28438
88727 1805387
2164297 5203577
1 1
330847 2038029
1174583 3317560
607683 5476759
8821623 5815090
10710242 4313535
4803862 5275455
3720670 4465675
434078 192179
5 663456
114632 2319811
1709329 14529812
1624612 7389100
7429208 873
1856315 11881
946408 2547852
343393 4993931
273382 1329339
4182706 580413
876074 967101
374499 180008
3230294 4121154
5240000 8826328
1984461 303878
3316798 3099380
1289436 1175417
6362837 1046
2298578 535074
4237493 10314491
3338035 1686689
7831613 1629024
94876 5204350
4478776 5232662
5617610 2475521
56895 2719462
1978252 8274502
1112319 7690514
6293185 10209
2300870 2842086
7043035 4509874
9751111 8735005
761578 1621387
2318904 2542609
3670806 3957855
292535 4074403
939298 432309
1148472 1013347
68778 4096928
10888 9754602
862867 2743
4378 6469414
1974771 2850121
3321448 1185670
3097081 4249509
1402048 1032787
4770313 811766
828227 407135
5125595 2581945
4862831 6293388
7438049 1037704
3445064 2484906
5257302 507109
889845 1795499
419722 1425812
4204882 6758875
2437574 432342
6197189 688609
5697653 2779871
969201 49992
324185 1681075
1614707 2771811
8353128 517164
1365533 11206339
635456 65850
1073157 12557299
1249469 11535069
1817229 49223
1441753 2506727
999351 5291730
2957228 683324
460717 1994283
636131 2391048
4759481 20657
2489785 9658027
2983286 3003732
2160742 4665725
2335672 3138584
1719347 16609
51039 5299716
3199475 1559465
42373 51759
10012 1492800
1156372 68201
3664498 2447702
1598561 5093
578333 1579046
4790779 3359847
294383 6419008
2496836 9198263
603117 4386465
281731 2428409
2283724 4331418
225498 15395393
4325270 1708255
6567255 1021413
3874739 2267899
3482385 1922047
8445008 593327
2755300 4078317
1562366 407220
5966730 3819641
3657021 1391442
8738580 807908
3369490 7338870
1126910 2903252
1495454 30602
3227016 489370
6401689 3560201
5346022 608970
6893073 1815
2959031 991085
8096109 2922035
3094505 1954647
4588106 5322654
2202835 8086168
4451403 746122
7642467 5543543
1518541 2997832
1 1
543850 666006
1190454 640954
1232041 3349754
1438854 6802297
2612115 27279
367044 838760
4002660 1076
988777 14955167
7024527 99239
9235520 1614071
240631 9389745
1157214 528675
281217 14576144
2645600 1150
4054021 3321098
6663 2567236
4429757 2398383
6050864 1729717
773182 184301
234124 440545
3982820 177718
1119012 3900029
1255769 37245
14251726 7178718
1439908 4156440
27246 53740
3740942 109386
2343518 1714788
4350668 257398
6143909 1078744
9758158 3640919
884731 136921
7347517 739970
2384767 19427
2768710 2682685
3302514 2856832
547556 142148
19532 1003
3946173 2249173
2012124 2906413
291160 12917267
6322590 790283
1943506 1093817
2074511 4698997
966965 63773
994339 628470
3132528 4339133
1836703 3741011
4710593 2930579
1292738 2747
10674475 58432
1 1
434211 6756779
930649 2410
3266011 7646645
362526 12205863
6008744 4100034
2046047 407590
787563 191041
2893520 1435814
3212868 740485
2315077 699539
900900 735734
493715 2727310
3349728 6756
373938 741223
4830396 2261360
4932290 537926
10473 2407418
752579 901668
644590 334063
59471 5718727
8741420 3183964
2059796 5759081
1592918 3465772
582574 598695
452957 124171
1829066 5680560
4403193 4482984
1514536 448992
1882575 1946340
8102464 2015601
3148247 1495803
2853024 813889
12662300 5905709
750557 295952
7919629 7575489
341777 7200816
3208376 1191309
4408617 562921
2323991 680976
4580248 5187050
928762 6704323
3617607 4666827
145386 8236554
2835378 1644520
716673 3187160
3617934 2641371
443533 4014828
261168 2183783
2920948 2729087
1584496 852175
174208 185921
3351134 1508130
2375991 454169
2177075 1048386
5197086 3539253
3603883 2922208
2684408 6582390
127586 18402700
6409064 1115692
370839 1391639
4156127 562177
756604 2254961
56807 3985135
229116 7795445
3417864 7856371
8334963 966684
2890555 1459248
759673 9847306
34565 1519477
975440 297592
5610219 3288521
458717 1882098
5073 1639984
4469465 1729111
587753 27546
2165688 2517916
126168 14442808
7851996 4388
6766862 11608219
8616372 47360
3983305 2236144
1368187 1029034
1306359 1728995
5171626 2546806
3509754 4340795
1410720 3162208
6772949 2733
10580195 65534
4132 13824659
1981136 489
4064443 3507841
3471370 2429811
36498 18056479
570239 4948012
863313 5241030
173001 5421774
1624218 192864
1848065 8079997
4020086 6391339
605048 7019372
1928894 7871658
7056375 5155421
3643461 2052824
2072013 7652570
1117403 3019070
982 275887
10734655 1230289
3581240 2956692
1852711 1804730
279807 1210658
5198200 3127355
4803603 92092
4248078 2309259
13378 159994
8153998 5505353
2578759 2330422
1112098 7379257
808049 6803954
6735375 2286938
2468224 1514240
352816 2858931
6439854 6435542
3165024 17404652
4901934 7137
7552838 5289113
3095356 16577407
4513562 309
3127415 168154
778512 67
301091 10797
682245 2852345
5240314 1045
4647888 964808
2282242 8050301
1241804 2518970
736939 8446819
5243092 4789095
1563712 110154
175259 638771
574954 5310422
2984136 3042546
1671176 4071185
31419 6836660
4217227 6820842
3901857 1377913
265008 3254283
1269866 4360256
3889310 15856244
322575 5069006
4428964 2275187
934259 330298
795436 6029437
316341 4984557
1184977 3904494
141204 10876350
1352491 2725295
1206900 2734971
3291199 4607916
2831532 2178702
6942234 7054174
8356309 5041896
813060 2090283
3673757 893106
1474214 2138665
1600174 1855972
3319756 7769695
2327064 503948
2290068 254399
800021 1296174
7173666 722414
6621100 594869
556798 3663348
4537623 4662178
2056987 278150
1254027 3503630
5493925 8433465
4829370 1029327
2700561 1146985
4138028 2991639
5247651 1396775
3133465 2062742
6936314 943481
2901383 1766889
1439853 154631
5715815 409719
4408284 3033119
300002 3337317
3406189 578733
6971755 3413461
122877 2248730
142463 3251170
865354 5931987
1926663 3595461
3666330 2439623
785764 981238
1615298 1665
4978070 3744207
1923810 409996
243623 2815998
83927 2968469
407676 11166620
119948 4610024
4418041 4071638
982468 2645072
2060714 1716502
8644861 5916214
2225936 4325596
2213123 3018736
211457 1347825
2439144 4777787
5784881 29045
7442488 6572561
5451536 2512123
4384343 4470308
292285 1234600
1389749 8156572
675655 2875
6623597 475268
5190774 3300824
4131527 3915876
36274 6200630
2741418 8046
5815760 1104850
2303712 1795230
332813 5268507
2449607 2503202
637333 45764
