1961905 38835784
-1
87422 2876732
539167 5051019
2803389 41636847
-1
3392656 57534463
539167 3339807
-1
-1
-1
-1
-1
-1
3392656 59490803
3392656 47163364
3392656 47719118
-1
87422 2552995
3392656 62922523
3392656 56105644
87422 721889
-1
-1
-1
1738836 19511899
-1
1961905 38835784
1961905 31531893
3392656 51911412
567698 8842584
3392656 50678096
-1
647657 10434737
-1
1636205 16347931
-1
-1
-1
1961905 29578056
-1
-1
-1
3392656 47853745
1961905 22684253
567698 7388864
-1
1961905 38362298
87422 3076889
1738836 18125592
1592372 16347931
1738836 19375769
1501073 11354703
1961905 29578056
2803389 41969778
1554471 13193964
539167 3747551
-1
87422 2552995
-1
-1
1351980 11199088
-1
647657 10434737
567698 7388864
3392656 47276315
-1
1501073 12831914
-1
1961905 38835784
-1
-1
3392656 52519472
539167 4283723
567698 7388864
3392656 48918129
-1
3392656 57267892
-1
-1
-1
87422 3076889
1592372 16347931
-1
-1
-1
539167 4283723
-1
-1
-1
-1
3392656 50736964
-1
3392656 56738002
3392656 48918129
-1
1961905 29578056
1592372 16347931
1961905 34108177
2803389 41969778
539167 3339807
3392656 59490803
1501073 12831914
1961905 36580897
3392656 63078645
1961905 29578056
0 0
1738836 21769651
3392656 57462779
3392656 58092829
-1
1961905 38835784
1501073 12831914
-1
-1
1961905 31327428
-1
-1
87422 3339807
-1
3392656 57468208
3392656 60636082
-1
1501073 12831914
-1
1738836 18125592
-1
-1
567698 7599105
567698 9483781
567698 8636446
-1
1961905 29578056
1961905 31230274
2803389 40325152
-1
567698 9679239
-1
-1
-1
567698 9679239
2803389 40239637
-1
3392656 45800126
-1
-1
539167 4392690
-1
87422 3203185
-1
1961905 29577432
1961905 22684253
87422 3076889
-1
539167 4222956
3392656 51088507
-1
3392656 62915011
1961905 30092668
3392656 60636082
567698 8903968
0 0
-1
-1
567698 9679239
1592372 15277057
3392656 51911412
1592372 16347931
567698 9679239
-1
1961905 31531893
87422 2552995
-1
-1
-1
-1
3200510 44163853
1961905 31531893
-1
1961905 22580390
647657 10289437
-1
1961905 38835784
1738836 21769651
-1
3392656 60222236
-1
-1
-1
-1
3392656 54204385
3392656 47713905
-1
1592372 15305852
3392656 48918129
-1
-1
1961905 22684253
3392656 60636082
-1
1592372 16347931
539167 4283723
1592372 16347931
-1
-1
1738836 18283802
1738836 16385850
3392656 60590713
-1
647657 10261053
-1
-1
567698 9483781
-1
3392656 59686736
-1
-1
-1
-1
-1
1961905 31531893
1961905 38835784
-1
-1
-1
-1
1961905 35429219
-1
647657 10591031
3392656 46621295
-1
567698 9483781
567698 9483781
-1
-1
-1
1501073 12831914
1592372 14540114
539167 4283723
3392656 48918129
1961905 32274685
647657 10434737
3392656 50678096
-1
3392656 57267892
1961905 32274685
3392656 44685792
-1
1961905 38835784
-1
-1
3392656 62106855
-1
-1
-1
-1
3392656 61209057
-1
-1
2803389 43659017
-1
1961905 37480728
567698 9203057
-1
-1
1961905 25623942
567698 9483781
3392656 53743507
-1
-1
-1
-1
-1
-1
1961905 32274685
-1
1961905 29578056
-1
-1
1961905 31113181
3392656 47163364
3392656 62915011
-1
-1
-1
-1
-1
1961905 24425117
-1
539167 5051019
-1
-1
-1
-1
-1
-1
-1
647657 11199088
3392656 62915011
539167 7296425
3392656 57462779
1738836 18655812
-1
647657 10591031
567698 9136265
-1
1961905 29578056
-1
-1
-1
1961905 32274685
-1
0 0
539167 4283723
-1
1738836 18125592
1592372 16347931
539167 5309544
567698 9679239
-1
-1
3392656 49424398
1738836 21769651
1961905 31032218
3392656 57462779
2803389 41609069
-1
1592372 15277057
-1
-1
1961905 39158035
3392656 59233438
-1
3392656 56105644
3392656 49919875
-1
-1
-1
-1
-1
-1
-1
-1
-1
-1
3392656 63078645
3392656 57475317
3392656 51911412
-1
-1
1738836 18451638
-1
-1
1961905 31531893
1592372 14937730
1961905 36580897
-1
-1
-1
1961905 38835784
-1
567698 9679239
-1
567698 9679239
-1
-1
1738836 21769651
-1
-1
-1
-1
87422 1057173
1961905 31531893
-1
1738836 19533125
87422 2552995
-1
1501073 12831914
87422 851865
1961905 38835784
-1
-1
-1
539167 5309544
-1
-1
-1
539167 5051019
-1
1961905 35069293
-1
1961905 36102367
-1
-1
-1
3392656 62915011
-1
3392656 63078645
-1
-1
3392656 63078645
1961905 38835784
539167 3339807
-1
-1
-1
567698 9203057
647657 10434737
-1
-1
1961905 29578056
1738836 21769651
1961905 36580897
-1
3392656 47163364
-1
3392656 59490803
-1
-1
-1
-1
539167 4283723
3392656 47163364
3392656 57267892
-1
1738836 21769651
3392656 57267892
1961905 21769651
-1
1961905 29578056
-1
1738836 19785652
-1
1501073 12831914
1738836 20983155
3392656 57267892
-1
567698 9679239
-1
3392656 57267892
1961905 31531893
1961905 31531893
1961905 24701698
-1
539167 3339807
3392656 60636082
-1
-1
1961905 22273619
3392656 57267892
1961905 24425117
1961905 32274685
3392656 60636082
-1
-1
-1
-1
3392656 48918129
1961905 38835784
-1
539167 4283723
1961905 38835784
-1
-1
539167 5309544
3392656 62915011
2803389 41969778
-1
1592372 16252065
-1
1961905 29578056
-1
-1
87422 3236563
1738836 18125592
1961905 38835784
87422 1057173
-1
-1
1961905 38835784
-1
-1
-1
1961905 21769651
2803389 41969778
3392656 56105644
-1
2803389 41969778
1592372 15277057
1961905 38835784
1961905 23337527
3392656 62915011
539167 4283723
-1
-1
567698 9679239
3392656 48995765
-1
-1
1961905 21769651
3392656 60222236
539167 4283723
567698 7388864
3392656 62915011
1738836 21769651
539167 5051019
3392656 62915011
2803389 40325152
-1
539167 6307730
-1
-1
-1
-1
2803389 40325152
-1
3392656 51911412
1738836 20203386
-1
-1
-1
-1
1738836 16385850
-1
1961905 27415680
-1
-1
-1
-1
3392656 48141155
-1
3392656 50736964
2803389 40325152
1592372 15390474
539167 4283723
-1
647657 11199088
1961905 21769651
1592372 16347931
1592372 15587638
1592372 16347931
1961905 36580897
-1
539167 6389882
1961905 39158035
1961905 29578056
-1
-1
-1
539167 4283723
1738836 21769651
-1
1961905 31230274
-1
567698 9679239
-1
1961905 29578056
1961905 35446097
3392656 59490803
-1
3392656 61599980
567698 9483781
-1
-1
539167 5051019
-1
647657 11199088
3392656 47604412
-1
-1
3392656 47163364
-1
539167 4283723
87422 3339807
1961905 29578056
-1
567698 9483781
-1
539167 4222956
-1
-1
87422 1057173
3392656 62915011
647657 10434737
3392656 51911412
-1
539167 4283723
87422 851865
3392656 60636082
-1
-1
-1
3392656 45865918
-1
-1
647657 10434737
1738836 18125592
-1
-1
1738836 18642597
-1
3392656 50736964
539167 5309544
-1
-1
-1
-1
1738836 16385850
-1
1961905 36132454
-1
-1
-1
-1
1961905 36610409
-1
-1
-1
539167 5051019
647657 11199088
539167 4222956
-1
3392656 50678096
-1
1592372 16347931
1961905 31531893
3392656 53232414
539167 4740276
2291355 39158035
1231924 11199088
-1
1738836 21769651
-1
-1
3392656 51911412
-1
-1
-1
-1
3392656 51911412
-1
-1
-1
567698 9765716
-1
1738836 19511899
647657 9882568
-1
-1
-1
567698 9203057
-1
567698 9483781
1961905 23337527
3392656 50736964
-1
1501073 12831914
-1
-1
-1
3392656 48918129
3392656 49919875
3392656 57267892
3392656 57267892
-1
-1
-1
567698 9203057
3392656 57267892
-1
-1
647657 10434737
1961905 22684253
-1
87422 3076889
1592372 15277057
2928954 44163853
3392656 63078645
-1
567698 9438231
3392656 63078645
-1
3392656 50345217
-1
3392656 47163364
-1
1961905 34873373
1961905 29578056
1961905 38835784
1501073 12831914
-1
-1
-1
3392656 62915011
539167 3339807
-1
0 0
3392656 62915011
1961905 38835784
-1
3392656 51911412
1961905 29578056
539167 4283723
539167 4765207
-1
1738836 18125592
87422 3076889
-1
-1
567698 9679239
567698 9679239
-1
1738836 16952963
1961905 32798366
87422 1057173
-1
1961905 32274685
-1
-1
1961905 29894521
-1
1592372 14810498
-1
1961905 22273619
3392656 63078645
-1
-1
-1
-1
1592372 16347931
1592372 16347931
-1
539167 6297406
539167 5051019
1961905 26570034
3392656 60222236
87422 1057173
3392656 56146830
567698 9679239
-1
0 0
567698 7970854
-1
647657 10434737
-1
1592372 14317431
2803389 43213872
3392656 63078645
567698 9679239
567698 9679239
647657 11199088
-1
1961905 29578056
-1
1961905 31531893
3392656 54697235
-1
1264016 11199088
87422 1057173
87422 1057173
1961905 32274685
-1
1961905 29578056
-1
1592372 16347931
1961905 38835784
3392656 56105644
-1
1961905 29311082
1961905 31531893
-1
-1
-1
3392656 57267892
-1
-1
-1
647657 11199088
-1
539167 4283723
-1
-1
3392656 62907946
1738836 21769651
-1
87422 851865
-1
-1
567698 9483781
-1
-1
539167 5051019
647657 11199088
-1
-1
1961905 36580897
1738836 17502074
-1
-1
-1
-1
-1
87422 779882
3392656 51911412
-1
-1
-1
1961905 33231155
3392656 60141109
1961905 29578056
3392656 51088507
-1
3392656 48918129
3392656 46621295
-1
1961905 37859856
539167 5051019
-1
3392656 59490803
-1
1961905 31531893
1592372 15277057
-1
3392656 60222236
-1
-1
1961905 38362298
-1
-1
87422 3339807
3392656 47163364
-1
-1
-1
-1
-1
3392656 49790771
3392656 62915011
-1
87422 3076889
1501073 12831914
-1
87422 851865
-1
-1
1738836 21769651
-1
-1
-1
-1
2803389 40325152
-1
1738836 16385850
3392656 59490803
3392656 51088507
3392656 50736964
3392656 47163364
1501073 12831914
-1
567698 9483781
2803389 41969778
-1
87422 3339807
1961905 21769651
-1
-1
-1
1961905 21769651
3392656 56105644
3392656 62632624
567698 7388864
567698 9483781
567698 9679239
-1
1738836 19511899
1738836 19511899
-1
-1
3392656 48918129
3392656 60636082
3392656 49919875
3392656 49919875
3392656 58092829
-1
539167 5309544
647657 10591031
3392656 46621295
1961905 29578056
-1
2803389 42037021
87422 3339807
1961905 38362298
-1
539167 5051019
3392656 58092829
-1
1501073 12831914
87422 1057173
-1
-1
-1
567698 9203057
-1
-1
3392656 62915011
3392656 59490803
567698 9679239
3392656 53713342
-1
3392656 58498267
-1
87422 3339807
567698 9203057
-1
-1
-1
3392656 62922523
-1
-1
-1
1738836 21769651
3392656 46472887
-1
-1
1738836 21769651
1592372 15277057
-1
-1
-1
3392656 51911412
-1
1144812 11199088
87422 3076889
3392656 49919875
-1
647657 11199088
567698 9679239
3392656 50678096
3392656 63078645
-1
-1
1961905 22273619
3392656 50736964
647657 10543805
3392656 62915011
-1
539167 5835547
3392656 47163364
-1
87422 851865
1501073 12831914
87422 1057173
1961905 22580390
567698 9483781
87422 3076889
-1
567698 9245978
-1
539167 4283723
-1
-1
-1
3392656 62915011
-1
2638796 39158035
-1
3392656 47163364
-1
-1
-1
-1
567698 9679239
3392656 48918129
1961905 38835784
-1
-1
-1
567698 9483781
87422 1057173
-1
1738836 19511899
1961905 31230274
-1
3392656 57744800
539167 4940100
87422 2552995
-1
2803389 43861213
1961905 38362298
-1
-1
-1
-1
567698 8636446
567698 9483781
647657 10434737
1961905 31531893
-1
-1
-1
-1
-1
1592372 14810498
647657 10591031
-1
-1
-1
3392656 62915011
647657 11199088
1501073 12831914
3392656 57462779
-1
87422 851865
-1
-1
-1
567698 7388864
1961905 39158035
-1
1961905 29578056
-1
-1
3392656 62922523
-1
-1
1961905 31995682
3392656 59220554
87422 851865
3392656 62915011
-1
-1
-1
-1
1961905 29578056
3392656 63078645
-1
-1
-1
-1
3392656 51250219
87422 3076889
1961905 23337527
567698 9483781
-1
-1
-1
539167 4222956
-1
-1
-1
-1
1592372 16347931
-1
3392656 49919875
1961905 22335386
87422 1483004
1961905 32274685
1961905 29578056
-1
-1
1592372 16347931
3392656 46621295
3392656 47163364
-1
-1
87422 851865
3392656 47163364
-1
1961905 38362298
1501073 12831914
-1
87422 3339807
539167 5051019
-1
567698 9679239
-1
3392656 63078645
-1
3392656 57267892
-1
-1
1961905 38835784
1961905 29578056
-1
1738836 21769651
-1
-1
2803389 43819360
-1
0 0
647657 10421101
87422 851865
1961905 29578056
-1
-1
87422 851865
-1
3392656 51911412
1961905 23863879
-1
-1
-1
1961905 38835784
567698 9679239
-1
87422 2552995
1961905 26004458
3392656 50736964
-1
1738836 21769651
-1
1592372 16347931
3392656 49834451
-1
-1
-1
-1
3392656 51911412
-1
1961905 27841328
-1
-1
3392656 48918129
567698 8636446
-1
1961905 39158035
-1
2803389 41570447
-1
87422 2552995
-1
3392656 59490803
3392656 62922523
2803389 40325152
-1
567698 7388864
-1
3392656 48918129
3392656 59490803
-1
1961905 32274685
-1
1961905 38835784
1961905 21769651
-1
-1
-1
-1
87422 2552995
1738836 20180299
-1
567698 9483781
87422 1057173
-1
-1
-1
3392656 51088507
-1
-1
-1
-1
1961905 36580897
1738836 19046844
1501073 11713086
-1
-1
1961905 27088061
-1
-1
3392656 48918129
1501073 12831914
3392656 50736964
-1
3392656 60636082
-1
-1
1961905 38835784
-1
1961905 38835784
87422 1057173
1961905 22854522
3392656 49002642
87422 3339807
-1
-1
87422 2552995
-1
1738836 18125592
-1
-1
-1
3392656 48918129
3392656 47980128
-1
1961905 38835784
-1
3392656 62915011
647657 10591031
567698 9679239
567698 9679239
1592372 14810498
87422 851865
-1
87422 419515
1961905 36580897
-1
-1
-1
1592372 14992512
-1
3392656 51911412
1592372 15277057
-1
1961905 31230274
-1
2803389 40325152
567698 9203057
-1
539167 7062556
-1
567698 9203057
567698 7388864
-1
1738836 16880225
-1
-1
1961905 22684253
-1
87422 1277595
87422 851865
87422 851865
-1
-1
1961905 38835784
539167 4283723
-1
87422 851865
3392656 51088507
3392656 51911412
539167 3339807
1961905 33613606
87422 2552995
-1
2803389 41449087
647657 10434737
-1
-1
647657 11199088
87422 1057173
-1
1961905 38362298
-1
-1
3392656 57598121
-1
-1
-1
3392656 50586926
1501073 12831914
3392656 62922523
-1
-1
3392656 59490803
-1
3392656 48141155
1592372 16347931
87422 1057173
-1
647657 10434737
3392656 62922523
-1
-1
-1
-1
-1
1592372 16347931
-1
-1
1961905 36580897
-1
-1
-1
-1
87422 3339807
3392656 50736964
1961905 38835784
3392656 59669445
-1
3392656 49919875
2803389 39966607
1961905 22273619
-1
-1
1961905 29578056
3392656 60636082
2803389 41969778
3392656 51088507
3392656 54048876
0 0
-1
-1
-1
1592372 16347931
-1
-1
-1
-1
2773839 39158035
1961905 30987519
1961905 21769651
1961905 32235361
1501073 12831914
1961905 36580897
-1
3392656 58092829
-1
-1
539167 4283723
-1
3392656 57462779
3392656 44732754
-1
1592372 16347931
3392656 57267892
-1
3392656 60222236
1961905 37409823
2803389 41969778
567698 8636446
647657 11199088
-1
1961905 31531893
3392656 55131110
3392656 51010367
87422 3339807
-1
87422 851865
1501073 11559238
-1
-1
-1
87422 1057173
1961905 31230274
1738836 21769651
3392656 62915011
-1
567698 9483781
-1
-1
-1
3392656 59490803
3392656 53239887
-1
-1
-1
1738836 19511899
1961905 31531893
1961905 31531893
-1
-1
-1
1738836 19511899
3392656 58092829
-1
87422 1057173
-1
3392656 59664810
1961905 24425117
539167 4283723
3392656 46621295
1738836 18125592
3392656 47163364
-1
3392656 57290314
-1
3392656 51911412
-1
3392656 63078645
1961905 29578056
3392656 61152337
-1
3392656 57863758
-1
-1
1961905 22580390
3392656 57267892
-1
-1
-1
-1
-1
1961905 38835784
3392656 51088507
-1
1961905 29578056
-1
567698 9679239
1961905 38362298
-1
-1
1961905 38362298
-1
3392656 57267892
-1
567698 9679239
1738836 18125592
1592372 13321058
1961905 28003091
3392656 47163364
3392656 59261170
567698 9679239
-1
1961905 31709919
-1
567698 9679239
-1
-1
1961905 38362298
3392656 56105644
3392656 60636082
3392656 51687149
1592372 14810498
-1
539167 4222956
-1
567698 8636446
1961905 24652985
-1
-1
3392656 57462779
3392656 50736964
3392656 60222236
1592372 15277057
1961905 22273619
-1
-1
-1
1501073 12831914
-1
-1
-1
-1
1961905 22273619
3392656 57267892
-1
3392656 60222236
-1
-1
1961905 29578056
-1
1592372 15277057
567698 9679239
3392656 63078645
3392656 48187288
-1
-1
1592372 16347931
-1
-1
-1
1961905 38362298
539167 4283723
-1
-1
-1
1738836 19511899
-1
1961905 35402705
-1
567698 7388864
-1
-1
-1
3392656 60636082
3392656 63078645
-1
-1
3392656 62915011
3392656 51911412
-1
-1
-1
-1
-1
-1
-1
3392656 57267892
-1
539167 4283723
87422 1057173
3392656 57462779
-1
539167 4283723
647657 11199088
1592372 16347931
-1
-1
-1
3392656 60222236
1961905 38362298
87422 1057173
-1
-1
3392656 57267892
-1
539167 5309544
3392656 53753568
3392656 59977796
-1
1961905 38835784
3392656 48077494
-1
2803389 41954768
-1
-1
-1
3392656 63078645
1961905 38835784
-1
-1
1961905 38362298
-1
-1
1592372 14810498
-1
1961905 29578056
647657 10591031
1738836 21769651
1592372 15277057
-1
-1
1961905 31531893
1961905 29578056
1961905 38835784
1961905 38835784
-1
1738836 19843856
567698 9807551
-1
-1
1738836 19511899
3392656 62915011
-1
1961905 32008512
539167 5051019
-1
-1
1961905 38362298
1738836 18125592
1961905 22466480
1961905 34935828
567698 9483781
1961905 29578056
1738836 21769651
3392656 50736964
-1
1961905 29578056
-1
87422 3339807
-1
3392656 62915011
87422 3339807
647657 10591031
-1
1592372 15277057
-1
3392656 59490803
3392656 62915011
1961905 24425117
-1
220673 3339807
-1
567698 9483781
3392656 45800126
3392656 56417383
-1
-1
-1
-1
-1
87422 957344
1351746 11199088
-1
-1
-1
-1
539167 6587820
-1
-1
-1
-1
-1
1501073 12831914
1961905 38362298
1592372 15277057
567698 9483781
-1
1961905 31230274
-1
-1
-1
1961905 23337527
-1
3392656 62915011
1961905 39158035
1592372 14380860
-1
-1
-1
3392656 59490803
567698 9679239
1961905 29578056
3392656 45800126
87422 1057173
-1
-1
1738836 19511899
-1
3392656 48918129
-1
-1
-1
539167 4283723
-1
3392656 47163364
539167 3339807
-1
539167 3339807
-1
3392656 46621295
3392656 62915011
3392656 45800126
1738836 21769651
647657 10591031
-1
-1
567698 9679239
2803389 40661997
567698 9483781
-1
3392656 60636082
-1
-1
-1
-1
1961905 23337527
3392656 49024166
539167 4283723
3392656 51911412
1961905 29578056
1961905 32274685
-1
539167 5051019
-1
1961905 31738623
-1
3392656 48918129
3392656 60627007
647657 10434737
539167 6330143
-1
3392656 63078645
-1
-1
-1
-1
1961905 38835784
3392656 46275368
-1
-1
567698 9679239
-1
1961905 28702265
3392656 48918129
1961905 25983535
1592372 15277057
1961905 23654971
647657 11199088
-1
-1
-1
647657 11199088
1961905 39158035
3392656 56105644
1501073 12831914
-1
3392656 48918129
1738836 19511899
2803389 41969778
1592372 16347931
-1
3392656 50736964
1961905 38362298
-1
-1
1738836 21769651
-1
3392656 62484022
-1
1738836 19511899
567698 9203057
-1
-1
-1
-1
647657 10434737
87422 1057173
539167 5051019
-1
-1
-1
1961905 39155227
3392656 63078645
-1
3392656 56105644
539167 3845214
-1
1592372 15277057
-1
1738836 19511899
567698 7388864
-1
1961905 22580390
3392656 54329055
1961905 31531893
539167 5309544
2803389 41969778
-1
-1
-1
539167 4283723
-1
-1
0 0
-1
-1
3392656 55835437
539167 5877382
2803389 42691456
-1
-1
-1
-1
1501073 11307537
3392656 63078645
1961905 38835784
-1
1961905 23999731
-1
87422 2645421
87422 3076889
1501073 12831914
539167 5309544
-1
1501073 11308448
-1
1738836 21769651
1738836 21769651
-1
2803389 43467415
-1
1961905 22684253
647657 10591031
3392656 50938428
87422 3339807
-1
87422 3339807
-1
-1
1592372 15747505
87422 3339807
3392656 63078645
-1
539167 4283723
-1
-1
1738836 21769651
-1
-1
3392656 51911412
1961905 34218026
3392656 55483935
3392656 59490803
3392656 52533348
3392656 56105644
-1
1961905 22398734
-1
-1
-1
539167 5309544
-1
2803389 41969778
3392656 60636082
-1
1961905 31230274
-1
1961905 31230274
1961905 25617384
647657 11199088
3392656 50736964
-1
1961905 21769651
-1
1961905 29578056
1738836 16969423
567698 7388864
87422 3339807
1961905 38362298
-1
3392656 62915011
2803389 41969778
1961905 29578056
2803389 43363439
1961905 21769651
-1
-1
539167 4283723
1961905 25130633
-1
3392656 47163364
-1
3392656 45800126
1961905 22580390
1961905 22580390
-1
-1
87422 2552995
3392656 51088507
-1
-1
-1
1961905 39158035
1961905 38835784
-1
3392656 47163364
-1
3392656 48918129
-1
567698 7825933
-1
-1
1961905 29578056
1961905 21910607
-1
1501073 12831914
-1
-1
567698 9203057
-1
1961905 38737276
-1
567698 9679239
-1
3392656 49919875
-1
-1
2803389 42495427
-1
2803389 41969778
3392656 46621295
3392656 51911412
1961905 29578056
-1
1961905 22273619
1961905 37397801
3392656 51911412
-1
1961905 38362298
1738836 16385850
-1
3392656 57462779
-1
1961905 22273619
1961905 22580390
-1
647657 11199088
1738836 19511899
647657 10913195
-1
-1
-1
-1
1738836 19511899
-1
1592372 15277057
-1
3392656 45800126
-1
1738836 18125592
-1
-1
-1
3392656 51088507
1961905 29578056
-1
-1
-1
2803389 39343969
647657 11199088
567698 9483781
-1
567698 9679239
539167 4283723
-1
-1
-1
-1
-1
-1
-1
3392656 58092829
539167 4283723
3392656 44866119
-1
1738836 16385850
3392656 47163364
1961905 38835784
-1
-1
1592372 14932365
3392656 58092829
3392656 45800126
-1
1592372 15277057
-1
-1
3392656 50736964
539167 5051019
-1
1961905 29578056
-1
-1
-1
-1
-1
-1
3392656 51088507
-1
-1
3392656 57267892
3392656 63078645
87422 2552995
1961905 31531893
1592372 14810498
87422 1966801
-1
2803389 42389579
-1
647657 11199088
1961905 28744208
539167 5051019
-1
3392656 46345189
-1
539167 5051019
1592372 14945624
3392656 60636082
1961905 22580390
2409129 39158035
2803389 41969778
-1
-1
539167 5309544
-1
3392656 51088507
-1
-1
-1
-1
567698 9679239
-1
-1
-1
-1
1961905 29578056
1961905 21769651
1738836 21161490
-1
3392656 50736964
-1
3392656 50736964
3650728 63443453
-1
-1
1961905 29578056
-1
-1
3392656 59490803
-1
-1
539167 3339807
-1
-1
1961905 34356369
1961905 38835784
-1
1501073 12831914
-1
1738836 18125592
-1
567698 8636446
3392656 46621295
-1
1961905 32345265
-1
-1
-1
3392656 62915011
3392656 62915011
-1
539167 4283723
567698 9203057
-1
-1
-1
-1
-1
-1
1961905 24631638
3392656 63078645
-1
3392656 59329143
-1
-1
567698 7388864
-1
-1
-1
1961905 21769651
-1
-1
-1
-1
1592372 16347931
1961905 25466029
-1
-1
3392656 62915011
1961905 30187654
-1
539167 5309544
87422 2037639
1738836 21769651
-1
-1
-1
1738836 21769651
-1
-1
1961905 26138762
539167 5051019
1662355 16347931
3392656 51911412
2803389 40325152
-1
1961905 21769651
-1
-1
-1
3392656 45800126
-1
-1
539167 4975302
-1
-1
-1
-1
-1
1592372 16347931
-1
87422 3339807
-1
-1
-1
1592372 15277057
567698 9483781
539167 5309544
0 0
-1
-1
2803389 41969778
3392656 48918129
-1
3392656 58092829
3392656 57267892
3392656 51911412
1592372 16293832
-1
567698 9483781
1572211 13193964
1738836 21769651
-1
3392656 48633463
-1
-1
-1
2803389 43561553
-1
87422 2552995
1592372 16347931
1738836 18125592
647657 10434737
-1
3392656 51088507
87422 2552995
1961905 22273619
-1
3392656 59490803
-1
-1
3392656 51877865
-1
3392656 55070680
-1
-1
1961905 30996759
87422 2552995
87422 2552995
1738836 21769651
1501073 12831914
-1
539167 3380013
1961905 31230274
1738836 21769651
3392656 51088507
1738836 21769651
3392656 56105644
-1
-1
1738836 18763039
3392656 48411102
-1
-1
3392656 57267892
539167 6748418
1961905 29578056
-1
87422 851865
-1
3392656 55582567
1961905 29578056
567698 9679239
-1
-1
2803389 41969778
-1
-1
3392656 63078645
1961905 24425117
1961905 24425117
-1
1592372 15277057
-1
-1
-1
1961905 38835784
-1
1961905 33448028
3392656 53015849
-1
-1
87422 2552995
-1
-1
1961905 23168410
3392656 48141155
647657 10591031
1961905 29578056
87422 2552995
-1
-1
-1
-1
87422 851865
-1
-1
-1
-1
-1
3392656 63078645
3392656 46621295
-1
87422 1057173
-1
1501073 12831914
-1
-1
-1
-1
3392656 62408505
1961905 38362298
3392656 57220071
1961905 23987357
-1
-1
-1
567698 9679239
-1
-1
539167 6850489
1592372 15277057
1961905 21769651
3392656 57083213
-1
-1
-1
-1
87422 851865
3392656 62915011
3392656 63078645
-1
3392656 50678096
3392656 45800126
539167 4283723
-1
-1
-1
539167 4283723
1592372 16347931
-1
0 0
87422 3076889
1738836 19511899
-1
-1
-1
3392656 59490803
-1
2803389 41969778
1738836 21769651
567698 9483781
1961905 29578056
3392656 57267892
3392656 46621295
-1
3392656 44384014
-1
-1
-1
567698 8636446
87422 3339807
3392656 51911412
3392656 63078645
-1
1961905 32647243
1961905 24425117
1738836 19511899
-1
1738836 17319613
1478770 11199088
1961905 29578056
3392656 62915011
1961905 37624196
1961905 23337527
3392656 50678096
1961905 29578056
1961905 36580897
1961905 23337527
-1
3392656 48679707
-1
-1
1961905 21769651
-1
-1
3392656 60680169
-1
-1
-1
1961905 27651015
3392656 47163364
1592372 16347931
567698 9679239
-1
1592372 16049254
-1
1961905 21769651
567698 9679239
-1
3392656 48481683
3392656 60636082
1961905 26377178
3392656 59490803
-1
1961905 26336407
-1
-1
3392656 54820309
-1
-1
-1
647657 10434737
-1
539167 3339807
-1
1961905 24425117
539167 4283723
3392656 51911412
-1
-1
647657 10434737
-1
-1
-1
3392656 57267892
-1
3392656 48141155
567698 9679239
-1
3392656 47984197
-1
87422 851865
-1
1961905 29578056
-1
539167 4214168
-1
539167 5309544
3392656 60222236
1961905 38362298
-1
539167 3339807
-1
3392656 47163364
-1
3392656 47163364
1592372 15277057
539167 5309544
-1
539167 4283723
-1
1592372 16347931
1592372 15277057
3392656 60636082
-1
-1
-1
-1
-1
0 0
567698 7388864
1961905 38835784
-1
-1
-1
-1
3392656 63078645
647657 10284052
567698 9679239
567698 9679239
-1
3392656 48537974
-1
1592372 15277057
-1
1738836 17477750
87422 3339807
-1
-1
87422 1481074
1738836 19511899
-1
-1
-1
-1
539167 4283723
647657 10434737
-1
-1
-1
-1
2803389 40325152
-1
-1
-1
-1
-1
1961905 29578056
-1
1738836 21769651
1592372 14810498
1738836 21769651
-1
3392656 62915011
1592372 16347931
2803389 41969778
567698 9679239
539167 4283723
647657 11079507
1501073 11482647
-1
1961905 37004563
-1
1961905 31531893
-1
87422 851865
1592372 14810498
3099138 44163853
1738836 21769651
3392656 57462779
2803389 40325152
1961905 31531893
3392656 51911412
-1
-1
-1
-1
-1
3392656 62915011
-1
1961905 25593209
1592372 15277057
-1
-1
-1
3392656 57267892
-1
3392656 57267892
3392656 54225124
-1
-1
1961905 38835784
87422 3339807
1961905 39158035
1738836 19511899
567698 9679239
-1
-1
-1
1961905 38835784
0 0
-1
1961905 38362298
-1
567698 9483781
-1
1961905 38835784
-1
3392656 51088507
-1
-1
-1
-1
1961905 31230274
87422 3076889
-1
-1
-1
-1
-1
-1
-1
647657 10434737
-1
-1
-1
-1
-1
3392656 57462779
-1
-1
1961905 38835784
87422 851865
1961905 29578056
1961905 29177999
-1
-1
647657 11199088
3392656 59490803
-1
1193464 11199088
1961905 29578056
-1
539167 3339807
-1
3392656 62915011
647657 11199088
87422 851865
-1
-1
-1
87422 3339807
647657 10591031
-1
-1
-1
3392656 50678096
-1
-1
647657 10434737
1961905 22580390
567698 9483781
-1
-1
-1
-1
3392656 56525763
3392656 63078645
3392656 63078645
647657 11199088
-1
3392656 62376190
3392656 59490803
3392656 57267892
-1
3392656 62915011
1738836 18125592
1592372 15277057
1592372 15277057
647657 10434737
3392656 51007532
-1
-1
3392656 50736964
1961905 24425117
-1
-1
-1
1961905 29578056
3392656 50736964
3392656 47163364
539167 4283723
-1
-1
-1
1961905 38835784
-1
-1
-1
-1
-1
1738836 20431163
3392656 45800126
-1
-1
3392656 48918129
-1
3392656 44812282
3392656 55842209
1961905 31498636
1961905 31230274
-1
567698 8636446
-1
3392656 56105644
-1
-1
1961905 31531893
1592372 16347931
-1
-1
-1
1961905 21769651
3392656 60222236
1961905 29578056
1961905 21769651
-1
3392656 48918129
-1
1961905 32274685
-1
-1
1961905 38835784
87422 851865
87422 1057173
-1
1961905 39158035
1961905 33540133
1738836 19511899
-1
-1
1592372 16347931
647657 10703829
-1
-1
1961905 35653782
1961905 24425117
-1
-1
567698 9483781
1961905 26481985
-1
-1
3392656 47584694
1501073 12831914
3392656 47163364
-1
539167 4283723
539167 4781927
-1
1961905 23337527
3392656 54087851
2803389 41969778
-1
-1
1738836 19511899
1961905 22121220
567698 9483781
539167 5051019
1738836 16889996
-1
3392656 63078645
-1
3392656 51911412
-1
1592372 16347931
1961905 38835784
-1
2803389 41969778
-1
87422 1057173
-1
-1
1961905 29578056
-1
-1
-1
539167 6574897
539167 4283723
0 307829
-1
1961905 39158035
-1
3392656 62915011
-1
87422 1235620
1961905 30153867
-1
1501073 12831914
3392656 52526502
-1
-1
1738836 21769651
3392656 51911412
-1
2803389 41969778
1961905 32274685
-1
-1
3392656 50678096
-1
567698 9679239
1961905 22580390
1961905 38835784
-1
-1
539167 5051019
1961905 29578056
1961905 31531893
3392656 60636082
-1
-1
1961905 26929735
-1
1738836 21769651
3392656 59666319
-1
3392656 56392898
1501073 12831914
3392656 57342038
1961905 29578056
567698 9203057
-1
-1
-1
3392656 57267892
1961905 37216790
539167 4283723
647657 11148626
1738836 21769651
-1
2803389 41969778
87422 1057173
-1
-1
539167 4283723
-1
-1
-1
-1
-1
87422 3339807
-1
567698 9679239
567698 9203057
-1
-1
3392656 50954893
-1
1592372 16347931
87422 851865
-1
-1
87422 851865
539167 4283723
1961905 32397061
3392656 51911412
-1
1592372 16347931
3392656 51911412
1961905 38835784
3392656 63078645
-1
3392656 52463777
-1
1961905 22580390
1738836 21769651
539167 5309544
1738836 17424163
-1
-1
-1
3392656 51088507
1961905 37074184
3392656 48918129
3392656 47163364
-1
-1
1961905 38362298
-1
-1
3392656 50736964
-1
-1
87422 1057173
1501073 12831914
87422 1057173
3392656 48369695
-1
-1
647657 10591031
1738836 18125592
-1
-1
-1
-1
1738836 18125592
-1
-1
2803389 41969778
1961905 29578056
-1
3392656 51911412
539167 4116368
1961905 36498154
-1
-1
1738836 18435573
-1
539167 5309544
-1
-1
-1
1961905 38835784
-1
-1
-1
1961905 31017713
2803389 39288426
647657 11199088
-1
3392656 48918129
1592372 14749946
539167 5051019
539167 4283723
-1
1961905 29578056
-1
539167 4222956
1961905 31230274
-1
-1
-1
-1
-1
647657 10434737
3392656 51088507
3392656 59815881
87422 1057173
3392656 50736964
3392656 56105644
-1
-1
-1
-1
1961905 29578056
647657 10434737
-1
1592372 13796056
-1
-1
539167 4283723
1592372 15277057
3392656 44561525
-1
-1
567698 7388864
1592372 16347931
3392656 56105644
1501073 11728079
3392656 47163364
1961905 25114406
3392656 49776891
3392656 46621295
-1
3392656 45800126
-1
3392656 56105644
-1
3392656 63078645
-1
1961905 31031930
87422 3339807
-1
3392656 63078645
-1
-1
-1
1738836 21769651
1961905 22580390
-1
1961905 29578056
1738836 19511899
-1
-1
567698 9679239
1738836 17900842
3392656 60636082
-1
-1
3392656 51911412
-1
567698 8636446
3392656 59490803
539167 3339807
-1
-1
3392656 50782802
567698 7388864
-1
1961905 22580390
567698 9483781
1738836 18125592
-1
-1
-1
-1
3392656 48918129
1961905 29960441
2803389 41969778
567698 9679239
-1
-1
-1
-1
87422 3339807
3392656 50678096
567698 9507201
-1
1961905 38835784
-1
-1
-1
0 0
-1
-1
1961905 35000912
-1
87422 3339807
-1
87422 2552995
-1
-1
-1
-1
1961905 31865154
-1
-1
-1
3392656 59490803
-1
3392656 60636082
-1
1961905 36653796
539167 3339807
-1
-1
-1
-1
3392656 57391303
-1
647657 11199088
3392656 48141155
647657 11199088
567698 9679239
3392656 59490803
1961905 32274685
1738836 21769651
567698 9679239
87422 1424956
3392656 45800126
539167 5294959
-1
-1
539167 5051019
1961905 24425117
3392656 57655791
-1
-1
567698 9483781
-1
1961905 22580390
-1
3392656 48141155
-1
-1
-1
1738836 19511899
567698 9679239
-1
1961905 25498475
1961905 23337527
-1
1592372 16347931
-1
-1
1592372 13216763
3392656 60222236
1738836 21374207
87422 3339807
1501073 12046799
3392656 53906414
-1
-1
1592372 16347931
3392656 51911412
1961905 31689170
567698 7388864
1961905 21798723
-1
-1
-1
1961905 29578056
647657 11199088
87422 1057173
-1
-1
1738836 21769651
3392656 57267892
3392656 60636082
-1
-1
-1
-1
3392656 62915011
-1
1592372 16347931
-1
-1
1961905 38362298
3392656 50736964
-1
-1
1961905 29578056
647657 10434737
3392656 59584832
1738836 21769651
539167 5309544
-1
-1
3392656 62922523
1738836 18117314
1592372 15962845
-1
-1
-1
-1
-1
-1
3392656 62915011
1961905 36188717
-1
-1
-1
-1
-1
-1
-1
3392656 50736964
-1
3392656 50736964
1592372 13405050
3392656 47163364
539167 5309544
1738836 21769651
2803389 42988940
-1
1738836 21769651
-1
-1
539167 4283723
3392656 62915011
567698 9483781
-1
3392656 60782884
1961905 37828028
-1
-1
1501073 12831914
3392656 60636082
1738836 21769651
1961905 38362298
539167 5309544
-1
-1
3392656 62915011
-1
-1
-1
1738836 21769651
-1
-1
-1
3392656 60222236
-1
1592372 16347931
-1
-1
-1
1592372 16347931
3392656 57267892
-1
1738836 20002500
-1
-1
-1
647657 11199088
3392656 62915011
3392656 47163364
-1
87422 851865
-1
1738836 21769651
-1
-1
3034364 44163853
3392656 57349426
-1
-1
1961905 38362298
3392656 60636082
-1
3392656 55821291
1592372 14810498
-1
-1
567698 7388864
-1
-1
1738836 21769651
3392656 60425141
3392656 60222236
1961905 38835784
-1
-1
1592372 13649048
-1
-1
1961905 31230274
3392656 46659051
3392656 60222236
-1
-1
-1
567698 9679239
1592372 14617263
3392656 53483594
539167 5051019
-1
-1
-1
-1
-1
3392656 62922523
1961905 38473813
-1
-1
-1
-1
-1
-1
1961905 36797789
-1
567698 9483781
-1
-1
87422 903324
539167 4283723
-1
-1
3392656 50875798
1961905 29578056
3392656 57267892
1592372 16347931
-1
3392656 53258476
3392656 56109906
87422 2552995
539167 4283723
-1
1961905 38835784
3392656 60636082
567698 9679239
647657 11199088
-1
1738836 19511899
87422 1057173
-1
87422 2552995
3392656 50736964
1961905 29578056
1961905 24425117
87422 3339807
567698 9679239
-1
-1
1738836 19511899
1592372 14810498
1961905 38835784
1592372 14084916
-1
3392656 59490803
3392656 58092829
1961905 21769651
539167 4283723
-1
-1
1961905 28888459
567698 9679239
-1
3392656 57418658
1961905 23928021
539167 4283723
567698 9679239
3392656 60222236
-1
1738836 18415878
1592372 15277057
-1
-1
-1
-1
1501073 12831914
1961905 38835784
-1
-1
-1
-1
3392656 60636082
3392656 63078645
-1
-1
-1
-1
-1
1592372 15458381
567698 9679239
3392656 62915011
3392656 47163364
1961905 38835784
-1
539167 5051019
87422 3339807
-1
-1
3392656 60222236
1961905 22273619
-1
1738836 18125592
539167 4283723
-1
-1
3392656 59490803
3392656 51911412
539167 4283723
-1
87422 851865
1961905 31230274
-1
-1
-1
539167 4283723
-1
-1
539167 4283723
3392656 50736964
1961905 37804495
3392656 51911412
3392656 56105644
-1
1961905 38362298
-1
3392656 50678096
1961905 34495502
-1
-1
1961905 29578056
3392656 57267892
647657 11199088
1738836 18125592
1961905 39158035
-1
1961905 29578056
3392656 60636082
-1
0 0
-1
-1
3392656 57462779
-1
-1
3392656 48643531
1592372 16347931
-1
-1
-1
539167 4283723
2803389 43727420
567698 9679239
3392656 55439381
-1
1961905 30929810
-1
-1
3392656 63078645
-1
-1
-1
-1
-1
-1
-1
1592372 15277057
-1
-1
3392656 57499097
567698 9679239
1961905 22684253
1961905 32274685
-1
3392656 48141155
-1
-1
2803389 39579365
3594461 63443453
-1
-1
1738836 16385850
-1
0 0
-1
-1
1738836 21769651
-1
647657 10591031
-1
567698 9483781
3392656 44533823
3392656 51911412
3392656 63078645
3865096 63443453
186527 3339807
539167 4283723
-1
3392656 44376596
-1
3392656 50736964
1961905 31230274
1592372 15665483
539167 3339807
3392656 57267892
1592372 16347931
3392656 47163364
539167 5309544
1592372 14810498
-1
1961905 38835784
647657 10434737
2803389 41332048
1592372 13286891
-1
1738836 21769651
3392656 51088507
-1
-1
-1
1961905 24425117
3392656 51088507
539167 4283723
3392656 58541736
3392656 46621295
-1
1961905 23337527
3392656 45135256
-1
-1
1961905 29578056
539167 4283723
-1
-1
-1
-1
-1
-1
3392656 47163364
-1
-1
-1
-1
-1
-1
1738836 21769651
87422 2552995
-1
-1
-1
-1
-1
567698 9483781
539167 4222956
567698 7388864
1961905 23337527
3392656 63078645
-1
-1
