3
150 2500
000000000000000000000000000000000000000000000000000000000000000000000000000000000000000000000000000000000000000000000000000000000000000000000000000000
111111111111111111111111111111111111111111111111111111111111111111111111111111111111111111111111111111111111111111111111111111111111111111111111111111
??????????????????????????????????????????????????????????????????????????????????????????????????????????????????????????????????????????????????????
120 2800
000000000000000000000000000000000000000000000000000000000000000000000000000000000000000000000000000000000000000000000000
?1?1?1?1?1?1?1?1?1?1?1?1?1?1?1?1?1?1?1?1?1?1?1?1?1?1?1?1?1?1?1?1?1?1?1?1?1?1?1?1?1?1?1?1?1?1?1?1?1?1?1?1?1?1?1?1?1?1?1?1
0?1?0?1?0?1?0?1?0?1?0?1?0?1?0?1?0?1?0?1?0?1?0?1?0?1?0?1?0?1?0?1?0?1?0?1?0?1?0?1?0?1?0?1?0?1?0?1?0?1?0?1?0?1?0?1?0?1?0?1?
100 2200
0000000000000000000000000000000000000000000000000000000000000000000000000000000000000000000000000000
????????????????????????????????????????????????????????????????????????????????????????????????????
0101010101010101010101010101010101010101010101010101010101010101010101010101010101010101010101010101
