100 1151 99 185
311 163 942 124 251 358 128 489 825 479 1009 573 275 183 508 127 947 767 1137 28 276 421 1112 692 532 348 596 786 774 89 1061 449 28 428 553 179 536 835 53 162 1143 378 57 636 989 427 1009 355 1069 996 717 128 148 897 719 734 83 124 988 992 1029 989 988 156 974 132 604 633 212 1138 913 936 359 18 26 880 782 706 496 493 1122 481 936 5 104 176 231 913 648 1067 1073 28 288 380 1003 1129 800 387 98 959 
2 1
3 1
4 1
5 4
6 1
7 5
8 7
9 2
10 5
11 5
12 2
13 9
14 4
15 14
16 5
17 15
18 15
19 8
20 6
21 1
22 18
23 15
24 20
25 22
26 20
27 3
28 24
29 12
30 29
31 2
32 5
33 30
34 15
35 13
36 9
37 20
38 35
39 37
40 16
41 29
42 33
43 21
44 6
45 30
46 45
47 6
48 16
49 47
50 36
51 40
52 35
53 14
54 16
55 42
56 19
57 42
58 17
59 4
60 45
61 49
62 16
63 62
64 8
65 57
66 6
67 40
68 49
69 53
70 68
71 67
72 15
73 44
74 70
75 12
76 42
77 20
78 48
79 37
80 9
81 52
82 46
83 14
84 74
85 9
86 70
87 55
88 36
89 45
90 78
91 83
92 72
93 17
94 44
95 65
96 46
97 8
98 65
99 41
100 52
