5000 17 9 7
14 4 15 4 7 15 2 9 10 11 14 8 2 5 12 7 8 13 2 15 4 8 16 14 5 6 0 4 8 7 14 9 4 4 6 5 2 3 16 9 14 7 9 4 16 6 4 4 11 1 8 2 15 14 3 8 5 1 11 0 1 6 15 12 1 2 1 3 13 2 8 13 2 14 3 2 8 11 12 10 14 14 14 6 16 5 15 5 16 1 12 0 7 2 8 15 7 9 14 4 7 6 0 5 14 13 7 9 12 11 8 15 5 5 12 14 11 15 0 10 5 6 16 2 14 4 11 14 2 6 14 8 2 11 1 11 3 12 16 6 13 0 7 12 10 1 9 10 2 11 16 7 8 10 16 6 3 9 0 4 8 13 9 3 1 2 13 8 15 11 15 0 6 1 11 1 3 0 7 13 12 10 2 1 8 7 11 2 14 15 13 6 10 11 6 14 12 2 9 12 11 10 8 12 2 1 15 13 5 15 6 0 9 5 9 8 0 8 8 16 11 11 0 0 9 7 1 7 6 3 13 5 1 14 5 1 1 10 0 6 8 1 1 6 4 1 6 11 10 6 2 7 14 0 3 0 14 11 7 15 16 13 13 8 3 12 0 9 10 16 8 6 11 11 0 8 8 3 5 12 12 8 14 11 2 6 11 15 11 7 0 7 11 9 14 4 0 11 8 1 4 1 2 8 1 2 12 15 8 5 0 2 8 3 1 10 3 5 1 1 6 13 6 3 11 15 14 9 12 10 15 14 5 1 15 7 3 14 4 10 5 10 8 9 9 6 1 16 3 16 2 8 7 11 8 9 6 16 2 5 5 6 16 4 1 2 1 0 5 11 0 2 4 5 6 0 12 12 14 14 10 2 14 9 1 11 13 10 15 2 0 12 3 9 3 16 11 0 14 1 9 11 9 10 8 8 14 15 10 3 12 5 0 16 6 1 5 15 4 8 15 14 14 14 4 7 14 15 1 16 16 7 16 8 9 0 9 8 9 7 3 13 11 3 14 8 12 16 8 6 12 8 8 15 12 14 14 10 11 9 15 6 1 2 13 15 9 0 6 9 5 4 15 12 2 12 10 1 9 2 4 7 6 9 11 15 2 8 7 11 5 12 4 2 10 1 10 15 5 14 12 13 0 15 0 6 4 4 15 4 12 4 5 16 11 4 15 14 16 12 5 8 9 12 1 7 3 14 2 13 16 2 4 7 1 15 6 9 7 13 3 0 12 3 5 4 4 5 6 2 16 16 15 6 1 11 16 16 1 9 2 16 9 15 12 7 15 6 12 1 4 4 2 0 9 12 14 9 8 6 4 15 0 13 15 15 12 4 15 15 3 10 10 10 3 15 4 16 10 12 11 12 13 1 11 10 1 12 15 0 16 16 15 8 5 10 10 8 11 0 12 9 12 11 8 3 4 14 10 13 16 5 9 13 8 10 16 16 15 9 3 0 0 1 15 16 0 10 7 4 4 0 6 1 10 2 3 7 10 15 4 15 12 15 15 11 15 9 5 3 6 0 14 1 13 7 1 12 14 1 12 5 12 15 7 6 3 8 14 12 5 7 4 1 2 4 0 10 7 3 9 13 16 7 15 10 16 8 0 9 5 2 0 16 5 15 10 3 14 6 1 14 4 12 16 9 0 16 1 15 2 11 12 5 0 14 13 10 10 2 11 16 7 4 3 9 14 9 6 8 6 4 12 7 10 0 3 8 14 10 7 9 12 15 11 0 15 0 0 7 4 3 13 4 6 13 7 7 13 16 13 12 10 6 9 8 0 4 6 16 1 9 4 2 8 1 6 8 3 16 11 5 3 15 8 14 16 8 0 15 1 15 12 5 2 3 7 6 2 9 11 13 11 8 15 2 2 14 2 6 6 14 8 7 3 5 2 7 0 8 8 1 15 2 8 7 8 1 0 9 14 16 5 8 5 4 16 7 8 10 9 1 7 7 16 13 4 7 9 1 11 1 13 16 11 5 0 4 6 5 6 0 2 15 4 2 16 1 9 2 7 13 7 8 4 9 1 12 1 16 5 3 8 4 12 14 16 0 14 9 11 4 8 12 13 3 10 4 11 3 12 4 9 10 4 16 16 9 10 8 13 15 14 7 8 12 13 6 11 11 4 0 1 12 8 2 7 2 5 9 10 14 4 11 12 6 5 12 15 1 10 4 11 0 11 8 10 16 10 6 13 0 3 10 1 1 11 14 4 10 1 16 14 6 12 11 15 9 8 3 5 2 12 8 10 3 1 7 6 8 13 7 5 7 3 1 0 10 15 16 6 7 15 7 10 12 11 16 11 13 13 2 6 0 8 2 10 10 5 4 12 5 9 3 16 6 5 1 3 4 10 15 1 3 2 4 7 13 6 3 9 9 5 9 9 16 16 13 12 8 14 6 16 10 12 14 14 5 7 14 16 2 10 10 16 16 13 16 6 12 12 14 11 0 12 5 3 12 6 13 4 16 6 1 15 11 0 11 12 9 4 6 4 13 0 14 5 3 12 8 16 16 13 16 3 10 7 12 5 16 13 15 2 9 6 14 14 16 0 13 14 10 10 16 9 2 12 6 10 8 12 14 9 10 0 7 16 12 10 15 13 11 0 16 14 11 10 3 6 2 8 8 7 4 5 8 8 2 15 14 11 13 6 6 12 10 11 15 6 2 7 14 13 11 13 3 15 4 12 2 5 2 9 13 2 3 10 13 3 10 4 7 15 2 15 7 13 15 6 10 12 2 15 12 3 1 0 2 14 16 9 14 6 14 14 15 8 10 4 16 1 2 0 6 13 8 6 4 6 11 1 3 12 13 0 0 12 8 12 3 12 5 7 13 1 11 9 10 0 9 6 6 5 6 1 3 0 4 0 0 16 14 4 8 2 11 16 7 11 7 14 8 5 16 14 15 2 10 13 4 12 6 9 3 4 4 15 9 3 10 16 0 6 2 3 0 6 14 12 12 2 6 7 14 9 5 0 2 5 3 16 10 0 2 11 3 10 10 0 10 11 13 2 8 4 12 2 13 12 14 13 5 12 4 0 1 15 14 10 6 5 9 2 5 13 7 1 11 9 10 11 2 3 16 11 12 15 9 4 7 8 16 13 4 12 7 6 8 5 9 16 3 15 0 15 0 1 2 15 11 14 4 15 6 14 0 13 13 12 16 11 5 8 14 15 12 4 1 3 3 12 6 3 11 1 4 11 13 7 2 9 1 16 4 14 1 3 4 16 12 5 0 15 9 3 9 10 16 13 1 11 14 9 12 14 4 7 7 16 11 1 0 2 12 1 8 9 15 3 16 0 7 2 11 9 6 9 14 9 12 2 12 16 11 13 6 10 5 5 12 2 7 2 9 10 4 12 14 16 14 15 15 6 11 0 16 15 8 13 5 12 4 15 3 16 7 7 16 4 16 12 4 14 13 3 4 16 0 12 0 15 3 3 8 7 0 1 7 2 15 3 1 2 0 3 12 11 16 2 12 3 16 13 0 4 7 10 6 12 7 10 14 16 6 0 10 1 2 15 4 10 5 8 13 12 7 1 10 10 2 0 11 16 12 10 13 3 3 10 1 0 1 6 4 14 5 5 15 1 16 15 9 13 11 5 15 10 4 9 16 15 8 14 12 8 13 16 4 13 6 3 9 11 12 3 0 10 15 12 4 13 7 1 1 11 3 10 7 0 1 15 11 13 10 12 11 14 3 6 3 1 7 11 7 4 14 4 8 15 8 4 6 0 8 4 15 1 14 14 16 2 4 12 4 4 8 15 2 7 16 16 15 14 1 7 11 6 11 0 15 6 1 8 12 15 3 16 3 1 16 7 9 0 6 3 11 16 15 1 0 6 6 13 12 7 16 8 13 8 0 15 5 0 6 15 1 3 13 0 3 2 15 12 6 11 11 8 4 11 10 10 6 5 12 8 14 14 14 9 3 8 1 6 1 5 0 11 5 10 7 11 16 3 11 10 16 7 1 7 8 0 15 11 3 9 2 12 1 14 0 3 9 1 7 7 0 16 1 11 12 13 10 4 5 3 4 9 0 12 3 4 5 7 5 11 3 11 11 8 0 11 6 4 10 7 9 3 5 3 3 7 3 3 11 14 12 13 10 4 14 11 5 2 10 15 13 13 11 11 3 16 8 5 15 10 11 10 3 5 11 9 1 16 9 5 6 14 14 15 11 6 1 10 1 3 12 16 16 1 0 7 13 1 6 2 9 8 1 4 7 3 2 7 5 8 12 14 12 12 15 4 0 5 9 11 1 15 2 15 4 13 4 1 12 11 2 4 8 10 15 6 11 8 16 8 5 2 5 16 0 15 14 4 14 14 11 12 3 2 11 15 14 2 13 10 8 11 1 4 11 3 4 8 0 12 16 6 1 11 1 1 12 10 2 12 12 0 3 12 2 11 4 4 0 2 9 11 16 3 5 15 6 12 9 6 0 10 11 0 4 3 5 10 13 13 8 5 12 4 10 3 4 4 2 4 16 4 7 13 16 14 15 12 15 6 5 8 9 5 9 6 9 4 6 5 15 9 3 10 3 5 9 15 8 12 11 12 7 4 6 12 8 13 5 6 5 1 13 9 6 9 10 7 1 16 4 10 6 0 5 14 0 7 14 12 9 14 13 15 5 0 6 10 9 8 12 6 15 7 6 3 10 3 11 9 1 3 11 6 16 16 0 6 2 12 8 11 1 0 8 9 12 6 15 6 5 11 7 2 2 1 2 7 14 16 15 1 12 9 2 11 13 3 4 9 2 1 15 3 5 3 7 0 16 7 11 16 4 4 13 15 9 8 8 12 6 3 14 15 10 12 7 2 2 0 4 2 15 13 7 4 15 5 14 6 3 8 12 15 6 10 1 3 13 15 6 15 15 5 9 13 3 16 11 14 16 8 12 0 4 0 14 10 3 2 9 10 12 0 9 7 0 1 6 10 16 16 11 0 2 12 4 6 10 1 14 7 16 13 9 16 14 2 2 8 5 9 5 16 11 1 2 9 9 11 8 9 2 15 15 1 8 12 0 16 13 15 1 8 15 7 1 3 1 1 8 4 15 11 11 15 12 4 2 15 13 14 1 12 7 1 10 14 1 15 1 10 15 8 1 1 10 13 5 10 14 14 13 5 11 1 13 1 5 15 7 2 12 10 10 8 8 3 1 15 9 2 14 7 11 3 2 0 0 9 15 1 10 4 16 7 8 2 14 5 9 2 8 2 14 15 2 13 1 1 1 9 0 7 7 15 1 12 14 2 8 13 12 4 14 0 10 12 11 7 15 13 13 1 12 5 9 9 12 9 10 5 11 16 6 0 8 7 10 9 2 7 10 9 14 2 12 0 2 12 16 15 10 8 0 0 9 13 11 7 10 6 10 16 3 6 1 7 6 11 7 9 3 13 2 10 8 3 10 15 8 0 0 13 15 10 6 6 14 14 14 7 6 14 0 1 4 13 3 7 12 14 16 10 4 0 15 11 0 11 4 7 2 2 9 8 3 7 7 1 0 10 9 16 3 8 3 16 3 8 3 10 5 3 7 1 4 8 0 12 2 7 12 13 12 2 0 11 5 0 14 4 12 0 15 2 15 14 2 0 13 11 15 4 1 7 11 13 13 15 2 15 15 3 15 16 15 13 2 6 15 0 11 6 13 14 9 10 8 6 6 11 1 2 6 5 9 9 0 0 8 4 11 9 10 0 13 14 15 10 16 16 15 1 2 13 16 5 4 0 4 13 5 10 4 6 4 11 2 0 1 8 16 1 6 7 1 13 13 8 11 7 9 9 0 10 8 9 6 9 8 14 13 2 9 15 10 13 6 7 15 14 11 5 4 4 0 9 10 13 3 5 3 11 7 6 2 16 15 10 15 16 2 1 12 7 10 15 14 13 0 1 14 16 2 15 8 16 16 8 9 14 10 8 10 6 9 12 7 14 10 3 14 8 0 11 4 15 8 11 9 8 12 10 13 6 15 4 7 16 0 7 4 5 2 15 13 3 13 14 13 15 7 4 12 3 13 2 14 13 12 1 4 5 14 16 16 10 7 3 9 7 12 11 5 9 12 1 14 9 13 7 3 7 6 5 0 0 5 10 10 9 10 13 0 12 8 3 12 9 9 1 1 14 12 9 2 0 8 6 8 5 2 7 1 2 10 0 9 1 5 6 0 1 12 0 13 13 10 9 15 7 15 3 8 15 1 0 5 3 7 6 8 0 13 8 13 7 2 5 5 13 6 15 6 11 6 15 7 11 5 10 0 1 4 12 7 14 16 4 13 11 5 14 7 11 9 8 15 1 3 6 4 2 16 14 15 6 13 15 14 10 9 4 8 3 14 8 11 2 4 16 13 6 12 13 15 14 2 9 8 6 15 4 9 16 3 12 15 0 6 12 2 13 6 6 6 16 5 4 3 13 16 11 2 1 1 12 13 14 7 2 13 7 3 11 7 10 8 9 8 0 12 3 14 14 13 7 0 16 16 7 12 16 11 8 3 16 9 13 4 0 3 4 14 2 1 3 6 0 7 3 2 10 7 12 0 13 6 13 1 2 5 4 9 4 9 7 0 9 16 16 16 15 2 3 0 6 15 8 4 5 11 14 9 7 12 7 11 14 3 5 2 11 9 4 8 2 5 8 8 1 15 15 10 3 6 2 12 6 10 3 16 3 13 4 3 10 3 3 4 15 12 9 14 15 12 5 11 6 8 7 7 10 10 6 15 8 6 11 16 3 8 11 12 11 1 14 14 12 16 10 1 12 4 1 7 13 9 9 14 12 2 10 1 12 16 15 8 5 4 15 3 7 7 13 3 4 16 2 2 14 3 15 1 9 6 16 5 16 12 4 6 8 6 9 15 3 0 4 1 13 13 16 2 12 0 9 3 5 11 2 15 15 2 8 6 11 3 0 4 14 3 12 15 11 10 14 13 16 3 11 11 6 0 7 2 15 16 9 9 5 0 16 11 5 15 3 6 10 15 3 1 4 5 8 16 4 0 11 12 0 4 12 10 5 2 16 11 7 10 13 0 9 2 13 8 1 0 0 9 13 0 10 1 5 7 3 12 15 1 10 15 8 9 11 0 6 7 16 7 8 12 12 4 0 15 4 0 10 6 5 4 2 10 6 14 5 6 6 6 8 4 5 2 1 2 8 3 15 16 14 13 2 1 0 7 4 14 2 6 8 9 7 9 4 12 8 0 7 9 16 6 3 8 14 3 7 7 13 16 1 9 4 2 0 1 2 14 6 15 2 15 15 10 2 15 15 10 11 3 8 2 11 3 4 6 7 2 10 8 14 5 13 16 14 2 11 3 8 11 5 8 6 6 3 2 10 12 11 14 8 0 12 12 3 14 13 4 14 11 13 10 10 10 10 0 4 6 15 2 5 10 12 9 0 11 12 3 10 10 9 12 14 16 5 3 1 10 4 5 1 3 5 7 3 14 3 12 11 15 14 12 10 1 14 12 9 2 14 14 16 10 10 8 8 11 16 1 12 5 6 7 12 2 6 12 7 16 1 13 5 9 12 4 6 0 2 4 0 4 11 13 9 3 6 2 12 2 5 10 2 6 15 16 3 2 15 4 6 1 1 16 0 13 7 4 11 8 9 8 6 15 3 9 16 4 1 16 12 13 0 11 1 9 1 15 7 16 1 5 5 6 13 2 14 9 5 3 8 2 1 3 3 3 3 2 3 5 14 9 11 5 11 2 1 5 11 3 9 7 6 9 0 5 10 4 4 10 14 2 16 4 10 14 0 11 6 14 15 7 4 15 15 7 0 1 2 16 5 4 1 7 1 9 3 8 9 4 15 7 10 0 16 11 6 8 11 3 3 15 16 8 10 2 12 1 9 9 15 1 11 14 2 4 15 5 4 13 6 7 13 8 11 3 11 10 13 14 8 6 3 4 7 12 2 16 14 16 4 6 6 5 2 12 14 11 5 1 13 14 8 6 16 12 2 13 0 7 2 14 9 10 10 0 2 14 2 11 12 1 0 5 16 3 5 2 15 16 12 2 11 10 3 0 16 7 16 16 13 15 13 12 0 9 13 14 10 7 6 1 2 6 15 12 10 0 11 14 9 14 13 5 5 10 15 1 5 5 3 15 14 0 16 7 12 13 4 0 8 16 10 0 12 7 9 10 11 5 12 14 16 11 8 5 8 8 14 10 12 4 11 15 14 4 7 0 16 16 10 3 6 7 10 9 7 16 5 8 8 12 10 2 10 4 15 14 7 10 13 10 8 11 11 9 8 16 11 16 14 16 0 2 8 9 8 7 6 0 12 12 2 14 9 1 2 8 15 4 4 16 4 5 3 11 11 14 13 6 15 4 2 3 16 1 13 4 10 16 11 6 1 3 10 15 13 13 0 6 9 10 4 14 2 16 4 5 14 16 14 4 6 4 7 15 16 5 6 2 14 5 4 15 9 16 5 15 13 11 11 3 15 16 5 7 6 2 12 6 7 8 13 14 3 16 5 10 12 14 0 6 14 3 2 5 0 9 2 8 11 10 0 8 8 9 3 2 13 13 0 16 6 15 12 4 15 4 1 15 10 13 11 10 12 0 1 8 15 13 10 16 7 0 2 13 9 15 14 5 5 15 5 13 4 4 6 9 8 10 12 16 0 9 11 5 13 7 3 4 7 15 11 10 16 3 9 15 1 15 8 13 2 9 3 4 3 7 8 8 13 6 5 4 10 16 13 7 13 13 5 4 6 10 3 6 3 1 6 4 12 12 8 11 8 8 11 5 3 4 16 2 10 2 12 10 1 2 10 11 14 0 1 14 1 16 12 3 14 12 5 4 5 10 16 4 8 5 10 14 1 12 9 7 2 0 6 15 3 1 3 12 7 5 1 15 16 5 14 9 7 2 8 12 5 5 0 4 12 7 5 9 14 4 4 1 3 8 14 5 12 5 6 5 10 8 7 13 0 5 3 8 6 1 12 14 11 7 1 12 3 4 15 12 6 9 1 15 16 7 16 7 10 3 5 1 4 5 9 13 15 16 16 12 15 7 2 3 11 7 3 1 13 3 13 5 16 16 13 12 8 8 5 16 5 2 7 12 4 5 5 7 10 1 2 10 1 15 9 15 8 1 1 8 10 11 0 3 13 7 9 2 3 0 14 11 12 3 8 1 13 6 0 14 1 4 9 13 10 11 14 0 0 9 8 11 3 8 11 10 4 11 16 3 5 10 2 12 2 8 10 6 0 10 7 10 0 0 11 7 9 6 9 6 7 2 10 4 2 15 15 10 1 7 13 10 0 10 6 9 5 9 13 14 14 2 14 0 6 1 10 16 15 9 15 13 7 10 11 12 0 8 0 4 3 16 11 7 12 3 8 10 0 1 8 2 1 16 9 8 4 8 14 0 7 13 12 1 9 2 13 13 3 7 10 14 7 2 5 5 7 9 6 6 4 7 13 16 9 2 2 15 9 12 8 13 5 7 14 14 4 8 15 14 6 8 3 13 11 14 15 14 6 11 11 0 13 6 5 8 9 16 10 14 14 5 4 4 13 6 8 0 1 15 11 9 15 14 15 11 8 8 13 14 5 10 15 11 12 14 1 4 13 15 2 2 3 6 16 10 10 7 9 8 2 4 5 6 1 16 10 13 9 7 5 15 5 3 16 13 14 12 3 8 12 8 12 15 13 11 9 4 13 13 10 1 12 9 14 2 3 2 11 3 10 0 6 6 15 0 3 11 0 15 16 8 8 14 4 6 16 8 10 8 6 16 9 2 5 7 11 7 5 3 8 6 3 7 5 3 1 10 4 2 13 12 0 0 9 13 12 0 13 9 16 6 3 4 16 8 4 2 13 8 15 14 11 15 2 13 12 13 0 7 0 2 11 4 8 4 8 4 12 14 0 4 0 11 4 8 16 8 4 1 7 7 2 5 5 11 4 13 2 2 12 9 11 13 8 1 15 14 3 16 13 9 16 5 6 13 2 2 2 9 8 1 1 1 2 9 15 0 1 0 10 15 3 10 2 4 1 2 1 0 5 15 5 3 2 16 14 3 13 15 8 5 11 5 15 16 5 5 12 2 10 2 4 8 10 1 14 1 8 1 16 16 3 1 10 8 0 16 6 13 7 5 13 14 16 14 14 16 11 9 5 12 9 7 11 0 7 0 13 9 15 8 5 11 9 10 4 14 5 2 3 2 9 14 4 2 15 7 1 15 10 4 14 10 13 2 9 15 14 8 10 3 7 0 14 6 14 15 1 0 7 6 8 0 13 7 7 14 15 3 15 12 10 10 12 14 12 9 7 4 5 12 2 10 10 0 16 12 15 8 4 5 10 5 14 15 1 4 6 12 4 2 9 3 6 1 9 12 3 9 6 15 16 16 0 6 2 11 2 5 13 11 6 13 7 16 5 7 11 3 2 16 3 14 2 5 16 14 16 13 13 3 11 15 5 2 3 15 9 3 8 3 5 4 11 7 11 13 3 6 11 6 8 7 16 4 3 4 12 2 2 7 5 1 15 11 16 6 4 3 11 0 0 14 0 4 7 11 7 0 3 3 4 8 10 1 8 16 4 1 12 7 0 12 13 16 6 3 0 4 1 1 15 8 2 5 13 3 6 12 0 6 4 6 8 15 7 4 4 6 3 12 14 5 8 5 0 15 8 7 16 5 1 8 10 1 6 15 15 5 12 15 7 14 3 2 7 13 6 13 3 5 2 9 16 7 3 16 14 9 8 11 5 16 0 0 11 14 9 16 1 14 16 6 10 11 10 2 2 2 0 7 16 9 16 12 12 11 1 15 10 16 7 5 11 6 13 2 3 9 2 10 0 3 0 13 0 11 8 13 14 9 9 9 9 0 8 1 3 13 1 10 16 16 16 6 14 10 15 5 10 11 1 0 0 11 12 5 8 5 5 16 6 2 15 13 6 6 2 6 10 15 4 14 12 14 9 14 14 2 13 13 7 4 4 0 0 11 9 9 12 13 1 16 16 1 11 10 6 1 12 15 12 1 1 1 3 0 2 9 13 15 12 9 11 14 5 10 14 15 7 6 7 13 0 15 2 5 5 10 12 8 2 6 15 3 0 0 13 8 7 5 10 7 1 13 2 11 9 2 0 3 13 13 4 4 6 12 7 16 12 1 11 2 6 11 11 14 15 10 13 12 15 13 12 16 7 12 10 15 8 8 0 14 16 3 1 14 1 13 11 6 2 12 15 7 16 7 15 3 16 7 4 16 1 3 2 3 5 15 0 0 6 5 11 11 16 7 5 7 4 15 2 10 6 16 2 5 2 5 3 0 13 7 9 6 1 12 10 15 5 16 
2 1
3 2
4 2
5 1
6 1
7 3
8 1
9 5
10 9
11 1
12 11
13 9
14 11
15 13
16 9
17 1
18 2
19 6
20 14
21 11
22 16
23 18
24 12
25 8
26 23
27 7
28 22
29 1
30 14
31 19
32 24
33 3
34 3
35 18
36 4
37 36
38 20
39 23
40 33
41 31
42 9
43 33
44 3
45 9
46 13
47 3
48 18
49 1
50 8
51 16
52 9
53 5
54 2
55 39
56 13
57 33
58 29
59 43
60 21
61 29
62 55
63 6
64 44
65 59
66 29
67 3
68 31
69 1
70 34
71 44
72 39
73 62
74 41
75 69
76 45
77 73
78 35
79 2
80 49
81 17
82 59
83 63
84 58
85 28
86 13
87 25
88 62
89 67
90 55
91 81
92 84
93 77
94 67
95 69
96 2
97 24
98 16
99 45
100 54
101 16
102 70
103 2
104 43
105 19
106 9
107 93
108 53
109 21
110 46
111 25
112 90
113 83
114 56
115 6
116 90
117 96
118 76
119 72
120 106
121 88
122 24
123 95
124 32
125 90
126 28
127 99
128 98
129 54
130 37
131 81
132 110
133 12
134 79
135 1
136 34
137 25
138 84
139 30
140 84
141 107
142 4
143 31
144 69
145 33
146 43
147 81
148 72
149 77
150 43
151 147
152 49
153 64
154 111
155 62
156 40
157 145
158 107
159 22
160 60
161 21
162 93
163 57
164 26
165 23
166 121
167 143
168 46
169 123
170 40
171 119
172 130
173 110
174 126
175 41
176 5
177 49
178 165
179 148
180 10
181 174
182 90
183 39
184 22
185 165
186 68
187 186
188 96
189 148
190 27
191 83
192 53
193 153
194 170
195 90
196 98
197 62
198 167
199 197
200 118
201 171
202 24
203 67
204 134
205 200
206 24
207 80
208 141
209 97
210 175
211 26
212 115
213 15
214 151
215 9
216 2
217 199
218 40
219 95
220 173
221 28
222 65
223 127
224 75
225 34
226 69
227 174
228 86
229 66
230 63
231 32
232 28
233 203
234 232
235 37
236 192
237 85
238 130
239 39
240 187
241 219
242 3
243 3
244 81
245 151
246 52
247 163
248 56
249 41
250 62
251 69
252 108
253 49
254 52
255 159
256 1
257 152
258 246
259 27
260 55
261 104
262 177
263 66
264 230
265 221
266 208
267 76
268 105
269 188
270 196
271 117
272 34
273 257
274 67
275 223
276 217
277 11
278 83
279 70
280 140
281 254
282 142
283 62
284 143
285 30
286 275
287 151
288 60
289 41
290 229
291 157
292 257
293 209
294 283
295 67
296 169
297 85
298 146
299 296
300 248
301 57
302 188
303 53
304 126
305 9
306 203
307 104
308 248
309 90
310 301
311 140
312 28
313 95
314 300
315 53
316 199
317 115
318 55
319 222
320 41
321 65
322 289
323 148
324 246
325 46
326 281
327 64
328 149
329 43
330 12
331 29
332 212
333 67
334 305
335 177
336 89
337 145
338 24
339 145
340 65
341 122
342 248
343 170
344 6
345 151
346 201
347 85
348 226
349 27
350 266
351 90
352 305
353 168
354 270
355 41
356 117
357 210
358 211
359 336
360 350
361 6
362 313
363 31
364 268
365 267
366 240
367 137
368 219
369 1
370 46
371 297
372 226
373 192
374 301
375 82
376 104
377 350
378 304
379 141
380 135
381 327
382 363
383 65
384 306
385 28
386 47
387 104
388 151
389 285
390 216
391 114
392 249
393 201
394 54
395 239
396 161
397 218
398 330
399 87
400 205
401 241
402 326
403 156
404 262
405 109
406 281
407 200
408 332
409 232
410 254
411 382
412 293
413 54
414 391
415 348
416 74
417 133
418 200
419 365
420 54
421 5
422 13
423 62
424 395
425 392
426 340
427 212
428 31
429 96
430 156
431 161
432 264
433 57
434 243
435 235
436 312
437 97
438 236
439 332
440 116
441 414
442 300
443 284
444 155
445 125
446 193
447 172
448 89
449 251
450 322
451 161
452 338
453 411
454 402
455 227
456 305
457 247
458 127
459 195
460 138
461 383
462 445
463 301
464 58
465 385
466 172
467 359
468 332
469 435
470 220
471 86
472 16
473 192
474 83
475 7
476 148
477 47
478 160
479 393
480 204
481 354
482 252
483 242
484 246
485 285
486 376
487 390
488 32
489 39
490 478
491 102
492 46
493 290
494 223
495 162
496 436
497 257
498 342
499 108
500 63
501 193
502 152
503 256
504 76
505 491
506 459
507 240
508 155
509 280
510 174
511 22
512 466
513 110
514 373
515 128
516 230
517 251
518 411
519 65
520 241
521 266
522 42
523 189
524 317
525 152
526 511
527 346
528 40
529 365
530 494
531 343
532 246
533 393
534 456
535 361
536 446
537 110
538 272
539 538
540 135
541 421
542 420
543 200
544 370
545 255
546 274
547 415
548 162
549 140
550 533
551 249
552 251
553 63
554 501
555 34
556 274
557 217
558 227
559 524
560 508
561 297
562 42
563 464
564 444
565 53
566 64
567 319
568 347
569 241
570 14
571 46
572 57
573 250
574 280
575 122
576 312
577 569
578 177
579 465
580 328
581 526
582 2
583 481
584 337
585 567
586 565
587 183
588 453
589 201
590 70
591 380
592 490
593 492
594 77
595 342
596 189
597 577
598 157
599 62
600 148
601 127
602 470
603 309
604 251
605 28
606 286
607 219
608 149
609 396
610 247
611 436
612 291
613 573
614 89
615 74
616 191
617 56
618 344
619 139
620 499
621 99
622 22
623 465
624 246
625 17
626 211
627 575
628 501
629 504
630 357
631 474
632 252
633 4
634 197
635 285
636 610
637 369
638 484
639 631
640 135
641 256
642 309
643 119
644 197
645 207
646 149
647 109
648 100
649 269
650 137
651 625
652 132
653 450
654 188
655 554
656 325
657 592
658 80
659 252
660 466
661 258
662 380
663 615
664 84
665 48
666 555
667 610
668 589
669 565
670 656
671 77
672 108
673 57
674 96
675 231
676 300
677 617
678 274
679 291
680 140
681 23
682 315
683 457
684 295
685 353
686 423
687 303
688 133
689 553
690 651
691 409
692 587
693 607
694 554
695 167
696 224
697 388
698 675
699 487
700 304
701 615
702 349
703 136
704 300
705 615
706 461
707 703
708 556
709 275
710 137
711 214
712 248
713 491
714 75
715 385
716 366
717 715
718 50
719 30
720 359
721 148
722 344
723 5
724 229
725 127
726 87
727 376
728 356
729 251
730 570
731 621
732 483
733 671
734 534
735 62
736 380
737 198
738 12
739 439
740 64
741 482
742 19
743 164
744 688
745 13
746 509
747 530
748 351
749 359
750 473
751 23
752 48
753 641
754 691
755 195
756 67
757 643
758 287
759 325
760 140
761 417
762 418
763 155
764 354
765 263
766 465
767 701
768 663
769 522
770 438
771 190
772 458
773 439
774 499
775 392
776 222
777 358
778 122
779 88
780 329
781 572
782 597
783 61
784 128
785 584
786 167
787 58
788 171
789 373
790 54
791 610
792 454
793 230
794 429
795 535
796 666
797 473
798 670
799 545
800 684
801 139
802 329
803 254
804 138
805 662
806 426
807 577
808 196
809 123
810 801
811 121
812 551
813 484
814 752
815 370
816 604
817 297
818 725
819 527
820 7
821 107
822 650
823 815
824 320
825 750
826 789
827 794
828 24
829 89
830 227
831 601
832 664
833 709
834 29
835 15
836 411
837 712
838 78
839 271
840 788
841 670
842 424
843 173
844 43
845 667
846 291
847 287
848 417
849 620
850 844
851 799
852 569
853 141
854 820
855 334
856 7
857 847
858 390
859 160
860 37
861 62
862 304
863 168
864 353
865 544
866 148
867 253
868 766
869 131
870 789
871 861
872 264
873 42
874 389
875 380
876 149
877 355
878 386
879 309
880 119
881 721
882 144
883 517
884 572
885 173
886 501
887 780
888 737
889 82
890 697
891 622
892 142
893 719
894 720
895 337
896 475
897 228
898 312
899 860
900 635
901 265
902 170
903 517
904 869
905 436
906 114
907 332
908 865
909 818
910 465
911 544
912 72
913 256
914 886
915 715
916 571
917 897
918 302
919 839
920 707
921 375
922 563
923 610
924 882
925 838
926 37
927 111
928 130
929 269
930 238
931 515
932 849
933 673
934 260
935 450
936 331
937 147
938 642
939 429
940 788
941 797
942 652
943 468
944 245
945 433
946 883
947 894
948 848
949 1
950 852
951 677
952 458
953 116
954 524
955 866
956 356
957 709
958 570
959 345
960 943
961 461
962 314
963 712
964 470
965 429
966 475
967 102
968 446
969 539
970 221
971 171
972 665
973 406
974 944
975 453
976 216
977 676
978 743
979 449
980 473
981 752
982 554
983 333
984 598
985 591
986 127
987 479
988 957
989 749
990 551
991 15
992 508
993 395
994 472
995 399
996 313
997 861
998 775
999 7
1000 927
1001 479
1002 837
1003 91
1004 975
1005 355
1006 144
1007 298
1008 257
1009 279
1010 123
1011 373
1012 868
1013 913
1014 308
1015 69
1016 302
1017 101
1018 943
1019 433
1020 234
1021 909
1022 908
1023 607
1024 72
1025 847
1026 900
1027 150
1028 298
1029 194
1030 212
1031 1023
1032 548
1033 974
1034 969
1035 895
1036 209
1037 1004
1038 135
1039 37
1040 853
1041 552
1042 45
1043 679
1044 806
1045 352
1046 541
1047 614
1048 900
1049 1004
1050 994
1051 609
1052 583
1053 177
1054 665
1055 926
1056 932
1057 301
1058 43
1059 1004
1060 436
1061 220
1062 99
1063 425
1064 761
1065 215
1066 87
1067 637
1068 349
1069 1045
1070 953
1071 953
1072 456
1073 849
1074 517
1075 276
1076 157
1077 588
1078 314
1079 944
1080 182
1081 342
1082 261
1083 263
1084 590
1085 144
1086 1002
1087 1068
1088 449
1089 177
1090 708
1091 133
1092 571
1093 193
1094 487
1095 443
1096 177
1097 372
1098 118
1099 116
1100 293
1101 221
1102 302
1103 899
1104 684
1105 364
1106 330
1107 93
1108 144
1109 11
1110 864
1111 761
1112 275
1113 1054
1114 129
1115 501
1116 624
1117 1032
1118 869
1119 955
1120 811
1121 1031
1122 521
1123 445
1124 762
1125 259
1126 338
1127 456
1128 72
1129 653
1130 167
1131 498
1132 707
1133 894
1134 34
1135 102
1136 293
1137 719
1138 996
1139 776
1140 248
1141 388
1142 375
1143 131
1144 879
1145 878
1146 904
1147 37
1148 263
1149 349
1150 23
1151 1057
1152 554
1153 611
1154 301
1155 935
1156 617
1157 774
1158 1103
1159 297
1160 939
1161 211
1162 1127
1163 1147
1164 506
1165 579
1166 1021
1167 20
1168 1000
1169 560
1170 394
1171 424
1172 3
1173 1033
1174 268
1175 56
1176 1126
1177 565
1178 514
1179 832
1180 1080
1181 605
1182 676
1183 91
1184 109
1185 817
1186 770
1187 870
1188 504
1189 383
1190 524
1191 656
1192 89
1193 223
1194 150
1195 369
1196 37
1197 995
1198 169
1199 132
1200 1158
1201 369
1202 577
1203 513
1204 280
1205 324
1206 673
1207 1039
1208 722
1209 80
1210 429
1211 706
1212 906
1213 314
1214 814
1215 569
1216 558
1217 341
1218 876
1219 1144
1220 967
1221 1116
1222 608
1223 543
1224 192
1225 729
1226 736
1227 577
1228 283
1229 124
1230 755
1231 1054
1232 653
1233 1075
1234 318
1235 907
1236 383
1237 1082
1238 1039
1239 533
1240 323
1241 489
1242 773
1243 922
1244 1046
1245 1149
1246 489
1247 516
1248 901
1249 1219
1250 1011
1251 734
1252 284
1253 1065
1254 1100
1255 1163
1256 1098
1257 538
1258 901
1259 602
1260 1
1261 1000
1262 202
1263 943
1264 715
1265 263
1266 475
1267 583
1268 1026
1269 1120
1270 578
1271 815
1272 403
1273 63
1274 662
1275 159
1276 1214
1277 98
1278 362
1279 344
1280 210
1281 919
1282 1037
1283 1184
1284 186
1285 711
1286 270
1287 1049
1288 1013
1289 174
1290 806
1291 959
1292 305
1293 754
1294 788
1295 423
1296 503
1297 1143
1298 1228
1299 505
1300 36
1301 1271
1302 1130
1303 443
1304 1023
1305 778
1306 1230
1307 686
1308 349
1309 869
1310 816
1311 1149
1312 61
1313 261
1314 1289
1315 43
1316 687
1317 555
1318 393
1319 676
1320 86
1321 601
1322 642
1323 197
1324 463
1325 775
1326 1307
1327 435
1328 184
1329 529
1330 1294
1331 790
1332 803
1333 615
1334 769
1335 366
1336 404
1337 1021
1338 367
1339 739
1340 181
1341 308
1342 1004
1343 256
1344 977
1345 585
1346 656
1347 1104
1348 1175
1349 966
1350 572
1351 88
1352 905
1353 690
1354 764
1355 31
1356 301
1357 540
1358 633
1359 1297
1360 952
1361 139
1362 8
1363 1051
1364 326
1365 712
1366 422
1367 183
1368 878
1369 156
1370 310
1371 178
1372 1046
1373 1045
1374 1198
1375 357
1376 1071
1377 143
1378 372
1379 412
1380 624
1381 663
1382 926
1383 585
1384 411
1385 319
1386 228
1387 564
1388 1317
1389 1055
1390 97
1391 811
1392 154
1393 703
1394 1125
1395 1245
1396 107
1397 1347
1398 813
1399 486
1400 1140
1401 508
1402 1045
1403 608
1404 1
1405 599
1406 187
1407 365
1408 202
1409 27
1410 844
1411 654
1412 964
1413 93
1414 1310
1415 512
1416 1288
1417 1365
1418 745
1419 1301
1420 216
1421 818
1422 1207
1423 73
1424 139
1425 375
1426 945
1427 681
1428 1243
1429 1077
1430 730
1431 517
1432 695
1433 448
1434 81
1435 1357
1436 533
1437 77
1438 502
1439 1340
1440 1380
1441 1225
1442 1035
1443 1073
1444 492
1445 1255
1446 1123
1447 449
1448 1329
1449 458
1450 278
1451 9
1452 1211
1453 1434
1454 128
1455 741
1456 190
1457 827
1458 1004
1459 631
1460 766
1461 901
1462 351
1463 1290
1464 1382
1465 314
1466 805
1467 467
1468 1327
1469 635
1470 1437
1471 45
1472 360
1473 1117
1474 1258
1475 1411
1476 633
1477 1034
1478 1362
1479 200
1480 553
1481 404
1482 374
1483 1147
1484 495
1485 417
1486 741
1487 695
1488 151
1489 323
1490 62
1491 1113
1492 718
1493 1025
1494 265
1495 265
1496 1283
1497 1187
1498 1266
1499 1231
1500 918
1501 1032
1502 694
1503 758
1504 1490
1505 763
1506 868
1507 179
1508 1481
1509 917
1510 254
1511 768
1512 1262
1513 703
1514 133
1515 943
1516 1074
1517 423
1518 1386
1519 58
1520 522
1521 1036
1522 703
1523 1030
1524 821
1525 953
1526 106
1527 336
1528 434
1529 1494
1530 889
1531 1252
1532 427
1533 927
1534 655
1535 1478
1536 823
1537 479
1538 623
1539 1144
1540 1431
1541 1301
1542 928
1543 1099
1544 421
1545 1088
1546 1037
1547 951
1548 678
1549 513
1550 778
1551 968
1552 510
1553 743
1554 26
1555 859
1556 1079
1557 35
1558 873
1559 733
1560 920
1561 1323
1562 257
1563 292
1564 984
1565 1371
1566 764
1567 467
1568 417
1569 1187
1570 204
1571 1403
1572 963
1573 760
1574 603
1575 427
1576 477
1577 399
1578 972
1579 367
1580 1273
1581 1342
1582 334
1583 230
1584 51
1585 410
1586 79
1587 33
1588 1232
1589 463
1590 177
1591 457
1592 780
1593 363
1594 1358
1595 505
1596 488
1597 1456
1598 925
1599 693
1600 819
1601 921
1602 1383
1603 69
1604 91
1605 1376
1606 893
1607 777
1608 1076
1609 1569
1610 1230
1611 1486
1612 306
1613 752
1614 553
1615 1323
1616 1515
1617 1403
1618 83
1619 1447
1620 1190
1621 573
1622 1323
1623 856
1624 1144
1625 1314
1626 1175
1627 1503
1628 278
1629 1092
1630 453
1631 275
1632 658
1633 182
1634 618
1635 1482
1636 1040
1637 637
1638 954
1639 60
1640 555
1641 1257
1642 521
1643 709
1644 282
1645 1168
1646 533
1647 1074
1648 1558
1649 1404
1650 1089
1651 1487
1652 995
1653 160
1654 1597
1655 974
1656 810
1657 654
1658 140
1659 500
1660 372
1661 1013
1662 1257
1663 33
1664 859
1665 1174
1666 140
1667 506
1668 772
1669 1454
1670 1436
1671 1617
1672 1290
1673 874
1674 1412
1675 1595
1676 839
1677 412
1678 1446
1679 725
1680 1643
1681 791
1682 1578
1683 114
1684 1517
1685 1211
1686 162
1687 1528
1688 6
1689 985
1690 1032
1691 553
1692 884
1693 561
1694 833
1695 210
1696 627
1697 985
1698 204
1699 265
1700 578
1701 1314
1702 126
1703 313
1704 1275
1705 1060
1706 382
1707 1669
1708 862
1709 173
1710 1705
1711 37
1712 129
1713 1650
1714 1057
1715 526
1716 207
1717 945
1718 1672
1719 839
1720 1333
1721 36
1722 829
1723 1062
1724 353
1725 1624
1726 1375
1727 366
1728 537
1729 1331
1730 4
1731 461
1732 752
1733 422
1734 1280
1735 1160
1736 483
1737 693
1738 457
1739 611
1740 734
1741 390
1742 135
1743 581
1744 1617
1745 115
1746 1115
1747 317
1748 1522
1749 1291
1750 1431
1751 494
1752 43
1753 1687
1754 664
1755 1701
1756 369
1757 481
1758 57
1759 317
1760 868
1761 596
1762 982
1763 614
1764 146
1765 1736
1766 498
1767 1085
1768 1147
1769 775
1770 1731
1771 1600
1772 591
1773 281
1774 1719
1775 1479
1776 423
1777 748
1778 784
1779 576
1780 746
1781 985
1782 1240
1783 4
1784 556
1785 1394
1786 538
1787 1498
1788 439
1789 565
1790 381
1791 1577
1792 399
1793 1492
1794 527
1795 957
1796 1046
1797 631
1798 888
1799 1618
1800 205
1801 438
1802 292
1803 1224
1804 1558
1805 277
1806 648
1807 1140
1808 788
1809 1490
1810 1147
1811 1311
1812 343
1813 745
1814 958
1815 486
1816 776
1817 673
1818 978
1819 163
1820 1601
1821 1239
1822 312
1823 1755
1824 1807
1825 903
1826 1130
1827 590
1828 1101
1829 981
1830 446
1831 1365
1832 358
1833 175
1834 1296
1835 1793
1836 1285
1837 722
1838 1599
1839 1576
1840 1129
1841 1642
1842 613
1843 1815
1844 433
1845 496
1846 1376
1847 256
1848 506
1849 1060
1850 383
1851 1736
1852 1702
1853 564
1854 895
1855 779
1856 161
1857 1261
1858 795
1859 1753
1860 396
1861 868
1862 653
1863 1155
1864 1250
1865 665
1866 132
1867 1392
1868 1255
1869 483
1870 126
1871 1647
1872 463
1873 594
1874 920
1875 1009
1876 78
1877 955
1878 271
1879 1360
1880 1652
1881 129
1882 16
1883 1195
1884 1240
1885 1096
1886 1107
1887 49
1888 313
1889 1122
1890 1739
1891 1076
1892 422
1893 1141
1894 1222
1895 651
1896 1808
1897 1301
1898 356
1899 674
1900 1463
1901 1056
1902 732
1903 1429
1904 1781
1905 188
1906 1388
1907 666
1908 1377
1909 465
1910 1104
1911 1462
1912 92
1913 1370
1914 1734
1915 1053
1916 1500
1917 1028
1918 1085
1919 1592
1920 505
1921 674
1922 309
1923 884
1924 1253
1925 490
1926 1872
1927 459
1928 1737
1929 1590
1930 1190
1931 431
1932 1753
1933 1642
1934 33
1935 194
1936 63
1937 174
1938 170
1939 175
1940 194
1941 1136
1942 923
1943 891
1944 1298
1945 281
1946 1663
1947 1044
1948 239
1949 104
1950 1445
1951 1153
1952 1724
1953 1365
1954 46
1955 1713
1956 972
1957 1097
1958 173
1959 789
1960 658
1961 429
1962 151
1963 1671
1964 911
1965 1019
1966 1298
1967 1111
1968 1028
1969 1250
1970 1373
1971 745
1972 482
1973 1934
1974 634
1975 1385
1976 1474
1977 1032
1978 972
1979 1442
1980 806
1981 873
1982 1566
1983 695
1984 1372
1985 1911
1986 1717
1987 1719
1988 357
1989 1117
1990 62
1991 1445
1992 1980
1993 506
1994 1907
1995 419
1996 151
1997 784
1998 268
1999 1516
2000 1214
2001 1870
2002 578
2003 1111
2004 1127
2005 705
2006 550
2007 345
2008 60
2009 503
2010 1527
2011 127
2012 1287
2013 821
2014 238
2015 1131
2016 1562
2017 1472
2018 1769
2019 71
2020 1936
2021 1177
2022 58
2023 1434
2024 98
2025 1767
2026 1863
2027 951
2028 961
2029 1847
2030 1529
2031 1475
2032 1253
2033 1388
2034 923
2035 975
2036 1
2037 1661
2038 1991
2039 55
2040 850
2041 870
2042 322
2043 1391
2044 432
2045 683
2046 325
2047 1656
2048 1632
2049 1224
2050 1118
2051 842
2052 564
2053 636
2054 1580
2055 1360
2056 969
2057 458
2058 1524
2059 1521
2060 882
2061 109
2062 1656
2063 1403
2064 497
2065 218
2066 326
2067 1529
2068 1188
2069 551
2070 1979
2071 374
2072 1370
2073 582
2074 1078
2075 1583
2076 1292
2077 644
2078 760
2079 648
2080 1920
2081 859
2082 1464
2083 612
2084 1484
2085 1564
2086 1088
2087 33
2088 1920
2089 1616
2090 885
2091 64
2092 587
2093 1919
2094 1959
2095 10
2096 975
2097 81
2098 310
2099 1845
2100 1109
2101 1042
2102 1118
2103 766
2104 670
2105 241
2106 1110
2107 975
2108 1872
2109 936
2110 1682
2111 239
2112 985
2113 340
2114 699
2115 1813
2116 1151
2117 507
2118 1905
2119 151
2120 457
2121 1757
2122 1170
2123 2087
2124 1885
2125 1625
2126 1542
2127 1965
2128 416
2129 1818
2130 709
2131 507
2132 1587
2133 1633
2134 929
2135 429
2136 1197
2137 1429
2138 825
2139 632
2140 277
2141 492
2142 1754
2143 1361
2144 388
2145 466
2146 92
2147 1268
2148 843
2149 1212
2150 2036
2151 2148
2152 575
2153 361
2154 730
2155 1483
2156 170
2157 1949
2158 217
2159 1550
2160 196
2161 1817
2162 745
2163 1205
2164 769
2165 345
2166 190
2167 371
2168 805
2169 1478
2170 2145
2171 1252
2172 46
2173 1219
2174 54
2175 1906
2176 340
2177 1012
2178 941
2179 664
2180 1500
2181 2164
2182 1831
2183 1662
2184 345
2185 698
2186 317
2187 93
2188 1024
2189 1777
2190 95
2191 1997
2192 1580
2193 166
2194 1669
2195 2003
2196 813
2197 1227
2198 100
2199 1997
2200 2198
2201 2061
2202 75
2203 303
2204 324
2205 1307
2206 1887
2207 544
2208 134
2209 1225
2210 1370
2211 1314
2212 1903
2213 17
2214 1033
2215 2120
2216 772
2217 1833
2218 1277
2219 1513
2220 1881
2221 343
2222 184
2223 757
2224 46
2225 441
2226 1346
2227 461
2228 159
2229 215
2230 202
2231 1140
2232 1728
2233 458
2234 1973
2235 533
2236 1180
2237 1315
2238 2027
2239 1546
2240 1555
2241 749
2242 1418
2243 2222
2244 2000
2245 900
2246 1617
2247 1825
2248 214
2249 1048
2250 210
2251 1997
2252 1415
2253 474
2254 1883
2255 1767
2256 447
2257 550
2258 537
2259 2121
2260 1502
2261 1140
2262 1489
2263 2057
2264 1541
2265 559
2266 192
2267 1798
2268 2214
2269 1651
2270 548
2271 1250
2272 312
2273 1892
2274 2208
2275 948
2276 1205
2277 1719
2278 445
2279 463
2280 1372
2281 1524
2282 337
2283 1271
2284 2095
2285 30
2286 435
2287 114
2288 2269
2289 1217
2290 538
2291 438
2292 971
2293 277
2294 1773
2295 481
2296 1414
2297 573
2298 162
2299 105
2300 1057
2301 512
2302 1162
2303 1263
2304 2109
2305 2098
2306 1398
2307 1698
2308 1026
2309 1845
2310 1727
2311 1877
2312 1966
2313 1318
2314 493
2315 837
2316 1986
2317 1636
2318 539
2319 101
2320 1270
2321 1858
2322 970
2323 2303
2324 559
2325 1023
2326 1306
2327 1577
2328 1258
2329 1244
2330 283
2331 1963
2332 1116
2333 297
2334 1576
2335 786
2336 443
2337 1191
2338 775
2339 1205
2340 2291
2341 1293
2342 2154
2343 1773
2344 1374
2345 454
2346 842
2347 621
2348 1932
2349 950
2350 1803
2351 329
2352 1452
2353 513
2354 874
2355 1351
2356 1486
2357 1746
2358 1118
2359 601
2360 1405
2361 359
2362 1773
2363 59
2364 685
2365 1357
2366 993
2367 1006
2368 1763
2369 1639
2370 647
2371 1792
2372 2204
2373 1571
2374 602
2375 2340
2376 1629
2377 1935
2378 925
2379 200
2380 2342
2381 453
2382 1965
2383 681
2384 1541
2385 2115
2386 468
2387 1066
2388 971
2389 1950
2390 38
2391 2323
2392 1819
2393 222
2394 1657
2395 1358
2396 1549
2397 1947
2398 2180
2399 1731
2400 2293
2401 162
2402 304
2403 404
2404 1409
2405 2227
2406 945
2407 685
2408 402
2409 1027
2410 1123
2411 163
2412 1623
2413 2133
2414 392
2415 2147
2416 1671
2417 2153
2418 1822
2419 1525
2420 1811
2421 113
2422 1126
2423 1113
2424 70
2425 1744
2426 1024
2427 104
2428 513
2429 641
2430 524
2431 2040
2432 1651
2433 640
2434 554
2435 1811
2436 2143
2437 1131
2438 543
2439 124
2440 2195
2441 2415
2442 1510
2443 1367
2444 2284
2445 2130
2446 431
2447 1768
2448 2016
2449 505
2450 898
2451 931
2452 304
2453 1621
2454 1233
2455 412
2456 1584
2457 1351
2458 731
2459 1083
2460 1150
2461 1660
2462 1210
2463 287
2464 1305
2465 2021
2466 40
2467 47
2468 1210
2469 1897
2470 83
2471 1864
2472 1209
2473 1485
2474 1839
2475 851
2476 1767
2477 632
2478 1
2479 1886
2480 534
2481 1129
2482 1684
2483 1825
2484 1018
2485 2155
2486 1347
2487 1483
2488 473
2489 2035
2490 288
2491 1360
2492 275
2493 1342
2494 1004
2495 955
2496 1872
2497 1281
2498 783
2499 1397
2500 1712
2501 1976
2502 1243
2503 14
2504 481
2505 1718
2506 116
2507 2499
2508 2251
2509 277
2510 1861
2511 2485
2512 291
2513 1789
2514 2240
2515 577
2516 1722
2517 2375
2518 2443
2519 1151
2520 621
2521 1015
2522 1146
2523 436
2524 290
2525 2466
2526 2056
2527 1881
2528 1744
2529 1904
2530 1205
2531 1670
2532 1610
2533 1703
2534 250
2535 726
2536 911
2537 2226
2538 1918
2539 1823
2540 2104
2541 2121
2542 994
2543 2443
2544 561
2545 1217
2546 232
2547 2341
2548 1822
2549 2129
2550 1482
2551 1635
2552 531
2553 487
2554 862
2555 1782
2556 2268
2557 705
2558 2537
2559 949
2560 447
2561 742
2562 2352
2563 1096
2564 1349
2565 2543
2566 508
2567 2351
2568 131
2569 1867
2570 2446
2571 665
2572 1756
2573 501
2574 250
2575 1020
2576 189
2577 2069
2578 987
2579 1213
2580 81
2581 1957
2582 1451
2583 51
2584 1144
2585 783
2586 619
2587 2375
2588 608
2589 594
2590 938
2591 545
2592 722
2593 987
2594 1516
2595 2195
2596 1332
2597 1527
2598 1185
2599 430
2600 500
2601 155
2602 92
2603 180
2604 1092
2605 1410
2606 78
2607 1019
2608 816
2609 1153
2610 1032
2611 851
2612 503
2613 329
2614 1405
2615 679
2616 1924
2617 1529
2618 1012
2619 315
2620 1044
2621 178
2622 424
2623 514
2624 1492
2625 2603
2626 1765
2627 1680
2628 1882
2629 2381
2630 950
2631 1841
2632 1922
2633 1081
2634 613
2635 1766
2636 1573
2637 1897
2638 2100
2639 767
2640 433
2641 177
2642 1234
2643 1917
2644 975
2645 242
2646 690
2647 2126
2648 2202
2649 897
2650 2275
2651 946
2652 2492
2653 1007
2654 217
2655 641
2656 2160
2657 782
2658 888
2659 1125
2660 2371
2661 1274
2662 365
2663 2307
2664 2486
2665 2045
2666 1806
2667 323
2668 717
2669 1707
2670 1744
2671 433
2672 2616
2673 2073
2674 1205
2675 210
2676 1801
2677 1072
2678 1742
2679 2452
2680 65
2681 226
2682 1929
2683 1059
2684 1869
2685 2165
2686 2270
2687 1899
2688 2246
2689 1644
2690 1117
2691 1479
2692 200
2693 2530
2694 802
2695 2521
2696 1243
2697 2521
2698 2038
2699 934
2700 1649
2701 1171
2702 728
2703 1445
2704 1652
2705 2353
2706 1287
2707 2068
2708 210
2709 1895
2710 1337
2711 2659
2712 2283
2713 1953
2714 403
2715 1695
2716 790
2717 2705
2718 106
2719 808
2720 923
2721 1569
2722 396
2723 2157
2724 612
2725 1250
2726 479
2727 2076
2728 897
2729 49
2730 1577
2731 667
2732 509
2733 2080
2734 125
2735 634
2736 1838
2737 1360
2738 2047
2739 1563
2740 1679
2741 143
2742 2286
2743 378
2744 2616
2745 1375
2746 1777
2747 2281
2748 881
2749 2681
2750 1108
2751 1383
2752 1725
2753 2405
2754 1272
2755 1734
2756 2345
2757 1701
2758 2203
2759 1787
2760 1150
2761 643
2762 2528
2763 1300
2764 1584
2765 2589
2766 1034
2767 55
2768 818
2769 1109
2770 988
2771 167
2772 99
2773 1626
2774 940
2775 1688
2776 665
2777 863
2778 68
2779 1371
2780 1830
2781 1137
2782 275
2783 2751
2784 666
2785 2714
2786 269
2787 1911
2788 2128
2789 2625
2790 2757
2791 1175
2792 2319
2793 2189
2794 71
2795 2160
2796 718
2797 115
2798 2218
2799 7
2800 213
2801 1034
2802 2684
2803 2428
2804 40
2805 885
2806 1598
2807 1086
2808 1072
2809 196
2810 2778
2811 218
2812 1204
2813 2722
2814 2024
2815 1379
2816 1398
2817 2168
2818 2735
2819 373
2820 1971
2821 615
2822 2009
2823 742
2824 2207
2825 1663
2826 1553
2827 658
2828 713
2829 994
2830 1819
2831 2211
2832 615
2833 1741
2834 274
2835 1825
2836 2542
2837 2322
2838 1697
2839 1645
2840 1591
2841 1655
2842 1698
2843 2654
2844 1022
2845 3
2846 1334
2847 1869
2848 844
2849 2304
2850 1937
2851 1766
2852 1327
2853 317
2854 704
2855 1302
2856 2366
2857 2331
2858 1005
2859 404
2860 2392
2861 1870
2862 2713
2863 1940
2864 2115
2865 1240
2866 2400
2867 1074
2868 111
2869 693
2870 28
2871 2216
2872 999
2873 1725
2874 1124
2875 438
2876 668
2877 887
2878 627
2879 1078
2880 2799
2881 2770
2882 1583
2883 95
2884 1528
2885 1260
2886 1365
2887 2742
2888 2877
2889 677
2890 2588
2891 2413
2892 433
2893 2391
2894 955
2895 1880
2896 1267
2897 729
2898 2791
2899 1501
2900 1045
2901 256
2902 422
2903 2661
2904 260
2905 2701
2906 2057
2907 822
2908 2381
2909 857
2910 1218
2911 463
2912 2531
2913 10
2914 2397
2915 1457
2916 2096
2917 2893
2918 2689
2919 657
2920 869
2921 58
2922 2008
2923 2611
2924 271
2925 1001
2926 758
2927 1803
2928 1569
2929 2842
2930 2595
2931 2351
2932 2353
2933 2245
2934 1604
2935 368
2936 1782
2937 717
2938 1824
2939 1544
2940 1471
2941 1357
2942 2502
2943 2668
2944 2335
2945 128
2946 468
2947 1799
2948 136
2949 1732
2950 2348
2951 2575
2952 393
2953 193
2954 38
2955 218
2956 932
2957 1571
2958 654
2959 2367
2960 1656
2961 2137
2962 2720
2963 1979
2964 317
2965 645
2966 1232
2967 2221
2968 959
2969 613
2970 2598
2971 1311
2972 626
2973 2969
2974 666
2975 1781
2976 1009
2977 1704
2978 1260
2979 1987
2980 930
2981 641
2982 94
2983 471
2984 2068
2985 2709
2986 1392
2987 1620
2988 2585
2989 2392
2990 666
2991 2473
2992 1626
2993 2000
2994 2425
2995 2777
2996 613
2997 2368
2998 1600
2999 2771
3000 1076
3001 1795
3002 2954
3003 159
3004 2906
3005 1195
3006 2721
3007 2597
3008 131
3009 2466
3010 2351
3011 2449
3012 2211
3013 2965
3014 1287
3015 1937
3016 771
3017 2527
3018 2845
3019 1811
3020 144
3021 2957
3022 465
3023 403
3024 1505
3025 1535
3026 513
3027 1717
3028 2204
3029 2341
3030 1979
3031 2977
3032 1565
3033 1466
3034 1571
3035 911
3036 112
3037 2486
3038 605
3039 485
3040 520
3041 2378
3042 1612
3043 1650
3044 2296
3045 2310
3046 413
3047 1417
3048 214
3049 1421
3050 1336
3051 955
3052 491
3053 716
3054 1101
3055 47
3056 2494
3057 2074
3058 837
3059 2659
3060 239
3061 2374
3062 2081
3063 2843
3064 855
3065 2051
3066 1578
3067 2345
3068 2545
3069 420
3070 2923
3071 905
3072 763
3073 1240
3074 2324
3075 381
3076 1572
3077 2147
3078 562
3079 1174
3080 1217
3081 250
3082 2607
3083 977
3084 997
3085 544
3086 2390
3087 1849
3088 1996
3089 255
3090 2803
3091 1398
3092 1026
3093 1179
3094 535
3095 1982
3096 2847
3097 295
3098 431
3099 1073
3100 768
3101 1077
3102 2100
3103 336
3104 1617
3105 1152
3106 2328
3107 406
3108 1717
3109 1439
3110 2581
3111 2155
3112 2374
3113 1898
3114 2330
3115 573
3116 2804
3117 2673
3118 2220
3119 1291
3120 2952
3121 392
3122 1164
3123 2477
3124 908
3125 1899
3126 2001
3127 1165
3128 238
3129 361
3130 2466
3131 1497
3132 1716
3133 1649
3134 2975
3135 261
3136 1942
3137 370
3138 2170
3139 1050
3140 395
3141 1899
3142 1073
3143 2547
3144 2204
3145 1001
3146 3024
3147 177
3148 1459
3149 856
3150 993
3151 2925
3152 2418
3153 559
3154 1194
3155 584
3156 1276
3157 723
3158 3092
3159 682
3160 3077
3161 851
3162 1589
3163 1798
3164 2690
3165 814
3166 3068
3167 1549
3168 425
3169 2522
3170 629
3171 1617
3172 2997
3173 219
3174 206
3175 2286
3176 642
3177 2299
3178 1013
3179 849
3180 2419
3181 1145
3182 699
3183 13
3184 2169
3185 474
3186 2649
3187 2627
3188 1870
3189 2041
3190 1420
3191 1629
3192 2086
3193 1881
3194 491
3195 3086
3196 2955
3197 2337
3198 3139
3199 1548
3200 2793
3201 256
3202 3013
3203 2941
3204 1494
3205 258
3206 437
3207 157
3208 2861
3209 351
3210 2336
3211 475
3212 2563
3213 1855
3214 750
3215 3051
3216 2660
3217 495
3218 1591
3219 2587
3220 349
3221 1211
3222 3087
3223 2147
3224 1262
3225 165
3226 686
3227 2704
3228 3007
3229 542
3230 764
3231 1677
3232 1093
3233 648
3234 2023
3235 2809
3236 2865
3237 1642
3238 2316
3239 2464
3240 669
3241 329
3242 865
3243 1553
3244 512
3245 1277
3246 1726
3247 2361
3248 2241
3249 279
3250 762
3251 181
3252 317
3253 2194
3254 2147
3255 1149
3256 171
3257 2676
3258 1060
3259 571
3260 1327
3261 2423
3262 392
3263 2741
3264 1099
3265 386
3266 3133
3267 2938
3268 111
3269 2753
3270 2521
3271 1993
3272 515
3273 1726
3274 2578
3275 2208
3276 1627
3277 1048
3278 874
3279 2888
3280 3001
3281 1855
3282 1366
3283 2389
3284 2169
3285 2629
3286 734
3287 3284
3288 2458
3289 2580
3290 116
3291 3006
3292 2681
3293 1877
3294 3279
3295 1328
3296 2229
3297 1146
3298 164
3299 962
3300 1723
3301 3289
3302 3017
3303 2426
3304 831
3305 3225
3306 1713
3307 2717
3308 1144
3309 2404
3310 459
3311 2581
3312 1712
3313 2031
3314 2925
3315 2015
3316 1343
3317 1065
3318 2351
3319 1992
3320 825
3321 2795
3322 1602
3323 897
3324 3233
3325 2332
3326 713
3327 2391
3328 1371
3329 2936
3330 532
3331 2721
3332 863
3333 2771
3334 2711
3335 321
3336 2891
3337 2200
3338 1007
3339 731
3340 2435
3341 1137
3342 391
3343 560
3344 2094
3345 1695
3346 46
3347 1197
3348 781
3349 517
3350 3244
3351 449
3352 3095
3353 1434
3354 1665
3355 3236
3356 2045
3357 533
3358 2849
3359 2198
3360 2321
3361 2848
3362 1470
3363 1595
3364 1925
3365 793
3366 1870
3367 2221
3368 2295
3369 2320
3370 2331
3371 306
3372 1476
3373 2676
3374 2631
3375 1192
3376 2214
3377 2477
3378 2705
3379 217
3380 2002
3381 2172
3382 964
3383 927
3384 2506
3385 2083
3386 1180
3387 556
3388 2530
3389 181
3390 2646
3391 570
3392 2325
3393 3005
3394 1526
3395 754
3396 488
3397 1765
3398 3322
3399 2441
3400 2060
3401 43
3402 130
3403 3364
3404 1441
3405 490
3406 765
3407 2765
3408 794
3409 975
3410 185
3411 1096
3412 879
3413 2810
3414 309
3415 773
3416 1276
3417 3185
3418 3213
3419 825
3420 2257
3421 2367
3422 2431
3423 2933
3424 2325
3425 1922
3426 3349
3427 928
3428 804
3429 1419
3430 925
3431 3268
3432 1458
3433 2910
3434 3154
3435 817
3436 1565
3437 2424
3438 202
3439 3037
3440 2291
3441 1847
3442 2833
3443 3153
3444 2627
3445 3407
3446 83
3447 1695
3448 1502
3449 3098
3450 792
3451 313
3452 402
3453 2755
3454 621
3455 2160
3456 69
3457 2256
3458 1627
3459 1102
3460 3239
3461 1117
3462 44
3463 2112
3464 1773
3465 1613
3466 2251
3467 3228
3468 3323
3469 2724
3470 709
3471 753
3472 2085
3473 847
3474 1425
3475 3041
3476 2510
3477 2071
3478 1367
3479 3027
3480 569
3481 913
3482 1137
3483 1879
3484 1329
3485 1411
3486 667
3487 2847
3488 194
3489 1243
3490 788
3491 242
3492 617
3493 366
3494 2549
3495 3059
3496 593
3497 2355
3498 1242
3499 2465
3500 3297
3501 1520
3502 1810
3503 312
3504 1312
3505 2621
3506 1608
3507 1386
3508 468
3509 433
3510 552
3511 1752
3512 562
3513 586
3514 3141
3515 1564
3516 2899
3517 2263
3518 1942
3519 253
3520 2007
3521 3379
3522 1598
3523 542
3524 1002
3525 789
3526 1191
3527 2062
3528 1065
3529 36
3530 1343
3531 1084
3532 1035
3533 847
3534 1787
3535 3488
3536 1066
3537 2943
3538 3133
3539 3497
3540 270
3541 2706
3542 124
3543 1683
3544 3454
3545 385
3546 3036
3547 2690
3548 2814
3549 2466
3550 1675
3551 56
3552 2578
3553 340
3554 655
3555 1715
3556 1480
3557 3423
3558 3147
3559 713
3560 1321
3561 1219
3562 3259
3563 3149
3564 1380
3565 33
3566 1031
3567 3159
3568 877
3569 2623
3570 2506
3571 3035
3572 2253
3573 3551
3574 2858
3575 829
3576 2914
3577 1011
3578 274
3579 1279
3580 1267
3581 3567
3582 261
3583 106
3584 205
3585 2034
3586 1198
3587 522
3588 2945
3589 751
3590 1818
3591 1266
3592 462
3593 2333
3594 418
3595 2485
3596 1798
3597 2977
3598 926
3599 2836
3600 2311
3601 1119
3602 2456
3603 1405
3604 459
3605 1837
3606 480
3607 1252
3608 2723
3609 2447
3610 3410
3611 361
3612 236
3613 1311
3614 252
3615 2473
3616 339
3617 2861
3618 869
3619 3370
3620 131
3621 1376
3622 1098
3623 1174
3624 3248
3625 694
3626 2584
3627 1762
3628 1342
3629 2919
3630 714
3631 1637
3632 857
3633 957
3634 1961
3635 189
3636 2283
3637 1121
3638 3328
3639 253
3640 2950
3641 3161
3642 1725
3643 1114
3644 1210
3645 825
3646 1332
3647 989
3648 1264
3649 2985
3650 579
3651 1334
3652 2054
3653 693
3654 758
3655 2443
3656 2888
3657 440
3658 2402
3659 3641
3660 1657
3661 612
3662 3121
3663 3403
3664 3460
3665 3565
3666 2611
3667 1293
3668 2314
3669 168
3670 1417
3671 3377
3672 768
3673 1397
3674 2677
3675 3141
3676 312
3677 1237
3678 209
3679 2758
3680 1520
3681 1110
3682 1421
3683 1841
3684 2206
3685 685
3686 3312
3687 2445
3688 3051
3689 672
3690 401
3691 1732
3692 973
3693 1210
3694 1131
3695 2539
3696 2157
3697 999
3698 1793
3699 1085
3700 1234
3701 1417
3702 505
3703 2902
3704 1168
3705 544
3706 146
3707 2510
3708 1176
3709 3409
3710 2204
3711 3145
3712 1426
3713 3364
3714 2738
3715 3231
3716 604
3717 1682
3718 3148
3719 2805
3720 2918
3721 3293
3722 1744
3723 1278
3724 995
3725 2753
3726 2484
3727 1375
3728 2522
3729 397
3730 3294
3731 1002
3732 950
3733 3322
3734 3120
3735 2983
3736 430
3737 917
3738 2877
3739 1011
3740 656
3741 767
3742 1117
3743 2145
3744 1228
3745 1375
3746 1463
3747 3457
3748 390
3749 1558
3750 3655
3751 2427
3752 2478
3753 2649
3754 3242
3755 1574
3756 58
3757 1130
3758 2102
3759 3667
3760 3355
3761 1517
3762 1165
3763 3201
3764 909
3765 2147
3766 3184
3767 2063
3768 1404
3769 1505
3770 3250
3771 1890
3772 1181
3773 23
3774 5
3775 3176
3776 2636
3777 1375
3778 2027
3779 938
3780 3548
3781 197
3782 1085
3783 2875
3784 679
3785 64
3786 1114
3787 2631
3788 501
3789 3687
3790 1680
3791 2493
3792 2383
3793 497
3794 187
3795 443
3796 2499
3797 2263
3798 1297
3799 354
3800 1113
3801 2321
3802 3714
3803 1634
3804 3300
3805 1526
3806 1989
3807 1229
3808 3376
3809 1352
3810 795
3811 1817
3812 1865
3813 73
3814 3091
3815 1843
3816 751
3817 121
3818 2030
3819 214
3820 501
3821 2886
3822 936
3823 3416
3824 1075
3825 1231
3826 387
3827 3398
3828 1934
3829 2433
3830 497
3831 2720
3832 2360
3833 1641
3834 570
3835 684
3836 2582
3837 1658
3838 219
3839 1525
3840 1901
3841 1662
3842 273
3843 3575
3844 662
3845 2386
3846 2961
3847 1804
3848 141
3849 1541
3850 157
3851 3408
3852 1767
3853 2663
3854 3181
3855 3523
3856 2760
3857 2665
3858 578
3859 3051
3860 3818
3861 1037
3862 1327
3863 601
3864 2343
3865 2573
3866 3522
3867 2739
3868 3426
3869 2536
3870 1725
3871 1257
3872 437
3873 2441
3874 2147
3875 1642
3876 2960
3877 3461
3878 1550
3879 212
3880 1765
3881 3357
3882 1544
3883 3437
3884 949
3885 2795
3886 3346
3887 3183
3888 173
3889 3629
3890 1417
3891 3795
3892 1132
3893 2763
3894 2767
3895 545
3896 792
3897 141
3898 1201
3899 2842
3900 1903
3901 803
3902 1741
3903 812
3904 1280
3905 3749
3906 754
3907 1688
3908 2600
3909 3122
3910 2479
3911 1454
3912 1850
3913 3645
3914 3385
3915 1917
3916 689
3917 2390
3918 2357
3919 1374
3920 542
3921 517
3922 1621
3923 3217
3924 3796
3925 2490
3926 3812
3927 467
3928 1469
3929 2797
3930 2146
3931 2629
3932 1118
3933 467
3934 3410
3935 1126
3936 2422
3937 1709
3938 761
3939 3511
3940 2453
3941 3122
3942 1605
3943 2687
3944 1952
3945 3405
3946 159
3947 3424
3948 1071
3949 385
3950 1669
3951 909
3952 660
3953 617
3954 749
3955 1381
3956 1104
3957 1864
3958 2519
3959 1401
3960 1494
3961 3215
3962 1333
3963 3562
3964 3860
3965 1597
3966 98
3967 2661
3968 1620
3969 2889
3970 768
3971 2713
3972 2056
3973 3075
3974 1062
3975 527
3976 984
3977 2965
3978 409
3979 3889
3980 3377
3981 3875
3982 895
3983 376
3984 3006
3985 3861
3986 2361
3987 1127
3988 2820
3989 2447
3990 1512
3991 3313
3992 2118
3993 2838
3994 1387
3995 1215
3996 346
3997 2121
3998 2449
3999 3676
4000 1426
4001 3959
4002 3014
4003 1754
4004 1089
4005 1506
4006 2148
4007 3693
4008 2264
4009 2540
4010 365
4011 2697
4012 3616
4013 1196
4014 3710
4015 3001
4016 2340
4017 467
4018 1022
4019 2467
4020 3635
4021 2461
4022 3323
4023 1513
4024 1646
4025 2716
4026 1352
4027 1827
4028 1341
4029 3519
4030 293
4031 2641
4032 990
4033 9
4034 1856
4035 979
4036 1556
4037 1865
4038 2516
4039 3827
4040 638
4041 146
4042 1702
4043 79
4044 2314
4045 3253
4046 1245
4047 1683
4048 559
4049 2169
4050 103
4051 2163
4052 1628
4053 3783
4054 593
4055 854
4056 268
4057 1353
4058 2838
4059 1632
4060 4034
4061 250
4062 3969
4063 3154
4064 3998
4065 1712
4066 873
4067 2714
4068 2295
4069 3784
4070 2272
4071 1393
4072 1150
4073 2049
4074 3361
4075 1951
4076 3662
4077 70
4078 1899
4079 217
4080 290
4081 4001
4082 1344
4083 1463
4084 2658
4085 2223
4086 1517
4087 937
4088 3121
4089 3235
4090 3398
4091 809
4092 3017
4093 577
4094 1803
4095 2318
4096 3834
4097 3908
4098 2108
4099 3743
4100 302
4101 1885
4102 757
4103 893
4104 1307
4105 2532
4106 514
4107 2472
4108 3109
4109 2618
4110 2489
4111 631
4112 1897
4113 3761
4114 217
4115 3034
4116 2288
4117 2274
4118 1839
4119 2907
4120 2495
4121 1259
4122 1958
4123 1992
4124 1173
4125 1111
4126 2617
4127 3090
4128 1429
4129 1425
4130 371
4131 84
4132 2018
4133 3000
4134 596
4135 3652
4136 3627
4137 1895
4138 2933
4139 3749
4140 1329
4141 167
4142 2439
4143 1823
4144 2162
4145 3875
4146 2995
4147 249
4148 3955
4149 2859
4150 285
4151 1735
4152 1761
4153 1071
4154 2824
4155 1248
4156 3947
4157 2446
4158 3696
4159 1807
4160 3083
4161 3775
4162 1015
4163 1772
4164 1950
4165 1775
4166 1347
4167 984
4168 1817
4169 4147
4170 3012
4171 2069
4172 940
4173 2754
4174 4067
4175 3187
4176 994
4177 3075
4178 3857
4179 11
4180 3948
4181 441
4182 1719
4183 1597
4184 2662
4185 561
4186 3510
4187 3597
4188 2843
4189 2773
4190 1289
4191 3284
4192 2009
4193 3362
4194 3663
4195 2131
4196 3767
4197 1891
4198 883
4199 123
4200 4110
4201 3685
4202 558
4203 3129
4204 1471
4205 1845
4206 1880
4207 1946
4208 2670
4209 1353
4210 2840
4211 3570
4212 1405
4213 3975
4214 1822
4215 1272
4216 3559
4217 2243
4218 2594
4219 1039
4220 3779
4221 1052
4222 1259
4223 4209
4224 1067
4225 2614
4226 2018
4227 419
4228 2479
4229 2304
4230 3084
4231 2507
4232 1180
4233 1659
4234 718
4235 1119
4236 3292
4237 3216
4238 2005
4239 485
4240 1482
4241 2276
4242 285
4243 3933
4244 4204
4245 919
4246 1844
4247 3510
4248 1283
4249 1888
4250 191
4251 1914
4252 3170
4253 2988
4254 192
4255 3466
4256 1864
4257 1371
4258 2521
4259 3011
4260 4157
4261 582
4262 369
4263 206
4264 2109
4265 3885
4266 4129
4267 3846
4268 3843
4269 485
4270 249
4271 4043
4272 1208
4273 3891
4274 3461
4275 2602
4276 425
4277 796
4278 809
4279 2411
4280 3380
4281 1352
4282 3321
4283 3807
4284 3890
4285 2394
4286 3203
4287 4078
4288 170
4289 1829
4290 691
4291 2288
4292 901
4293 2254
4294 166
4295 3072
4296 3127
4297 1180
4298 2994
4299 2287
4300 2294
4301 4250
4302 2555
4303 3136
4304 1573
4305 2220
4306 2903
4307 3703
4308 1731
4309 1571
4310 3044
4311 3087
4312 1874
4313 693
4314 87
4315 941
4316 2696
4317 3335
4318 4146
4319 1091
4320 486
4321 1444
4322 1967
4323 2222
4324 4221
4325 4309
4326 2892
4327 682
4328 1515
4329 1969
4330 2874
4331 3847
4332 3200
4333 288
4334 219
4335 553
4336 3114
4337 3393
4338 2319
4339 1159
4340 4244
4341 2805
4342 912
4343 2178
4344 2826
4345 3807
4346 3375
4347 101
4348 3820
4349 2760
4350 3534
4351 3151
4352 767
4353 4304
4354 2809
4355 2819
4356 1129
4357 1068
4358 2749
4359 615
4360 3975
4361 2463
4362 2506
4363 2008
4364 1596
4365 4309
4366 3855
4367 2266
4368 3435
4369 3296
4370 4254
4371 2411
4372 1887
4373 1081
4374 2143
4375 4157
4376 916
4377 3321
4378 2582
4379 86
4380 1992
4381 2118
4382 3975
4383 4281
4384 2790
4385 2973
4386 3113
4387 1180
4388 488
4389 2554
4390 2664
4391 3049
4392 921
4393 2205
4394 1157
4395 1996
4396 1375
4397 4038
4398 1552
4399 295
4400 1345
4401 3283
4402 479
4403 2489
4404 4277
4405 760
4406 2313
4407 1901
4408 3992
4409 374
4410 946
4411 2206
4412 1414
4413 3085
4414 3344
4415 3753
4416 3499
4417 2859
4418 2815
4419 4076
4420 553
4421 1553
4422 794
4423 3293
4424 3403
4425 132
4426 1961
4427 2633
4428 35
4429 1309
4430 2273
4431 3792
4432 1768
4433 3928
4434 2702
4435 3986
4436 2656
4437 1341
4438 1481
4439 3797
4440 3245
4441 3277
4442 3323
4443 3685
4444 2360
4445 2228
4446 85
4447 491
4448 1420
4449 4342
4450 1265
4451 4348
4452 939
4453 780
4454 3118
4455 2797
4456 4198
4457 309
4458 2047
4459 2386
4460 298
4461 1565
4462 3919
4463 768
4464 908
4465 1657
4466 1038
4467 3445
4468 899
4469 2871
4470 3834
4471 1017
4472 2848
4473 207
4474 2098
4475 38
4476 2845
4477 3443
4478 1627
4479 3514
4480 3166
4481 4074
4482 3669
4483 3418
4484 4137
4485 1177
4486 927
4487 3294
4488 182
4489 3958
4490 351
4491 2591
4492 1468
4493 37
4494 1877
4495 3741
4496 391
4497 1212
4498 2825
4499 4275
4500 4098
4501 2007
4502 4075
4503 653
4504 1373
4505 1884
4506 1631
4507 1582
4508 2667
4509 3173
4510 1494
4511 3894
4512 2415
4513 2463
4514 3474
4515 1890
4516 2701
4517 2221
4518 710
4519 1643
4520 548
4521 3333
4522 1643
4523 286
4524 3126
4525 2474
4526 666
4527 3416
4528 1083
4529 2921
4530 3361
4531 722
4532 2689
4533 1267
4534 1080
4535 1003
4536 1333
4537 1168
4538 863
4539 1000
4540 1091
4541 2555
4542 2781
4543 2608
4544 4537
4545 449
4546 4301
4547 596
4548 3577
4549 1245
4550 2704
4551 202
4552 635
4553 1633
4554 2398
4555 2990
4556 1568
4557 1030
4558 2310
4559 1649
4560 2952
4561 3636
4562 584
4563 4427
4564 1419
4565 1804
4566 1830
4567 1674
4568 4001
4569 3152
4570 1015
4571 175
4572 2873
4573 2438
4574 1060
4575 2197
4576 3860
4577 3320
4578 1104
4579 1253
4580 2119
4581 3232
4582 3357
4583 2761
4584 3669
4585 1399
4586 2178
4587 596
4588 3735
4589 3213
4590 2729
4591 1965
4592 624
4593 585
4594 2817
4595 3731
4596 2057
4597 591
4598 3338
4599 4131
4600 1058
4601 883
4602 3333
4603 3808
4604 3730
4605 1989
4606 2191
4607 2753
4608 1121
4609 679
4610 2891
4611 428
4612 962
4613 1945
4614 1084
4615 1642
4616 3199
4617 1025
4618 4475
4619 727
4620 2369
4621 1436
4622 1397
4623 1833
4624 1664
4625 2920
4626 2687
4627 3695
4628 2624
4629 1701
4630 3403
4631 4550
4632 3493
4633 2817
4634 2237
4635 4158
4636 2590
4637 1135
4638 6
4639 2753
4640 2019
4641 4223
4642 2330
4643 2364
4644 232
4645 4404
4646 259
4647 4614
4648 4354
4649 1365
4650 742
4651 3190
4652 1013
4653 4499
4654 2273
4655 3467
4656 1350
4657 905
4658 1411
4659 855
4660 4507
4661 2580
4662 3785
4663 1436
4664 1631
4665 3150
4666 1371
4667 1695
4668 1604
4669 223
4670 859
4671 455
4672 2579
4673 2349
4674 1040
4675 1137
4676 1712
4677 3655
4678 4377
4679 1731
4680 2535
4681 2954
4682 2008
4683 4435
4684 3242
4685 4620
4686 3893
4687 1201
4688 937
4689 352
4690 2634
4691 1692
4692 1696
4693 4503
4694 1491
4695 4056
4696 4319
4697 4096
4698 4243
4699 3833
4700 611
4701 2783
4702 2073
4703 3003
4704 769
4705 210
4706 371
4707 3049
4708 4517
4709 1549
4710 728
4711 2912
4712 2622
4713 2442
4714 1512
4715 3627
4716 2404
4717 3217
4718 2916
4719 1145
4720 4344
4721 2249
4722 4390
4723 1287
4724 852
4725 3541
4726 255
4727 3313
4728 1248
4729 1114
4730 2855
4731 3526
4732 3322
4733 2810
4734 4251
4735 1450
4736 2251
4737 1562
4738 699
4739 3053
4740 3566
4741 4723
4742 1171
4743 809
4744 2190
4745 397
4746 1451
4747 1659
4748 382
4749 2655
4750 4005
4751 2143
4752 4291
4753 2052
4754 1278
4755 4367
4756 3476
4757 1559
4758 2040
4759 3037
4760 1570
4761 1918
4762 2663
4763 3793
4764 1239
4765 3356
4766 802
4767 2621
4768 4519
4769 4485
4770 840
4771 2472
4772 911
4773 3314
4774 1555
4775 271
4776 4137
4777 2613
4778 1241
4779 3357
4780 3606
4781 2295
4782 690
4783 3999
4784 4116
4785 2393
4786 3019
4787 309
4788 4675
4789 2426
4790 1593
4791 509
4792 3292
4793 1144
4794 937
4795 1318
4796 567
4797 2037
4798 2891
4799 2791
4800 641
4801 1135
4802 1442
4803 4160
4804 4384
4805 2303
4806 2268
4807 4803
4808 441
4809 4559
4810 637
4811 2127
4812 3193
4813 4734
4814 4209
4815 777
4816 980
4817 2700
4818 4038
4819 1327
4820 4725
4821 705
4822 3696
4823 3978
4824 351
4825 2834
4826 3009
4827 610
4828 309
4829 1315
4830 503
4831 2208
4832 2571
4833 2168
4834 2815
4835 4759
4836 3925
4837 4142
4838 3420
4839 4037
4840 2365
4841 2970
4842 2395
4843 3310
4844 1176
4845 4513
4846 2588
4847 2566
4848 1450
4849 4105
4850 830
4851 2844
4852 229
4853 3970
4854 3415
4855 1986
4856 1816
4857 4497
4858 3634
4859 1243
4860 4818
4861 115
4862 1357
4863 1812
4864 4498
4865 4442
4866 2370
4867 410
4868 1812
4869 4800
4870 1739
4871 4517
4872 2782
4873 2689
4874 511
4875 3114
4876 3058
4877 1476
4878 2391
4879 3409
4880 378
4881 4169
4882 645
4883 3224
4884 821
4885 3681
4886 2184
4887 3379
4888 4131
4889 1319
4890 212
4891 111
4892 1025
4893 3991
4894 463
4895 3609
4896 128
4897 276
4898 226
4899 3861
4900 4198
4901 4206
4902 2174
4903 1171
4904 4473
4905 3413
4906 1772
4907 1705
4908 3865
4909 1569
4910 3990
4911 1690
4912 320
4913 1593
4914 129
4915 57
4916 2147
4917 3806
4918 2512
4919 4163
4920 1039
4921 4135
4922 181
4923 1432
4924 3311
4925 327
4926 197
4927 891
4928 377
4929 4046
4930 1728
4931 4308
4932 190
4933 189
4934 3917
4935 4102
4936 2714
4937 904
4938 3372
4939 1287
4940 433
4941 2764
4942 720
4943 2678
4944 959
4945 1469
4946 2244
4947 3687
4948 4803
4949 816
4950 401
4951 707
4952 2093
4953 4816
4954 3097
4955 4667
4956 1676
4957 3781
4958 1317
4959 48
4960 2725
4961 2652
4962 2807
4963 3021
4964 3181
4965 2949
4966 2153
4967 3044
4968 1332
4969 3776
4970 719
4971 2897
4972 2900
4973 4045
4974 3192
4975 3015
4976 447
4977 2201
4978 545
4979 709
4980 1331
4981 4243
4982 891
4983 705
4984 141
4985 197
4986 4031
4987 3715
4988 883
4989 2781
4990 4057
4991 3715
4992 3115
4993 1318
4994 2755
4995 4763
4996 14
4997 277
4998 2043
4999 1057
5000 4590
