5000 5000
2834 44 36 28 12 11 7 6 3 2 1 5 4 9 8 10 17 16 13 15 14 27 24 22 19 18 21 20 23 25 26 31 30 29 34 33 32 35 40 38 37 39 42 41 43 1341 237 159 152 117 92 58 52 49 48 47 46 45 51 50 54 53 56 55 57 78 72 66 65 61 59 60 64 63 62 69 68 67 70 71 74 73 76 75 77 90 88 86 83 82 80 79 81 84 85 87 89 91 112 106 99 94 93 96 95 97 98 100 104 101 103 102 105 111 108 107 110 109 113 114 116 115 132 120 119 118 122 121 129 127 123 126 125 124 128 130 131 140 134 133 135 138 137 136 139 141 148 142 144 143 147 145 146 151 149 150 156 155 153 154 157 158 226 205 204 164 160 163 162 161 189 188 168 165 166 167 181 176 170 169 172 171 174 173 175 177 178 180 179 183 182 184 186 185 187 195 192 190 191 194 193 202 201 196 198 197 199 200 203 219 218 211 208 207 206 209 210 215 214 212 213 216 217 223 222 220 221 225 224 227 234 232 231 229 228 230 233 236 235 629 345 271 260 259 253 243 242 240 239 238 241 249 244 247 245 246 248 251 250 252 257 254 256 255 258 269 261 264 263 262 267 265 266 268 270 313 296 277 275 274 273 272 276 284 280 278 279 281 283 282 285 295 291 290 288 287 286 289 293 292 294 302 297 299 298 300 301 310 308 303 305 304 307 306 309 312 311 328 324 318 315 314 316 317 323 320 319 322 321 326 325 327 340 338 333 330 329 331 332 336 335 334 337 339 343 342 341 344 543 498 398 363 352 349 347 346 348 350 351 359 356 353 355 354 358 357 361 360 362 386 369 368 364 366 365 367 372 371 370 378 377 374 373 376 375 382 380 379 381 384 383 385 387 390 388 389 393 392 391 395 394 397 396 472 402 400 399 401 440 423 406 404 403 405 409 408 407 413 410 412 411 418 417 416 414 415 420 419 421 422 426 425 424 430 427 428 429 437 436 431 435 432 433 434 439 438 454 451 447 442 441 446 445 444 443 448 449 450 452 453 467 463 462 461 460 457 455 456 458 459 464 465 466 468 470 469 471 497 488 484 476 474 473 475 479 477 478 481 480 483 482 487 486 485 489 491 490 492 494 493 495 496 534 505 500 499 502 501 503 504 508 506 507 518 510 509 515 513 512 511 514 517 516 526 525 519 523 522 520 521 524 531 528 527 529 530 533 532 538 535 536 537 541 539 540 542 623 617 587 566 548 544 545 546 547 549 565 554 552 551 550 553 562 556 555 560 559 558 557 561 563 564 585 584 570 569 567 568 582 581 577 576 573 572 571 574 575 578 580 579 583 586 613 594 590 589 588 592 591 593 595 612 602 596 597 601 600 599 598 605 604 603 610 608 607 606 609 611 614 615 616 621 620 619 618 622 626 624 625 628 627 809 702 679 651 630 639 638 633 632 631 636 635 634 637 642 641 640 649 643 646 645 644 648 647 650 666 655 652 653 654 662 660 657 656 659 658 661 664 663 665 667 672 671 668 669 670 675 674 673 676 677 678 680 685 681 683 682 684 698 695 691 689 688 687 686 690 692 693 694 696 697 699 700 701 757 741 739 727 724 708 704 703 707 705 706 719 711 710 709 718 712 716 713 715 714 717 723 722 721 720 726 725 729 728 734 733 731 730 732 735 737 736 738 740 745 744 743 742 750 746 748 747 749 753 751 752 754 755 756 808 770 763 761 758 760 759 762 769 768 766 764 765 767 786 781 778 777 775 772 771 773 774 776 780 779 784 783 782 785 804 791 790 787 789 788 802 799 792 796 793 795 794 798 797 801 800 803 805 807 806 1325 1022 969 865 822 816 814 810 813 811 812 815 821 817 820 819 818 829 828 824 823 826 825 827 831 830 859 837 836 834 833 832 835 844 838 842 841 839 840 843 856 850 848 846 845 847 849 855 851 853 852 854 857 858 863 862 860 861 864 944 934 876 866 868 867 872 871 870 869 875 874 873 919 908 888 878 877 884 882 879 880 881 883 885 887 886 889 903 901 896 890 891 893 892 894 895 900 899 898 897 902 905 904 907 906 917 915 912 910 909 911 913 914 916 918 921 920 924 922 923 928 925 927 926 933 932 931 930 929 937 935 936 942 938 940 939 941 943 968 961 948 945 946 947 949 957 950 955 953 952 951 954 956 958 960 959 967 964 963 962 966 965 1002 987 983 971 970 978 974 973 972 975 976 977 981 979 980 982 985 984 986 994 989 988 992 990 991 993 996 995 1000 998 997 999 1001 1019 1011 1006 1005 1004 1003 1008 1007 1010 1009 1015 1012 1014 1013 1016 1018 1017 1021 1020 1222 1052 1044 1038 1034 1033 1027 1025 1024 1023 1026 1028 1031 1030 1029 1032 1036 1035 1037 1042 1040 1039 1041 1043 1050 1046 1045 1049 1048 1047 1051 1100 1058 1053 1057 1054 1056 1055 1088 1068 1059 1066 1062 1061 1060 1064 1063 1065 1067 1081 1074 1070 1069 1072 1071 1073 1078 1075 1076 1077 1080 1079 1085 1084 1082 1083 1086 1087 1093 1091 1090 1089 1092 1096 1094 1095 1098 1097 1099 1202 1187 1124 1103 1101 1102 1104 1113 1109 1108 1105 1106 1107 1110 1111 1112 1119 1114 1117 1115 1116 1118 1123 1120 1122 1121 1143 1129 1125 1127 1126 1128 1131 1130 1139 1133 1132 1136 1134 1135 1137 1138 1142 1141 1140 1160 1148 1146 1145 1144 1147 1158 1154 1151 1150 1149 1153 1152 1155 1156 1157 1159 1167 1162 1161 1165 1164 1163 1166 1173 1172 1168 1169 1170 1171 1174 1186 1184 1183 1178 1176 1175 1177 1182 1179 1180 1181 1185 1190 1189 1188 1201 1194 1192 1191 1193 1195 1198 1197 1196 1200 1199 1209 1203 1206 1204 1205 1208 1207 1221 1218 1217 1210 1212 1211 1216 1214 1213 1215 1219 1220 1310 1278 1228 1225 1223 1224 1226 1227 1271 1250 1237 1235 1234 1230 1229 1232 1231 1233 1236 1244 1240 1238 1239 1243 1241 1242 1245 1246 1248 1247 1249 1267 1254 1251 1253 1252 1264 1262 1260 1256 1255 1258 1257 1259 1261 1263 1265 1266 1268 1269 1270 1272 1275 1274 1273 1277 1276 1282 1281 1280 1279 1287 1285 1283 1284 1286 1303 1294 1293 1290 1288 1289 1292 1291 1299 1298 1295 1296 1297 1300 1302 1301 1306 1304 1305 1307 1309 1308 1321 1313 1311 1312 1317 1316 1314 1315 1319 1318 1320 1324 1322 1323 1333 1326 1329 1327 1328 1330 1331 1332 1340 1338 1336 1335 1334 1337 1339 2009 1479 1398 1394 1346 1344 1343 1342 1345 1352 1350 1349 1347 1348 1351 1354 1353 1371 1356 1355 1357 1367 1358 1362 1360 1359 1361 1363 1365 1364 1366 1370 1369 1368 1389 1384 1379 1376 1372 1375 1373 1374 1377 1378 1383 1381 1380 1382 1388 1386 1385 1387 1392 1391 1390 1393 1395 1396 1397 1433 1401 1400 1399 1432 1408 1406 1405 1404 1403 1402 1407 1414 1409 1412 1411 1410 1413 1418 1417 1415 1416 1420 1419 1425 1421 1422 1424 1423 1428 1427 1426 1429 1431 1430 1465 1452 1442 1435 1434 1437 1436 1439 1438 1440 1441 1450 1448 1444 1443 1447 1446 1445 1449 1451 1463 1454 1453 1457 1455 1456 1462 1461 1459 1458 1460 1464 1474 1470 1469 1467 1466 1468 1471 1472 1473 1476 1475 1478 1477 1646 1485 1484 1480 1481 1482 1483 1532 1522 1520 1492 1490 1487 1486 1488 1489 1491 1499 1494 1493 1498 1496 1495 1497 1514 1502 1501 1500 1511 1509 1505 1503 1504 1507 1506 1508 1510 1512 1513 1517 1515 1516 1519 1518 1521 1529 1523 1525 1524 1527 1526 1528 1530 1531 1542 1534 1533 1540 1539 1537 1535 1536 1538 1541 1584 1545 1543 1544 1563 1560 1554 1550 1546 1548 1547 1549 1552 1551 1553 1557 1555 1556 1558 1559 1562 1561 1581 1575 1573 1569 1564 1567 1565 1566 1568 1572 1570 1571 1574 1577 1576 1578 1579 1580 1583 1582 1606 1605 1601 1597 1596 1586 1585 1587 1590 1589 1588 1593 1591 1592 1594 1595 1598 1599 1600 1604 1602 1603 1609 1608 1607 1612 1610 1611 1622 1614 1613 1615 1621 1620 1619 1617 1616 1618 1623 1637 1625 1624 1627 1626 1628 1636 1633 1632 1631 1629 1630 1634 1635 1645 1638 1641 1640 1639 1642 1643 1644 1893 1865 1750 1736 1665 1664 1648 1647 1661 1657 1650 1649 1653 1651 1652 1656 1654 1655 1658 1660 1659 1663 1662 1719 1712 1675 1670 1666 1668 1667 1669 1671 1673 1672 1674 1692 1676 1685 1682 1677 1681 1679 1678 1680 1683 1684 1691 1689 1686 1688 1687 1690 1701 1697 1695 1694 1693 1696 1699 1698 1700 1706 1703 1702 1705 1704 1709 1708 1707 1710 1711 1717 1716 1714 1713 1715 1718 1725 1721 1720 1723 1722 1724 1734 1732 1731 1728 1727 1726 1730 1729 1733 1735 1746 1740 1739 1738 1737 1745 1741 1744 1742 1743 1748 1747 1749 1762 1759 1751 1756 1752 1754 1753 1755 1758 1757 1760 1761 1799 1766 1765 1763 1764 1783 1778 1772 1771 1770 1768 1767 1769 1773 1774 1775 1776 1777 1781 1779 1780 1782 1785 1784 1787 1786 1790 1789 1788 1793 1792 1791 1794 1798 1795 1797 1796 1845 1826 1805 1802 1800 1801 1803 1804 1824 1819 1817 1812 1807 1806 1810 1808 1809 1811 1816 1814 1813 1815 1818 1823 1821 1820 1822 1825 1833 1829 1827 1828 1830 1831 1832 1844 1843 1837 1835 1834 1836 1839 1838 1841 1840 1842 1846 1850 1848 1847 1849 1859 1858 1855 1853 1852 1851 1854 1857 1856 1861 1860 1862 1864 1863 1873 1871 1867 1866 1869 1868 1870 1872 1874 1876 1875 1884 1880 1879 1878 1877 1881 1883 1882 1885 1886 1889 1887 1888 1891 1890 1892 1985 1944 1939 1908 1898 1897 1895 1894 1896 1900 1899 1901 1905 1904 1903 1902 1906 1907 1914 1911 1910 1909 1912 1913 1924 1921 1915 1918 1917 1916 1919 1920 1922 1923 1934 1933 1928 1927 1926 1925 1930 1929 1931 1932 1936 1935 1937 1938 1942 1940 1941 1943 1947 1946 1945 1958 1948 1957 1952 1951 1949 1950 1953 1955 1954 1956 1959 1964 1960 1963 1962 1961 1972 1970 1969 1968 1965 1967 1966 1971 1979 1975 1973 1974 1977 1976 1978 1980 1983 1981 1982 1984 2005 2001 1996 1986 1994 1987 1992 1988 1989 1990 1991 1993 1995 2000 1998 1997 1999 2004 2002 2003 2008 2006 2007 2182 2133 2081 2028 2019 2012 2010 2011 2017 2013 2015 2014 2016 2018 2020 2023 2021 2022 2024 2027 2026 2025 2069 2030 2029 2035 2034 2031 2032 2033 2049 2037 2036 2044 2041 2039 2038 2040 2043 2042 2047 2046 2045 2048 2054 2050 2052 2051 2053 2057 2056 2055 2064 2061 2059 2058 2060 2062 2063 2065 2066 2067 2068 2070 2075 2074 2073 2072 2071 2079 2076 2077 2078 2080 2086 2085 2084 2083 2082 2108 2095 2089 2088 2087 2094 2090 2092 2091 2093 2099 2097 2096 2098 2101 2100 2104 2102 2103 2105 2107 2106 2119 2115 2110 2109 2114 2111 2113 2112 2116 2117 2118 2125 2122 2120 2121 2124 2123 2126 2130 2129 2128 2127 2132 2131 2144 2140 2135 2134 2136 2139 2137 2138 2141 2143 2142 2147 2145 2146 2154 2152 2149 2148 2151 2150 2153 2158 2157 2156 2155 2166 2160 2159 2165 2164 2161 2163 2162 2171 2169 2167 2168 2170 2178 2172 2173 2176 2175 2174 2177 2180 2179 2181 2541 2353 2282 2213 2209 2207 2197 2192 2183 2190 2184 2187 2185 2186 2188 2189 2191 2196 2193 2195 2194 2199 2198 2200 2201 2204 2203 2202 2206 2205 2208 2212 2211 2210 2263 2219 2216 2215 2214 2218 2217 2244 2237 2221 2220 2224 2223 2222 2236 2233 2225 2230 2228 2226 2227 2229 2232 2231 2235 2234 2238 2239 2240 2242 2241 2243 2247 2246 2245 2252 2251 2250 2248 2249 2253 2256 2254 2255 2258 2257 2262 2260 2259 2261 2281 2278 2277 2271 2270 2265 2264 2269 2266 2267 2268 2273 2272 2274 2275 2276 2280 2279 2326 2298 2297 2295 2288 2284 2283 2286 2285 2287 2292 2291 2289 2290 2294 2293 2296 2322 2310 2308 2306 2300 2299 2302 2301 2305 2303 2304 2307 2309 2313 2312 2311 2315 2314 2319 2318 2317 2316 2321 2320 2325 2323 2324 2328 2327 2351 2340 2339 2333 2330 2329 2332 2331 2337 2334 2336 2335 2338 2344 2341 2343 2342 2348 2346 2345 2347 2349 2350 2352 2392 2387 2361 2357 2354 2355 2356 2360 2359 2358 2380 2370 2362 2365 2364 2363 2368 2367 2366 2369 2377 2372 2371 2373 2374 2376 2375 2379 2378 2384 2382 2381 2383 2386 2385 2388 2391 2389 2390 2401 2396 2394 2393 2395 2399 2397 2398 2400 2457 2422 2409 2408 2405 2402 2404 2403 2407 2406 2413 2411 2410 2412 2418 2415 2414 2417 2416 2419 2420 2421 2445 2434 2432 2430 2429 2426 2424 2423 2425 2428 2427 2431 2433 2441 2439 2436 2435 2438 2437 2440 2443 2442 2444 2455 2451 2448 2446 2447 2450 2449 2452 2453 2454 2456 2519 2485 2472 2468 2466 2464 2463 2460 2459 2458 2462 2461 2465 2467 2471 2470 2469 2475 2474 2473 2483 2481 2477 2476 2480 2479 2478 2482 2484 2500 2494 2492 2490 2488 2487 2486 2489 2491 2493 2496 2495 2497 2499 2498 2514 2506 2504 2501 2502 2503 2505 2509 2508 2507 2511 2510 2513 2512 2517 2516 2515 2518 2520 2522 2521 2538 2528 2524 2523 2527 2525 2526 2531 2530 2529 2537 2532 2533 2534 2536 2535 2540 2539 2777 2747 2547 2542 2543 2544 2546 2545 2668 2624 2581 2559 2553 2549 2548 2551 2550 2552 2558 2554 2555 2557 2556 2579 2575 2561 2560 2571 2566 2565 2562 2563 2564 2567 2569 2568 2570 2572 2573 2574 2577 2576 2578 2580 2592 2587 2585 2583 2582 2584 2586 2588 2591 2589 2590 2602 2595 2594 2593 2598 2596 2597 2600 2599 2601 2620 2607 2604 2603 2605 2606 2616 2614 2611 2608 2610 2609 2613 2612 2615 2617 2618 2619 2623 2621 2622 2625 2653 2635 2629 2626 2627 2628 2632 2630 2631 2634 2633 2647 2636 2642 2637 2638 2641 2639 2640 2643 2646 2645 2644 2649 2648 2652 2650 2651 2666 2660 2659 2654 2657 2655 2656 2658 2663 2661 2662 2665 2664 2667 2695 2679 2678 2671 2670 2669 2672 2677 2675 2674 2673 2676 2686 2685 2683 2680 2682 2681 2684 2687 2690 2688 2689 2691 2693 2692 2694 2721 2713 2698 2697 2696 2712 2705 2700 2699 2701 2704 2702 2703 2711 2708 2707 2706 2709 2710 2716 2714 2715 2719 2718 2717 2720 2727 2723 2722 2725 2724 2726 2735 2734 2730 2728 2729 2733 2731 2732 2736 2740 2738 2737 2739 2742 2741 2745 2744 2743 2746 2758 2752 2750 2749 2748 2751 2755 2753 2754 2756 2757 2764 2762 2761 2760 2759 2763 2774 2769 2765 2768 2767 2766 2770 2772 2771 2773 2776 2775 2793 2791 2786 2783 2782 2781 2780 2779 2778 2785 2784 2788 2787 2789 2790 2792 2801 2799 2794 2798 2797 2796 2795 2800 2826 2813 2812 2809 2804 2802 2803 2808 2806 2805 2807 2811 2810 2820 2817 2814 2815 2816 2819 2818 2823 2822 2821 2824 2825 2833 2827 2828 2829 2830 2831 2832 3831 3526 3020 2881 2868 2844 2841 2838 2835 2837 2836 2840 2839 2842 2843 2862 2847 2846 2845 2861 2860 2855 2851 2850 2848 2849 2852 2853 2854 2857 2856 2859 2858 2866 2865 2864 2863 2867 2876 2871 2869 2870 2874 2873 2872 2875 2877 2878 2880 2879 3003 2962 2923 2888 2882 2886 2885 2884 2883 2887 2917 2903 2891 2889 2890 2900 2899 2898 2896 2892 2895 2894 2893 2897 2901 2902 2906 2905 2904 2914 2909 2907 2908 2910 2911 2913 2912 2916 2915 2919 2918 2920 2922 2921 2924 2950 2939 2926 2925 2934 2930 2929 2928 2927 2931 2932 2933 2937 2935 2936 2938 2941 2940 2945 2944 2942 2943 2949 2948 2946 2947 2953 2952 2951 2955 2954 2961 2958 2957 2956 2960 2959 2988 2975 2974 2965 2964 2963 2967 2966 2972 2970 2969 2968 2971 2973 2976 2978 2977 2979 2980 2987 2985 2982 2981 2983 2984 2986 2991 2990 2989 2996 2994 2992 2993 2995 2999 2997 2998 3000 3002 3001 3008 3006 3005 3004 3007 3016 3015 3014 3011 3010 3009 3012 3013 3018 3017 3019 3284 3183 3112 3060 3048 3026 3025 3023 3021 3022 3024 3034 3028 3027 3031 3029 3030 3033 3032 3035 3043 3041 3036 3037 3039 3038 3040 3042 3046 3044 3045 3047 3054 3051 3050 3049 3052 3053 3056 3055 3057 3058 3059 3107 3061 3105 3100 3069 3065 3062 3064 3063 3067 3066 3068 3074 3071 3070 3072 3073 3089 3088 3077 3076 3075 3083 3082 3080 3079 3078 3081 3085 3084 3087 3086 3090 3099 3094 3092 3091 3093 3096 3095 3098 3097 3104 3102 3101 3103 3106 3108 3111 3109 3110 3135 3125 3113 3116 3115 3114 3124 3121 3119 3118 3117 3120 3122 3123 3134 3132 3129 3128 3127 3126 3131 3130 3133 3144 3143 3138 3136 3137 3142 3141 3139 3140 3167 3148 3145 3147 3146 3166 3155 3154 3152 3150 3149 3151 3153 3165 3161 3159 3158 3156 3157 3160 3163 3162 3164 3182 3174 3173 3169 3168 3170 3172 3171 3180 3177 3176 3175 3179 3178 3181 3203 3193 3190 3188 3184 3185 3187 3186 3189 3191 3192 3198 3196 3194 3195 3197 3199 3200 3202 3201 3219 3218 3206 3204 3205 3207 3216 3215 3213 3209 3208 3211 3210 3212 3214 3217 3230 3226 3222 3220 3221 3223 3224 3225 3229 3228 3227 3234 3231 3232 3233 3263 3258 3252 3244 3242 3241 3237 3236 3235 3240 3238 3239 3243 3246 3245 3251 3249 3248 3247 3250 3255 3253 3254 3256 3257 3260 3259 3262 3261 3266 3265 3264 3280 3267 3275 3269 3268 3271 3270 3274 3273 3272 3278 3277 3276 3279 3283 3281 3282 3371 3359 3329 3294 3292 3289 3286 3285 3287 3288 3291 3290 3293 3297 3296 3295 3315 3302 3300 3298 3299 3301 3306 3305 3304 3303 3307 3314 3309 3308 3313 3310 3312 3311 3321 3318 3316 3317 3320 3319 3324 3322 3323 3326 3325 3327 3328 3351 3342 3338 3337 3330 3333 3332 3331 3334 3335 3336 3340 3339 3341 3343 3349 3347 3344 3345 3346 3348 3350 3352 3358 3356 3355 3354 3353 3357 3366 3362 3361 3360 3364 3363 3365 3368 3367 3369 3370 3406 3387 3382 3377 3376 3372 3373 3375 3374 3380 3379 3378 3381 3384 3383 3386 3385 3402 3395 3389 3388 3392 3390 3391 3393 3394 3399 3396 3398 3397 3400 3401 3404 3403 3405 3510 3421 3407 3418 3415 3409 3408 3413 3412 3411 3410 3414 3417 3416 3419 3420 3426 3424 3423 3422 3425 3496 3490 3438 3427 3429 3428 3432 3430 3431 3436 3434 3433 3435 3437 3451 3449 3446 3444 3442 3441 3439 3440 3443 3445 3448 3447 3450 3458 3454 3453 3452 3457 3455 3456 3461 3459 3460 3482 3480 3474 3462 3468 3467 3464 3463 3466 3465 3472 3469 3471 3470 3473 3477 3476 3475 3479 3478 3481 3485 3483 3484 3487 3486 3488 3489 3495 3494 3493 3492 3491 3506 3503 3499 3497 3498 3502 3501 3500 3505 3504 3509 3507 3508 3520 3512 3511 3513 3516 3515 3514 3518 3517 3519 3523 3522 3521 3524 3525 3751 3553 3536 3528 3527 3529 3535 3534 3531 3530 3533 3532 3543 3542 3540 3539 3537 3538 3541 3546 3545 3544 3547 3548 3552 3550 3549 3551 3604 3554 3577 3568 3562 3561 3560 3555 3559 3556 3558 3557 3566 3564 3563 3565 3567 3569 3572 3570 3571 3574 3573 3575 3576 3600 3597 3580 3578 3579 3590 3584 3583 3581 3582 3586 3585 3588 3587 3589 3596 3593 3591 3592 3595 3594 3598 3599 3603 3601 3602 3747 3658 3607 3606 3605 3638 3626 3618 3615 3609 3608 3611 3610 3614 3612 3613 3617 3616 3624 3619 3621 3620 3623 3622 3625 3630 3628 3627 3629 3631 3637 3634 3632 3633 3636 3635 3639 3655 3653 3652 3651 3641 3640 3647 3645 3643 3642 3644 3646 3648 3649 3650 3654 3657 3656 3740 3677 3676 3667 3663 3660 3659 3662 3661 3665 3664 3666 3674 3669 3668 3670 3672 3671 3673 3675 3720 3699 3695 3680 3679 3678 3692 3686 3681 3682 3684 3683 3685 3690 3689 3688 3687 3691 3693 3694 3698 3697 3696 3709 3705 3703 3702 3700 3701 3704 3708 3707 3706 3717 3710 3713 3711 3712 3716 3714 3715 3718 3719 3731 3730 3726 3723 3722 3721 3724 3725 3727 3729 3728 3739 3733 3732 3734 3735 3736 3737 3738 3743 3742 3741 3746 3744 3745 3748 3750 3749 3817 3760 3759 3757 3754 3753 3752 3756 3755 3758 3815 3804 3764 3762 3761 3763 3773 3767 3766 3765 3769 3768 3771 3770 3772 3801 3781 3777 3774 3776 3775 3778 3779 3780 3800 3782 3791 3790 3787 3783 3785 3784 3786 3788 3789 3798 3794 3793 3792 3795 3797 3796 3799 3803 3802 3808 3806 3805 3807 3814 3812 3811 3810 3809 3813 3816 3821 3820 3818 3819 3825 3824 3823 3822 3827 3826 3828 3830 3829 4506 4289 3891 3882 3862 3842 3840 3835 3832 3833 3834 3836 3838 3837 3839 3841 3849 3845 3843 3844 3848 3847 3846 3854 3850 3852 3851 3853 3861 3857 3855 3856 3859 3858 3860 3866 3864 3863 3865 3875 3874 3872 3868 3867 3870 3869 3871 3873 3878 3876 3877 3881 3879 3880 3887 3885 3883 3884 3886 3890 3888 3889 4223 4114 4013 4005 3967 3911 3901 3894 3892 3893 3896 3895 3899 3897 3898 3900 3906 3903 3902 3905 3904 3909 3907 3908 3910 3960 3923 3915 3914 3912 3913 3917 3916 3920 3919 3918 3922 3921 3946 3945 3937 3935 3929 3925 3924 3928 3926 3927 3934 3931 3930 3932 3933 3936 3940 3938 3939 3943 3941 3942 3944 3956 3953 3951 3948 3947 3950 3949 3952 3954 3955 3958 3957 3959 3965 3961 3964 3963 3962 3966 3973 3971 3969 3968 3970 3972 3989 3974 3980 3975 3976 3977 3979 3978 3982 3981 3988 3987 3985 3983 3984 3986 3997 3990 3996 3994 3992 3991 3993 3995 3999 3998 4001 4000 4003 4002 4004 4007 4006 4008 4010 4009 4011 4012 4113 4017 4016 4014 4015 4043 4033 4031 4018 4020 4019 4030 4025 4021 4024 4022 4023 4028 4027 4026 4029 4032 4039 4038 4036 4034 4035 4037 4040 4041 4042 4052 4051 4049 4048 4047 4044 4046 4045 4050 4072 4068 4055 4054 4053 4057 4056 4058 4060 4059 4067 4064 4063 4061 4062 4065 4066 4069 4070 4071 4073 4080 4077 4074 4076 4075 4078 4079 4093 4082 4081 4086 4085 4083 4084 4088 4087 4092 4089 4090 4091 4104 4101 4096 4094 4095 4098 4097 4099 4100 4102 4103 4111 4106 4105 4108 4107 4109 4110 4112 4155 4143 4131 4129 4127 4117 4116 4115 4122 4121 4120 4118 4119 4123 4124 4126 4125 4128 4130 4138 4136 4132 4134 4133 4135 4137 4141 4139 4140 4142 4154 4146 4144 4145 4149 4147 4148 4150 4151 4152 4153 4162 4159 4157 4156 4158 4160 4161 4178 4172 4170 4166 4163 4164 4165 4169 4167 4168 4171 4174 4173 4177 4175 4176 4220 4218 4192 4191 4182 4181 4180 4179 4189 4187 4186 4185 4184 4183 4188 4190 4209 4198 4193 4195 4194 4197 4196 4208 4206 4200 4199 4201 4202 4203 4204 4205 4207 4217 4212 4211 4210 4215 4214 4213 4216 4219 4221 4222 4266 4247 4234 4233 4232 4231 4224 4225 4229 4227 4226 4228 4230 4240 4235 4238 4236 4237 4239 4241 4243 4242 4246 4245 4244 4250 4249 4248 4262 4254 4253 4252 4251 4257 4256 4255 4260 4258 4259 4261 4263 4265 4264 4279 4273 4270 4269 4268 4267 4272 4271 4277 4276 4274 4275 4278 4280 4284 4281 4282 4283 4288 4287 4286 4285 4479 4293 4290 4291 4292 4476 4412 4366 4354 4299 4298 4297 4296 4294 4295 4305 4301 4300 4303 4302 4304 4318 4316 4307 4306 4315 4312 4311 4309 4308 4310 4314 4313 4317 4323 4322 4321 4320 4319 4335 4327 4325 4324 4326 4329 4328 4334 4331 4330 4333 4332 4353 4344 4336 4343 4338 4337 4341 4340 4339 4342 4352 4350 4348 4347 4346 4345 4349 4351 4359 4356 4355 4357 4358 4363 4360 4361 4362 4365 4364 4389 4388 4378 4373 4369 4367 4368 4372 4370 4371 4377 4376 4375 4374 4386 4379 4383 4381 4380 4382 4385 4384 4387 4392 4391 4390 4406 4400 4399 4394 4393 4397 4396 4395 4398 4405 4402 4401 4404 4403 4408 4407 4409 4410 4411 4460 4437 4416 4415 4413 4414 4419 4418 4417 4429 4426 4422 4420 4421 4423 4425 4424 4427 4428 4434 4430 4432 4431 4433 4435 4436 4450 4440 4439 4438 4449 4443 4441 4442 4446 4445 4444 4448 4447 4459 4452 4451 4454 4453 4458 4457 4456 4455 4465 4462 4461 4463 4464 4472 4471 4470 4466 4467 4469 4468 4474 4473 4475 4478 4477 4484 4482 4481 4480 4483 4494 4489 4485 4486 4487 4488 4491 4490 4492 4493 4495 4501 4497 4496 4498 4499 4500 4502 4504 4503 4505 4994 4775 4618 4512 4509 4507 4508 4510 4511 4540 4532 4521 4518 4517 4515 4514 4513 4516 4520 4519 4530 4527 4526 4524 4523 4522 4525 4529 4528 4531 4535 4533 4534 4537 4536 4538 4539 4595 4589 4542 4541 4545 4544 4543 4580 4551 4549 4546 4547 4548 4550 4572 4563 4562 4552 4554 4553 4557 4556 4555 4559 4558 4560 4561 4568 4564 4567 4566 4565 4570 4569 4571 4576 4575 4574 4573 4579 4577 4578 4583 4581 4582 4585 4584 4588 4586 4587 4592 4590 4591 4594 4593 4598 4597 4596 4608 4600 4599 4601 4605 4604 4602 4603 4606 4607 4617 4613 4611 4609 4610 4612 4615 4614 4616 4627 4620 4619 4624 4621 4623 4622 4626 4625 4642 4641 4629 4628 4640 4637 4636 4635 4631 4630 4634 4633 4632 4638 4639 4693 4661 4646 4643 4645 4644 4647 4659 4648 4652 4649 4650 4651 4656 4655 4654 4653 4657 4658 4660 4691 4681 4669 4667 4666 4662 4664 4663 4665 4668 4670 4675 4674 4673 4671 4672 4677 4676 4678 4679 4680 4684 4683 4682 4686 4685 4690 4689 4688 4687 4692 4741 4726 4722 4707 4698 4694 4695 4696 4697 4703 4702 4700 4699 4701 4704 4706 4705 4711 4709 4708 4710 4712 4717 4715 4713 4714 4716 4719 4718 4721 4720 4724 4723 4725 4735 4730 4728 4727 4729 4733 4731 4732 4734 4740 4739 4738 4737 4736 4763 4759 4752 4749 4744 4743 4742 4746 4745 4748 4747 4751 4750 4754 4753 4758 4757 4755 4756 4762 4760 4761 4769 4768 4764 4767 4766 4765 4771 4770 4773 4772 4774 4960 4874 4806 4790 4778 4776 4777 4786 4780 4779 4781 4785 4782 4783 4784 4787 4788 4789 4791 4801 4792 4796 4793 4795 4794 4798 4797 4800 4799 4802 4805 4804 4803 4823 4816 4811 4809 4807 4808 4810 4812 4813 4814 4815 4818 4817 4821 4819 4820 4822 4827 4826 4824 4825 4870 4831 4829 4828 4830 4836 4832 4833 4835 4834 4841 4837 4839 4838 4840 4846 4844 4843 4842 4845 4858 4850 4848 4847 4849 4857 4854 4853 4851 4852 4855 4856 4861 4860 4859 4868 4863 4862 4864 4867 4865 4866 4869 4873 4872 4871 4922 4908 4906 4897 4879 4877 4876 4875 4878 4889 4886 4882 4881 4880 4885 4884 4883 4888 4887 4891 4890 4892 4893 4895 4894 4896 4904 4902 4901 4899 4898 4900 4903 4905 4907 4919 4914 4911 4910 4909 4913 4912 4917 4916 4915 4918 4921 4920 4929 4925 4924 4923 4927 4926 4928 4934 4932 4930 4931 4933 4957 4953 4938 4935 4937 4936 4949 4946 4941 4939 4940 4943 4942 4944 4945 4948 4947 4952 4951 4950 4955 4954 4956 4958 4959 4962 4961 4970 4965 4963 4964 4969 4968 4966 4967 4976 4975 4973 4971 4972 4974 4992 4982 4981 4977 4978 4979 4980 4983 4987 4984 4986 4985 4989 4988 4991 4990 4993 4997 4996 4995 4999 4998
1 1 5000
1 4999 5000
223 2630 4792
2666 2666 2668
4714 4719 4753
1 1666 3333
1 1 5000
1 4999 5000
250 1611 4837
4780 4781 4782
1633 2036 3416
1 1666 3333
1 1 5000
1 4999 5000
140 1640 4880
4844 4850 4857
4047 4080 4089
1 1666 3333
1 1 5000
1 4999 5000
164 3905 4998
1049 1049 1054
2643 3519 4727
1 1666 3333
1 1 5000
1 4999 5000
221 583 4873
2335 2335 2336
2201 3058 3847
1 1666 3333
1 1 5000
1 4999 5000
160 458 4863
3004 3011 3016
367 519 709
1 1666 3333
1 1 5000
1 4999 5000
241 4053 4917
4536 4538 4547
4890 4891 4895
1 1666 3333
1 1 5000
1 4999 5000
48 3035 4989
2902 2905 2917
4963 4965 4996
1 1666 3333
1 1 5000
1 4999 5000
164 4128 4972
4633 4642 4644
259 628 4378
1 1666 3333
1 1 5000
1 4999 5000
11 2056 4875
3433 3433 3447
1676 2735 3896
1 1666 3333
1 1 5000
1 4999 5000
62 3734 4925
2959 2959 2960
3827 4029 4170
1 1666 3333
1 1 5000
1 4999 5000
240 2002 4822
3019 3019 3034
877 3154 4054
1 1666 3333
1 1 5000
1 4999 5000
171 420 4960
3524 3525 3527
4165 4724 4770
1 1666 3333
1 1 5000
1 4999 5000
4 4040 4924
3173 3174 3177
3834 3879 4752
1 1666 3333
1 1 5000
1 4999 5000
78 4197 4968
3933 3933 3934
1905 2002 2455
1 1666 3333
1 1 5000
1 4999 5000
89 4487 4761
2765 2765 2778
1213 3634 4292
1 1666 3333
1 1 5000
1 4999 5000
46 1994 4822
1902 1905 1907
277 1009 3504
1 1666 3333
1 1 5000
1 4999 5000
62 4788 4792
493 493 504
4728 4734 4778
1 1666 3333
1 1 5000
1 4999 5000
220 4447 4969
2758 2763 2773
4553 4568 4666
1 1666 3333
1 1 5000
1 4999 5000
225 2907 4921
1806 1807 1809
2123 2251 3085
1 1666 3333
1 1 5000
1 4999 5000
227 4759 4837
3312 3314 3318
1159 1190 3049
1 1666 3333
1 1 5000
1 4999 5000
228 3610 4867
114 114 118
2976 2981 4863
1 1666 3333
1 1 5000
1 4999 5000
235 742 4818
4514 4520 4527
221 2447 4350
1 1666 3333
1 1 5000
1 4999 5000
26 119 4866
264 267 268
592 596 617
1 1666 3333
1 1 5000
1 4999 5000
13 714 4917
1707 1709 1721
3086 4254 4477
1 1666 3333
1 1 5000
1 4999 5000
10 3390 4770
1507 1508 1509
3352 3436 3439
1 1666 3333
1 1 5000
1 4999 5000
65 2138 4884
4199 4203 4214
1770 2237 2518
1 1666 3333
1 1 5000
1 4999 5000
50 203 4915
3910 3910 3913
4070 4204 4559
1 1666 3333
1 1 5000
1 4999 5000
23 1422 4786
1034 1034 1039
1135 3142 4869
1 1666 3333
1 1 5000
1 4999 5000
116 3419 4917
3706 3707 3709
949 975 986
1 1666 3333
1 1 5000
1 4999 5000
60 1599 4932
2481 2491 2492
2297 2650 4080
1 1666 3333
1 1 5000
1 4999 5000
202 3145 4905
4107 4108 4109
1861 3136 3993
1 1666 3333
1 1 5000
1 4999 5000
216 4144 4772
3799 3801 3802
325 378 2882
1 1666 3333
1 1 5000
1 4999 5000
244 2647 4827
3544 3546 3559
4418 4777 4832
1 1666 3333
1 1 5000
1 4999 5000
238 1784 4868
733 744 745
1522 1710 1803
1 1666 3333
1 1 5000
1 4999 5000
35 4829 4891
4598 4610 4613
4032 4788 4919
1 1666 3333
1 1 5000
1 4999 5000
8 1073 4937
4554 4555 4556
4224 4236 4752
1 1666 3333
1 1 5000
1 4999 5000
186 484 4912
4196 4196 4201
94 820 1665
1 1666 3333
1 1 5000
1 4999 5000
148 3531 4943
1069 1074 1083
1522 2337 2885
1 1666 3333
1 1 5000
1 4999 5000
219 3876 4823
691 694 700
3755 3869 4219
1 1666 3333
1 1 5000
1 4999 5000
71 4504 4894
4606 4606 4607
1395 3660 4804
1 1666 3333
1 1 5000
1 4999 5000
111 1743 4775
2119 2122 2125
2034 2370 4452
1 1666 3333
1 1 5000
1 4999 5000
98 243 4907
846 857 858
3371 4025 4127
1 1666 3333
1 1 5000
1 4999 5000
102 1351 4864
1958 1966 1967
2472 4048 4556
1 1666 3333
1 1 5000
1 4999 5000
239 776 4960
737 737 739
2872 3366 4056
1 1666 3333
1 1 5000
1 4999 5000
56 345 4942
1253 1256 1268
1909 2447 3976
1 1666 3333
1 1 5000
1 4999 5000
39 3765 4930
4781 4784 4792
4323 4355 4431
1 1666 3333
1 1 5000
1 4999 5000
29 1417 4877
3996 3997 3999
507 2270 2615
1 1666 3333
1 1 5000
1 4999 5000
97 4863 4879
3972 3973 3979
877 1799 3198
1 1666 3333
1 1 5000
1 4999 5000
154 1177 4854
4426 4426 4436
370 648 738
1 1666 3333
1 1 5000
1 4999 5000
250 2942 4783
1671 1671 1675
846 2781 4617
1 1666 3333
1 1 5000
1 4999 5000
211 2586 4988
1298 1307 1313
2243 2273 2803
1 1666 3333
1 1 5000
1 4999 5000
59 4362 4880
1429 1440 1442
3014 3225 4579
1 1666 3333
1 1 5000
1 4999 5000
78 3930 4761
1978 1982 1986
978 1127 1873
1 1666 3333
1 1 5000
1 4999 5000
168 3669 4832
3714 3718 3724
372 1278 2584
1 1666 3333
1 1 5000
1 4999 5000
168 1186 4765
2652 2652 2653
1997 2341 2512
1 1666 3333
1 1 5000
1 4999 5000
168 2834 4825
3768 3771 3772
3269 3367 4854
1 1666 3333
1 1 5000
1 4999 5000
128 3307 4786
4687 4690 4692
4940 4948 4953
1 1666 3333
1 1 5000
1 4999 5000
73 931 4942
2179 2180 2192
4705 4705 4744
1 1666 3333
1 1 5000
1 4999 5000
169 3407 4874
2884 2889 2893
4937 4950 4954
1 1666 3333
1 1 5000
1 4999 5000
164 3220 4950
1158 1158 1159
1305 2727 3306
1 1666 3333
1 1 5000
1 4999 5000
61 3141 4947
4895 4900 4902
3577 3658 3756
1 1666 3333
1 1 5000
1 4999 5000
229 2018 4819
2552 2552 2562
4880 4897 4924
1 1666 3333
1 1 5000
1 4999 5000
80 196 4909
896 898 900
4749 4898 4917
1 1666 3333
1 1 5000
1 4999 5000
232 2406 4778
1935 1937 1938
2713 4159 4897
1 1666 3333
1 1 5000
1 4999 5000
144 1911 4969
3652 3653 3655
452 700 3050
1 1666 3333
1 1 5000
1 4999 5000
40 1981 4991
1010 1021 1023
2335 3190 3876
1 1666 3333
1 1 5000
1 4999 5000
58 4414 4762
3074 3079 3086
1656 1960 2615
1 1666 3333
1 1 5000
1 4999 5000
222 4717 4821
3855 3859 3868
3618 4276 4482
1 1666 3333
1 1 5000
1 4999 5000
22 3597 4926
4145 4146 4150
86 251 577
1 1666 3333
1 1 5000
1 4999 5000
99 4484 4922
3362 3370 3372
879 1013 4154
1 1666 3333
1 1 5000
1 4999 5000
37 4322 4841
2893 2901 2905
3315 4174 4938
1 1666 3333
1 1 5000
1 4999 5000
245 920 4971
2064 2066 2079
1196 1660 2605
1 1666 3333
1 1 5000
1 4999 5000
36 1426 4822
3173 3179 3183
3339 3772 4285
1 1666 3333
1 1 5000
1 4999 5000
169 1940 4952
1707 1717 1720
2141 2154 2210
1 1666 3333
1 1 5000
1 4999 5000
87 3758 4942
3059 3062 3064
4871 4896 4944
1 1666 3333
1 1 5000
1 4999 5000
169 4529 4796
895 895 904
2264 2437 2678
1 1666 3333
1 1 5000
1 4999 5000
120 1342 4751
1296 1299 1302
4286 4307 4512
1 1666 3333
1 1 5000
1 4999 5000
189 729 4848
3027 3036 3037
2704 3039 3043
1 1666 3333
1 1 5000
1 4999 5000
131 3004 4855
2822 2822 2823
2051 2065 2196
1 1666 3333
1 1 5000
1 4999 5000
30 2717 4935
4988 4991 4996
1777 2004 2980
1 1666 3333
1 1 5000
1 4999 5000
192 3089 4788
1072 1079 1082
1196 1212 1300
1 1666 3333
1 1 5000
1 4999 5000
38 548 4876
1846 1846 1848
2423 3436 3921
1 1666 3333
1 1 5000
1 4999 5000
156 385 4902
1902 1910 1917
589 2713 3981
1 1666 3333
1 1 5000
1 4999 5000
7 876 4938
3681 3682 3685
4344 4357 4443
1 1666 3333
1 1 5000
1 4999 5000
162 4862 4972
1731 1735 1737
4744 4761 4777
1 1666 3333
1 1 5000
1 4999 5000
197 1164 4874
1549 1551 1553
4858 4876 4988
1 1666 3333
1 1 5000
1 4999 5000
172 516 4778
2189 2189 2192
1874 4851 4922
1 1666 3333
1 1 5000
1 4999 5000
96 496 4948
819 827 834
59 2162 3096
1 1666 3333
1 1 5000
1 4999 5000
208 1411 4982
2102 2103 2110
2924 2963 3046
1 1666 3333
1 1 5000
1 4999 5000
28 3762 4909
2470 2478 2479
2176 3451 3890
1 1666 3333
1 1 5000
1 4999 5000
167 3980 4974
2782 2783 2784
497 854 1621
1 1666 3333
1 1 5000
1 4999 5000
21 1082 4905
4540 4540 4541
4395 4588 4775
1 1666 3333
1 1 5000
1 4999 5000
50 727 4890
3390 3391 3400
2317 2320 4298
1 1666 3333
1 1 5000
1 4999 5000
11 2246 4871
1701 1706 1710
49 3599 4430
1 1666 3333
1 1 5000
1 4999 5000
80 1694 4817
2593 2597 2603
265 376 1187
1 1666 3333
1 1 5000
1 4999 5000
150 3185 4805
3294 3295 3304
2337 3180 3497
1 1666 3333
1 1 5000
1 4999 5000
99 4439 4810
2460 2462 2466
2344 3327 4337
1 1666 3333
1 1 5000
1 4999 5000
19 4265 4847
4787 4788 4789
3926 3946 3954
1 1666 3333
1 1 5000
1 4999 5000
223 2156 4961
2024 2024 2029
3759 3798 4087
1 1666 3333
1 1 5000
1 4999 5000
66 605 4846
1827 1831 1839
2912 2946 2974
1 1666 3333
1 1 5000
1 4999 5000
42 720 4921
2882 2882 2883
1175 1404 1858
1 1666 3333
1 1 5000
1 4999 5000
228 3671 4946
1037 1044 1046
877 1046 1048
1 1666 3333
1 1 5000
1 4999 5000
34 2213 4889
3989 3989 3992
2622 2760 4166
1 1666 3333
1 1 5000
1 4999 5000
129 4532 4821
4217 4220 4223
2502 2627 2826
1 1666 3333
1 1 5000
1 4999 5000
167 4619 4819
1344 1344 1346
266 631 2997
1 1666 3333
1 1 5000
1 4999 5000
24 708 4838
1 5 15
4582 4586 4738
1 1666 3333
1 1 5000
1 4999 5000
249 1150 4772
1521 1521 1522
931 998 1436
1 1666 3333
1 1 5000
1 4999 5000
101 730 4973
1901 1902 1915
3783 4215 4871
1 1666 3333
1 1 5000
1 4999 5000
132 4556 4797
31 36 44
1670 2507 3040
1 1666 3333
1 1 5000
1 4999 5000
67 3354 4990
1127 1128 1137
2366 2633 4969
1 1666 3333
1 1 5000
1 4999 5000
29 4147 4903
725 738 739
1261 3316 4876
1 1666 3333
1 1 5000
1 4999 5000
84 2796 4810
3805 3807 3820
3805 3929 4222
1 1666 3333
1 1 5000
1 4999 5000
57 3584 4901
4363 4366 4375
2850 3857 4513
1 1666 3333
1 1 5000
1 4999 5000
9 218 4947
2263 2269 2270
4216 4332 4345
1 1666 3333
1 1 5000
1 4999 5000
14 424 4760
3943 3945 3949
4869 4921 4936
1 1666 3333
1 1 5000
1 4999 5000
130 2993 4824
3602 3602 3603
2316 3251 4832
1 1666 3333
1 1 5000
1 4999 5000
8 4578 4777
2414 2423 2425
1185 1501 1779
1 1666 3333
1 1 5000
1 4999 5000
241 4439 4793
4162 4163 4169
1721 2091 2101
1 1666 3333
1 1 5000
1 4999 5000
148 4279 4755
1140 1142 1143
4481 4856 4980
1 1666 3333
1 1 5000
1 4999 5000
109 4749 4847
4015 4015 4024
1249 2188 3954
1 1666 3333
1 1 5000
1 4999 5000
166 3015 4815
3505 3511 3514
3246 4187 4895
1 1666 3333
1 1 5000
1 4999 5000
161 3143 4791
2205 2205 2206
2715 2826 4198
1 1666 3333
1 1 5000
1 4999 5000
23 3352 4804
1238 1238 1249
3148 3524 4177
1 1666 3333
1 1 5000
1 4999 5000
23 529 4911
2235 2237 2245
3400 3445 3701
1 1666 3333
1 1 5000
1 4999 5000
29 3360 4892
3969 3969 3970
999 2208 4591
1 1666 3333
1 1 5000
1 4999 5000
135 1656 4929
3527 3531 3534
4392 4471 4515
1 1666 3333
1 1 5000
1 4999 5000
170 797 4842
4972 4975 4983
4509 4510 4556
1 1666 3333
1 1 5000
1 4999 5000
91 4708 4861
1807 1809 1815
3169 3286 4057
1 1666 3333
1 1 5000
1 4999 5000
220 2605 4993
4531 4531 4545
1337 1591 2272
1 1666 3333
1 1 5000
1 4999 5000
44 4831 4972
1211 1218 1225
1964 2723 4345
1 1666 3333
1 1 5000
1 4999 5000
44 3042 4884
4711 4711 4713
2842 4001 4165
1 1666 3333
1 1 5000
1 4999 5000
85 1136 4932
3831 3832 3841
4039 4058 4071
1 1666 3333
1 1 5000
1 4999 5000
55 810 4753
2072 2079 2082
114 3068 4079
1 1666 3333
1 1 5000
1 4999 5000
32 1510 4947
2972 2973 2974
2877 3344 3720
1 1666 3333
1 1 5000
1 4999 5000
200 4019 4778
2324 2330 2338
2009 3074 3668
1 1666 3333
1 1 5000
1 4999 5000
50 60 4849
3634 3634 3644
543 1503 3441
1 1666 3333
1 1 5000
1 4999 5000
181 269 4862
4018 4019 4030
25 335 4395
1 1666 3333
1 1 5000
1 4999 5000
91 1830 4997
3367 3367 3368
3228 3889 4405
1 1666 3333
1 1 5000
1 4999 5000
133 1652 4797
909 920 921
3842 4786 4824
1 1666 3333
1 1 5000
1 4999 5000
35 923 4888
4457 4457 4460
809 913 1543
1 1666 3333
1 1 5000
1 4999 5000
151 2978 4972
3132 3133 3135
866 3947 3948
1 1666 3333
1 1 5000
1 4999 5000
6 731 4862
463 470 476
3604 3660 4140
1 1666 3333
1 1 5000
1 4999 5000
47 2550 4776
3939 3943 3950
120 3513 4742
1 1666 3333
1 1 5000
1 4999 5000
38 3800 4797
2940 2946 2953
2658 3343 3680
1 1666 3333
1 1 5000
1 4999 5000
176 1972 4879
1677 1677 1679
4758 4836 4983
1 1666 3333
1 1 5000
1 4999 5000
215 4650 4885
4689 4698 4704
652 2491 4163
1 1666 3333
1 1 5000
1 4999 5000
82 700 4841
2973 2973 2986
416 532 560
1 1666 3333
1 1 5000
1 4999 5000
63 3049 4824
1077 1079 1088
1158 1375 1405
1 1666 3333
1 1 5000
1 4999 5000
20 640 4922
3911 3911 3914
3659 4510 4866
1 1666 3333
1 1 5000
1 4999 5000
119 3347 4752
996 999 1011
4460 4529 4997
1 1666 3333
1 1 5000
1 4999 5000
171 691 4889
1323 1324 1331
3107 3850 3877
1 1666 3333
1 1 5000
1 4999 5000
173 771 4949
654 655 666
3024 3878 4555
1 1666 3333
1 1 5000
1 4999 5000
249 4334 4827
1199 1207 1213
2508 2804 3515
1 1666 3333
1 1 5000
1 4999 5000
192 3299 4891
3214 3217 3223
719 1642 3768
1 1666 3333
1 1 5000
1 4999 5000
133 4038 4816
3990 3990 3993
4988 4992 4993
1 1666 3333
1 1 5000
1 4999 5000
58 2183 4992
2131 2133 2136
1457 1854 2788
1 1666 3333
1 1 5000
1 4999 5000
45 1659 4964
4196 4210 4211
1006 2686 3528
1 1666 3333
1 1 5000
1 4999 5000
20 2875 4770
2454 2461 2462
1492 1818 1843
1 1666 3333
1 1 5000
1 4999 5000
236 2772 4935
4114 4114 4118
752 1162 1186
1 1666 3333
1 1 5000
1 4999 5000
115 3871 4990
1158 1158 1163
1459 2182 2900
1 1666 3333
1 1 5000
1 4999 5000
82 4485 4965
626 628 641
2643 2840 3275
1 1666 3333
1 1 5000
1 4999 5000
186 876 4785
192 192 195
4313 4402 4492
1 1666 3333
1 1 5000
1 4999 5000
51 2247 4967
2302 2307 2314
477 930 2802
1 1666 3333
1 1 5000
1 4999 5000
228 970 4860
191 198 200
1342 2408 3857
1 1666 3333
1 1 5000
1 4999 5000
91 680 4836
2358 2366 2370
3463 4067 4224
1 1666 3333
1 1 5000
1 4999 5000
35 1188 4942
1444 1455 1458
4155 4271 4661
1 1666 3333
1 1 5000
1 4999 5000
165 4560 4950
4439 4448 4451
2797 3891 4451
1 1666 3333
1 1 5000
1 4999 5000
204 814 4956
1627 1632 1635
2243 3340 3435
1 1666 3333
1 1 5000
1 4999 5000
40 2960 4989
220 227 233
261 1110 2159
1 1666 3333
1 1 5000
1 4999 5000
34 3903 4997
158 164 170
2213 2214 2282
1 1666 3333
1 1 5000
1 4999 5000
120 4684 4880
2820 2822 2823
4966 4967 4989
1 1666 3333
1 1 5000
1 4999 5000
194 2039 4832
3036 3037 3039
4461 4489 4560
1 1666 3333
1 1 5000
1 4999 5000
170 3785 4769
3416 3428 3430
881 901 905
1 1666 3333
1 1 5000
1 4999 5000
92 4071 4920
1533 1533 1534
1384 3896 4795
1 1666 3333
1 1 5000
1 4999 5000
192 937 4913
3884 3889 3890
3171 3251 4790
1 1666 3333
1 1 5000
1 4999 5000
20 1014 4993
1976 1981 1986
526 1100 4378
1 1666 3333
1 1 5000
1 4999 5000
212 3735 4838
2940 2940 2941
3360 3638 4485
1 1666 3333
1 1 5000
1 4999 5000
12 769 4961
545 547 556
1194 2992 4191
1 1666 3333
1 1 5000
1 4999 5000
88 3910 4904
975 976 978
1168 1317 1995
1 1666 3333
1 1 5000
1 4999 5000
25 4711 4935
1349 1354 1357
2254 4283 4285
1 1666 3333
1 1 5000
1 4999 5000
217 3371 4896
651 652 660
3552 3960 4034
1 1666 3333
1 1 5000
1 4999 5000
175 4241 4831
2712 2713 2718
2193 2687 3079
1 1666 3333
1 1 5000
1 4999 5000
138 870 4798
4269 4277 4278
1618 2131 3016
1 1666 3333
1 1 5000
1 4999 5000
200 4737 4961
4528 4528 4530
3455 3900 4064
1 1666 3333
1 1 5000
1 4999 5000
136 1378 4902
2522 2524 2534
2689 2800 2808
1 1666 3333
1 1 5000
1 4999 5000
199 517 4761
4198 4199 4202
3910 4110 4283
1 1666 3333
1 1 5000
1 4999 5000
183 3338 4894
809 810 818
1730 2926 3549
1 1666 3333
1 1 5000
1 4999 5000
219 2021 4830
390 397 405
3349 3914 4370
1 1666 3333
1 1 5000
1 4999 5000
17 322 4944
1856 1856 1860
2881 3188 4477
1 1666 3333
1 1 5000
1 4999 5000
60 1205 4878
1436 1436 1437
2858 4154 4223
1 1666 3333
1 1 5000
1 4999 5000
180 4383 4884
2240 2243 2253
13 458 1484
1 1666 3333
1 1 5000
1 4999 5000
205 2726 4823
326 331 341
2433 2571 2701
1 1666 3333
1 1 5000
1 4999 5000
197 2208 4834
2253 2256 2257
2246 2644 4507
1 1666 3333
1 1 5000
1 4999 5000
181 320 4778
1578 1585 1589
4170 4222 4402
1 1666 3333
1 1 5000
1 4999 5000
186 2668 4914
3757 3760 3761
377 3564 3888
1 1666 3333
1 1 5000
1 4999 5000
4 4049 4843
3463 3468 3471
2293 3546 3989
1 1666 3333
1 1 5000
1 4999 5000
7 3589 4832
2211 2211 2212
4714 4842 4846
1 1666 3333
1 1 5000
1 4999 5000
147 311 4871
1661 1666 1667
2106 4258 4633
1 1666 3333
1 1 5000
1 4999 5000
167 3218 4768
378 380 392
4435 4449 4473
1 1666 3333
1 1 5000
1 4999 5000
175 2327 4797
1761 1764 1775
4105 4266 4282
1 1666 3333
1 1 5000
1 4999 5000
158 878 4792
2625 2631 2634
3160 3178 3925
1 1666 3333
1 1 5000
1 4999 5000
23 401 4981
2516 2520 2526
1479 3137 4011
1 1666 3333
1 1 5000
1 4999 5000
208 1343 4906
3493 3498 3499
386 2303 4237
1 1666 3333
1 1 5000
1 4999 5000
174 2630 4952
3701 3702 3716
4130 4216 4244
1 1666 3333
1 1 5000
1 4999 5000
18 2551 4937
2095 2097 2099
516 1675 2391
1 1666 3333
1 1 5000
1 4999 5000
216 2361 4891
2861 2868 2870
2842 2868 2897
1 1666 3333
1 1 5000
1 4999 5000
32 582 4780
1098 1102 1104
1105 1757 1826
1 1666 3333
1 1 5000
1 4999 5000
37 2846 4989
1931 1932 1935
3196 3213 3472
1 1666 3333
1 1 5000
1 4999 5000
127 2821 4899
756 765 769
619 948 977
1 1666 3333
1 1 5000
1 4999 5000
25 4358 4753
32 32 33
4487 4517 4670
1 1666 3333
1 1 5000
1 4999 5000
84 2483 4877
3868 3876 3881
4886 4895 4925
1 1666 3333
1 1 5000
1 4999 5000
238 4620 4764
2108 2108 2109
3046 3304 3335
1 1666 3333
1 1 5000
1 4999 5000
217 2484 4982
1943 1943 1947
4826 4832 4863
1 1666 3333
1 1 5000
1 4999 5000
17 1060 4845
1798 1798 1807
1508 2294 3267
1 1666 3333
1 1 5000
1 4999 5000
12 3323 4844
1866 1867 1881
4441 4443 4528
1 1666 3333
1 1 5000
1 4999 5000
12 3244 4796
3405 3409 3418
36 1145 1954
1 1666 3333
1 1 5000
1 4999 5000
182 4827 4962
2869 2872 2875
184 1267 4235
1 1666 3333
1 1 5000
1 4999 5000
25 855 4819
1415 1415 1429
2113 2245 2686
1 1666 3333
1 1 5000
1 4999 5000
141 2655 4766
1491 1494 1497
1395 2105 3295
1 1666 3333
1 1 5000
1 4999 5000
157 3500 4759
2772 2777 2779
1290 1292 1662
1 1666 3333
1 1 5000
1 4999 5000
94 2721 4753
877 883 891
830 2096 2785
1 1666 3333
1 1 5000
1 4999 5000
212 3386 4950
4155 4156 4158
921 1636 4152
1 1666 3333
1 1 5000
1 4999 5000
153 4721 4975
1103 1103 1111
2630 3392 3939
1 1666 3333
1 1 5000
1 4999 5000
218 3791 4932
3921 3929 3932
4749 4834 4893
1 1666 3333
1 1 5000
1 4999 5000
1 2626 4935
2782 2786 2787
2671 2965 3428
1 1666 3333
1 1 5000
1 4999 5000
153 4326 4859
824 829 835
1441 1873 1903
1 1666 3333
1 1 5000
1 4999 5000
151 2215 4810
4699 4704 4708
1154 3668 4877
1 1666 3333
1 1 5000
1 4999 5000
123 4786 4946
3862 3875 3876
1229 1231 1268
1 1666 3333
1 1 5000
1 4999 5000
248 851 4827
2494 2498 2509
4031 4197 4720
1 1666 3333
1 1 5000
1 4999 5000
198 1861 4987
2466 2480 2481
4403 4406 4407
1 1666 3333
1 1 5000
1 4999 5000
38 4847 4956
2691 2697 2700
2192 2293 3026
1 1666 3333
1 1 5000
1 4999 5000
83 681 4865
4869 4874 4879
3677 4442 4711
1 1666 3333
1 1 5000
1 4999 5000
153 4523 4777
3174 3174 3179
1031 1676 2033
1 1666 3333
1 1 5000
1 4999 5000
156 2806 4917
2449 2461 2463
1499 1896 2360
1 1666 3333
1 1 5000
1 4999 5000
185 1179 4993
2691 2692 2696
3127 4077 4899
1 1666 3333
1 1 5000
1 4999 5000
48 1605 4774
5 5 7
1800 3653 4236
1 1666 3333
1 1 5000
1 4999 5000
112 1519 4905
2099 2104 2107
3266 3279 3303
1 1666 3333
1 1 5000
1 4999 5000
194 2606 4765
2370 2374 2375
984 2435 2576
1 1666 3333
1 1 5000
1 4999 5000
174 1190 4755
3290 3290 3291
864 1388 4767
1 1666 3333
1 1 5000
1 4999 5000
9 1277 4848
3807 3816 3819
2277 3267 4955
1 1666 3333
1 1 5000
1 4999 5000
205 3079 4832
4936 4938 4948
2934 3866 4012
1 1666 3333
1 1 5000
1 4999 5000
250 1972 4967
80 86 88
4238 4300 4472
1 1666 3333
1 1 5000
1 4999 5000
176 3340 4986
2987 2994 2996
4645 4660 4703
1 1666 3333
1 1 5000
1 4999 5000
222 1877 4781
2747 2747 2759
3153 3205 3925
1 1666 3333
1 1 5000
1 4999 5000
123 304 4872
312 317 321
1447 3124 4129
1 1666 3333
1 1 5000
1 4999 5000
37 3241 4797
4609 4620 4621
3684 3941 4992
1 1666 3333
1 1 5000
1 4999 5000
195 3295 4804
500 505 514
3311 3655 4254
1 1666 3333
1 1 5000
1 4999 5000
224 3014 4791
2005 2009 2011
3105 3850 4926
1 1666 3333
1 1 5000
1 4999 5000
134 3042 4955
814 816 820
2082 2173 2942
1 1666 3333
1 1 5000
1 4999 5000
60 1346 4846
3198 3198 3204
1898 1924 1925
1 1666 3333
1 1 5000
1 4999 5000
231 2042 4935
2262 2264 2270
2625 2689 2705
1 1666 3333
1 1 5000
1 4999 5000
10 1048 4963
3477 3483 3485
4990 4991 4999
1 1666 3333
1 1 5000
1 4999 5000
196 4192 4798
3190 3190 3191
4612 4884 4893
1 1666 3333
1 1 5000
1 4999 5000
211 3262 4951
4324 4325 4330
4345 4515 4796
1 1666 3333
1 1 5000
1 4999 5000
247 1377 4997
2620 2620 2626
2376 2641 3988
1 1666 3333
1 1 5000
1 4999 5000
187 2999 4997
2547 2547 2548
2789 3846 4034
1 1666 3333
1 1 5000
1 4999 5000
245 2585 4971
4183 4186 4188
2717 3082 3806
1 1666 3333
1 1 5000
1 4999 5000
40 1134 4848
19 19 25
1682 2002 2008
1 1666 3333
1 1 5000
1 4999 5000
126 4468 4961
1745 1745 1746
2959 4057 4620
1 1666 3333
1 1 5000
1 4999 5000
223 1011 4984
1510 1522 1524
742 2003 2812
1 1666 3333
1 1 5000
1 4999 5000
82 1986 4847
3851 3857 3858
2185 2186 2606
1 1666 3333
1 1 5000
1 4999 5000
227 1760 4996
2695 2696 2697
3838 3977 4185
1 1666 3333
1 1 5000
1 4999 5000
51 2149 4974
3015 3015 3027
2289 2955 3302
1 1666 3333
1 1 5000
1 4999 5000
83 523 4974
2130 2135 2144
4635 4800 4858
1 1666 3333
1 1 5000
1 4999 5000
175 3102 4964
3496 3500 3503
571 2032 2292
1 1666 3333
1 1 5000
1 4999 5000
106 1140 4991
2550 2550 2557
326 877 1628
1 1666 3333
1 1 5000
1 4999 5000
36 432 4823
3082 3082 3084
1548 3072 4743
1 1666 3333
1 1 5000
1 4999 5000
154 2319 4795
58 67 70
3687 3741 3999
1 1666 3333
1 1 5000
1 4999 5000
129 562 4952
4675 4676 4682
3067 3275 3304
1 1666 3333
1 1 5000
1 4999 5000
160 2778 4791
193 193 195
4943 4945 4954
1 1666 3333
1 1 5000
1 4999 5000
66 3214 4910
2829 2833 2836
4011 4265 4436
1 1666 3333
1 1 5000
1 4999 5000
46 2731 4799
2539 2539 2544
504 3860 4028
1 1666 3333
1 1 5000
1 4999 5000
2 2209 4897
185 187 190
1083 1947 2025
1 1666 3333
1 1 5000
1 4999 5000
18 4170 4773
2320 2321 2323
1386 4490 4901
1 1666 3333
1 1 5000
1 4999 5000
2 1766 4994
1448 1450 1452
367 512 2740
1 1666 3333
1 1 5000
1 4999 5000
108 4171 4862
2356 2367 2371
696 1035 1063
1 1666 3333
1 1 5000
1 4999 5000
11 3309 4876
312 312 313
584 758 4250
1 1666 3333
1 1 5000
1 4999 5000
5 3571 4809
1491 1498 1501
2853 3304 4930
1 1666 3333
1 1 5000
1 4999 5000
133 913 4918
776 778 789
4715 4917 4931
1 1666 3333
1 1 5000
1 4999 5000
120 1799 4752
3876 3883 3886
2910 4555 4699
1 1666 3333
1 1 5000
1 4999 5000
83 3364 4932
4678 4680 4683
3606 3774 4059
1 1666 3333
1 1 5000
1 4999 5000
201 4393 4791
754 760 768
947 1808 4573
1 1666 3333
1 1 5000
1 4999 5000
66 2752 4788
240 240 241
608 1458 1951
1 1666 3333
1 1 5000
1 4999 5000
71 1396 4901
3549 3553 3555
3222 3460 3558
1 1666 3333
1 1 5000
1 4999 5000
126 2408 4904
4003 4004 4007
83 2611 3410
1 1666 3333
1 1 5000
1 4999 5000
73 4925 4976
4134 4141 4146
3027 3137 3513
1 1666 3333
1 1 5000
1 4999 5000
194 3643 4912
4934 4936 4943
2141 2458 2961
1 1666 3333
1 1 5000
1 4999 5000
75 2764 4876
2915 2918 2925
464 556 633
1 1666 3333
1 1 5000
1 4999 5000
110 2195 4823
2380 2392 2395
2879 2973 3219
1 1666 3333
1 1 5000
1 4999 5000
204 4658 4776
3055 3058 3070
3233 3688 3806
1 1666 3333
1 1 5000
1 4999 5000
238 2602 4820
58 58 59
624 628 634
1 1666 3333
1 1 5000
1 4999 5000
172 752 4989
1145 1145 1148
3625 3894 4061
1 1666 3333
1 1 5000
1 4999 5000
177 2008 4831
4645 4650 4653
3820 4214 4534
1 1666 3333
1 1 5000
1 4999 5000
126 2011 4793
407 409 412
3269 3651 4948
1 1666 3333
1 1 5000
1 4999 5000
56 476 4978
4935 4939 4940
2669 2708 4385
1 1666 3333
1 1 5000
1 4999 5000
73 1731 4925
158 161 168
4211 4340 4371
1 1666 3333
1 1 5000
1 4999 5000
243 4097 4977
1559 1563 1567
96 717 1738
1 1666 3333
1 1 5000
1 4999 5000
104 1145 4987
2223 2227 2232
686 703 1405
1 1666 3333
1 1 5000
1 4999 5000
183 4084 4984
3608 3611 3617
4034 4189 4908
1 1666 3333
1 1 5000
1 4999 5000
117 1470 4785
3156 3157 3160
2915 3038 3229
1 1666 3333
1 1 5000
1 4999 5000
97 4275 4778
3545 3547 3548
3429 3988 4638
1 1666 3333
1 1 5000
1 4999 5000
190 249 4790
4034 4035 4037
3780 3906 4124
1 1666 3333
1 1 5000
1 4999 5000
105 3064 4797
3217 3226 3227
1621 2082 2209
1 1666 3333
1 1 5000
1 4999 5000
164 3901 4975
3790 3799 3800
4368 4502 4934
1 1666 3333
1 1 5000
1 4999 5000
224 3072 4791
729 732 739
3706 3738 3842
1 1666 3333
1 1 5000
1 4999 5000
64 4854 4933
3826 3828 3834
2701 3127 4952
1 1666 3333
1 1 5000
1 4999 5000
131 4106 4781
4546 4553 4557
173 374 426
1 1666 3333
1 1 5000
1 4999 5000
17 1781 4853
380 383 389
3984 4110 4670
1 1666 3333
1 1 5000
1 4999 5000
225 529 4919
2214 2217 2218
3023 4326 4657
1 1666 3333
1 1 5000
1 4999 5000
203 3908 4942
3722 3723 3725
1630 1784 2007
1 1666 3333
1 1 5000
1 4999 5000
75 1199 4795
1526 1526 1527
1703 2561 3805
1 1666 3333
1 1 5000
1 4999 5000
98 2803 4895
539 550 551
261 1958 2072
1 1666 3333
1 1 5000
1 4999 5000
1 784 4788
444 447 450
694 2466 2765
1 1666 3333
1 1 5000
1 4999 5000
134 1723 4855
4850 4853 4855
1809 4131 4762
1 1666 3333
1 1 5000
1 4999 5000
151 4240 4934
2202 2206 2209
1275 2435 2765
1 1666 3333
1 1 5000
1 4999 5000
35 1779 4794
1986 1990 1996
1222 1913 2836
1 1666 3333
1 1 5000
1 4999 5000
194 1018 4829
404 404 415
2696 3033 4201
1 1666 3333
1 1 5000
1 4999 5000
108 274 4834
2317 2319 2322
4566 4631 4670
1 1666 3333
1 1 5000
1 4999 5000
26 4324 4894
673 680 688
4367 4641 4783
1 1666 3333
1 1 5000
1 4999 5000
232 1208 4778
2116 2119 2123
671 1576 2225
1 1666 3333
1 1 5000
1 4999 5000
228 304 4802
165 168 175
634 1366 1593
1 1666 3333
1 1 5000
1 4999 5000
66 348 4988
714 720 725
1573 1958 2699
1 1666 3333
1 1 5000
1 4999 5000
244 3717 4993
1397 1406 1410
1701 1958 2132
1 1666 3333
1 1 5000
1 4999 5000
165 3255 4848
3031 3036 3038
478 4448 4792
1 1666 3333
1 1 5000
1 4999 5000
187 392 4789
836 836 838
2663 3428 3893
1 1666 3333
1 1 5000
1 4999 5000
183 2598 4966
2172 2175 2181
3767 4085 4086
1 1666 3333
1 1 5000
1 4999 5000
128 4538 4879
3911 3915 3919
2311 2483 3699
1 1666 3333
1 1 5000
1 4999 5000
78 3988 4757
3056 3056 3070
292 1593 2008
1 1666 3333
1 1 5000
1 4999 5000
129 2612 4977
28 34 36
1617 1622 1637
1 1666 3333
1 1 5000
1 4999 5000
138 4044 4881
18 21 28
3801 4076 4294
1 1666 3333
1 1 5000
1 4999 5000
125 628 4785
2705 2707 2715
631 2043 2449
1 1666 3333
1 1 5000
1 4999 5000
127 2030 4880
77 82 84
4624 4791 4923
1 1666 3333
1 1 5000
1 4999 5000
142 370 4962
3018 3024 3029
732 1200 4726
1 1666 3333
1 1 5000
1 4999 5000
142 1717 4803
513 520 521
1212 2293 3897
1 1666 3333
1 1 5000
1 4999 5000
237 4659 4894
2328 2328 2341
3424 3542 3548
1 1666 3333
1 1 5000
1 4999 5000
91 2477 4865
1855 1860 1861
890 2915 3345
1 1666 3333
1 1 5000
1 4999 5000
25 4444 4800
1641 1642 1654
4525 4837 4968
1 1666 3333
1 1 5000
1 4999 5000
45 241 4968
3937 3944 3947
2993 3242 3484
1 1666 3333
1 1 5000
1 4999 5000
13 1491 4864
3526 3526 3538
453 1014 2381
1 1666 3333
1 1 5000
1 4999 5000
147 3589 4876
4180 4185 4189
1189 2040 2110
1 1666 3333
1 1 5000
1 4999 5000
30 2291 4851
4862 4868 4869
4197 4611 4671
1 1666 3333
1 1 5000
1 4999 5000
211 3997 4951
4855 4860 4861
4179 4185 4277
1 1666 3333
1 1 5000
1 4999 5000
179 1993 4902
3985 3986 3990
562 2593 4224
1 1666 3333
1 1 5000
1 4999 5000
182 3736 4935
55 55 58
1567 2128 4445
1 1666 3333
1 1 5000
1 4999 5000
163 4519 4962
3524 3524 3525
4233 4584 4854
1 1666 3333
1 1 5000
1 4999 5000
114 854 4806
1417 1430 1432
2804 3240 4715
1 1666 3333
1 1 5000
1 4999 5000
4 2789 4954
2164 2164 2177
2237 2334 2800
1 1666 3333
1 1 5000
1 4999 5000
148 4013 4898
1294 1301 1306
913 1297 2855
1 1666 3333
1 1 5000
1 4999 5000
1 4115 4973
3209 3210 3211
2101 2572 2725
1 1666 3333
1 1 5000
1 4999 5000
54 2598 4850
3320 3326 3332
36 645 2503
1 1666 3333
1 1 5000
1 4999 5000
7 54 4893
2622 2628 2635
2630 3393 3841
1 1666 3333
1 1 5000
1 4999 5000
69 3931 4852
4080 4080 4093
4014 4156 4904
1 1666 3333
1 1 5000
1 4999 5000
207 4709 4959
3081 3087 3088
1954 4122 4576
1 1666 3333
1 1 5000
1 4999 5000
235 3884 4860
2233 2236 2239
4649 4672 4700
1 1666 3333
1 1 5000
1 4999 5000
33 1989 4823
1711 1714 1717
3255 3279 4069
1 1666 3333
1 1 5000
1 4999 5000
13 2996 4944
811 813 816
2615 2812 3417
1 1666 3333
1 1 5000
1 4999 5000
8 1614 4927
229 230 231
654 1236 2279
1 1666 3333
1 1 5000
1 4999 5000
238 4549 4872
331 333 342
4421 4958 4969
1 1666 3333
1 1 5000
1 4999 5000
31 1115 4873
4830 4830 4832
3230 3422 3761
1 1666 3333
1 1 5000
1 4999 5000
127 1441 4811
3440 3442 3444
1394 2299 3783
1 1666 3333
1 1 5000
1 4999 5000
72 2227 4768
1688 1689 1694
2571 3371 3807
1 1666 3333
1 1 5000
1 4999 5000
220 4132 4873
1690 1691 1696
147 2881 3708
1 1666 3333
1 1 5000
1 4999 5000
18 1862 4752
209 209 210
2988 3408 4509
1 1666 3333
1 1 5000
1 4999 5000
103 2765 4843
2454 2455 2457
11 187 337
1 1666 3333
1 1 5000
1 4999 5000
200 1804 4871
1734 1736 1747
3939 4325 4425
1 1666 3333
1 1 5000
1 4999 5000
213 2463 4774
2543 2550 2555
2847 3112 3742
1 1666 3333
1 1 5000
1 4999 5000
14 2831 4965
1083 1094 1097
4672 4805 4806
1 1666 3333
1 1 5000
1 4999 5000
49 876 4998
727 736 739
27 440 568
1 1666 3333
1 1 5000
1 4999 5000
191 1404 4951
1988 1993 2000
2761 3328 3749
1 1666 3333
1 1 5000
1 4999 5000
71 4536 4920
4120 4120 4121
2525 2900 4575
1 1666 3333
1 1 5000
1 4999 5000
10 2775 4898
3742 3742 3745
204 2098 4807
1 1666 3333
1 1 5000
1 4999 5000
190 2017 4892
1997 1997 1999
2240 3098 4185
1 1666 3333
1 1 5000
1 4999 5000
118 4480 4773
4413 4427 4428
1769 2837 4499
1 1666 3333
1 1 5000
1 4999 5000
184 3021 4949
996 1000 1004
4048 4331 4853
1 1666 3333
1 1 5000
1 4999 5000
73 455 4898
848 849 863
3806 4206 4281
1 1666 3333
1 1 5000
1 4999 5000
186 3911 4755
2608 2608 2613
180 430 1182
1 1666 3333
1 1 5000
1 4999 5000
130 1316 4925
3437 3437 3438
1534 1739 2141
1 1666 3333
1 1 5000
1 4999 5000
130 3829 4965
502 503 510
193 943 1018
1 1666 3333
1 1 5000
1 4999 5000
170 3621 4997
4763 4765 4766
2135 2464 3099
1 1666 3333
1 1 5000
1 4999 5000
182 2328 4819
57 59 66
588 728 1936
1 1666 3333
1 1 5000
1 4999 5000
126 679 4927
2547 2551 2556
4223 4296 4805
1 1666 3333
1 1 5000
1 4999 5000
175 3259 4853
3999 4009 4013
3977 4054 4493
1 1666 3333
1 1 5000
1 4999 5000
56 4522 4924
2647 2648 2658
3368 3427 3797
1 1666 3333
1 1 5000
1 4999 5000
204 993 4759
267 278 282
3899 4206 4706
1 1666 3333
1 1 5000
1 4999 5000
17 2193 4819
2726 2726 2731
2482 3053 3095
1 1666 3333
1 1 5000
1 4999 5000
184 1428 4973
1375 1378 1390
3302 3825 4470
1 1666 3333
1 1 5000
1 4999 5000
99 4715 4994
291 291 295
3249 3494 4074
1 1666 3333
1 1 5000
1 4999 5000
224 1961 4894
2928 2931 2933
3956 4348 4394
1 1666 3333
1 1 5000
1 4999 5000
212 3178 4770
1301 1301 1305
643 788 1141
1 1666 3333
1 1 5000
1 4999 5000
74 1564 4945
228 234 239
2754 3726 4925
1 1666 3333
1 1 5000
1 4999 5000
51 978 4958
1418 1418 1420
584 907 1125
1 1666 3333
1 1 5000
1 4999 5000
11 1288 4958
2685 2687 2690
2719 3708 4997
1 1666 3333
1 1 5000
1 4999 5000
117 3622 4935
3828 3828 3833
4585 4668 4679
1 1666 3333
1 1 5000
1 4999 5000
176 2328 4863
1845 1847 1853
3793 4053 4380
1 1666 3333
1 1 5000
1 4999 5000
211 2848 4893
4962 4962 4964
2265 3127 3871
1 1666 3333
1 1 5000
1 4999 5000
58 131 4752
4087 4088 4093
2371 3799 3924
1 1666 3333
1 1 5000
1 4999 5000
79 211 4956
2965 2965 2975
329 617 2999
1 1666 3333
1 1 5000
1 4999 5000
110 2691 4770
1397 1399 1400
3223 3644 4919
1 1666 3333
1 1 5000
1 4999 5000
247 566 4915
765 766 772
2214 2858 3162
1 1666 3333
1 1 5000
1 4999 5000
173 2728 4766
981 990 993
3150 3253 3270
1 1666 3333
1 1 5000
1 4999 5000
196 4791 4806
3513 3515 3519
1822 3241 3467
1 1666 3333
1 1 5000
1 4999 5000
121 4008 4878
855 857 859
3079 4623 4953
1 1666 3333
1 1 5000
1 4999 5000
232 3665 4985
2340 2342 2345
363 1227 2864
1 1666 3333
1 1 5000
1 4999 5000
187 3936 4886
3136 3137 3151
3733 3788 3800
1 1666 3333
1 1 5000
1 4999 5000
3 1497 4791
884 889 891
778 947 3765
1 1666 3333
1 1 5000
1 4999 5000
170 3489 4986
4122 4122 4130
135 870 2796
1 1666 3333
1 1 5000
1 4999 5000
195 235 4795
2244 2246 2252
4551 4710 4950
1 1666 3333
1 1 5000
1 4999 5000
47 2305 4813
1316 1323 1328
4283 4454 4560
1 1666 3333
1 1 5000
1 4999 5000
241 2066 4821
3795 3804 3808
3013 3209 3439
1 1666 3333
1 1 5000
1 4999 5000
101 2791 4846
4175 4177 4179
1660 2942 3521
1 1666 3333
1 1 5000
1 4999 5000
80 109 4973
125 125 127
3473 3980 4752
1 1666 3333
1 1 5000
1 4999 5000
33 1000 4935
2623 2626 2632
1619 2229 2804
1 1666 3333
1 1 5000
1 4999 5000
38 4375 4806
442 444 451
3032 3181 3216
1 1666 3333
1 1 5000
1 4999 5000
57 628 4762
4423 4423 4434
3702 3715 3796
1 1666 3333
1 1 5000
1 4999 5000
9 3900 4948
4135 4147 4150
4157 4195 4328
1 1666 3333
1 1 5000
1 4999 5000
179 4436 4769
3775 3781 3782
1984 2443 3191
1 1666 3333
1 1 5000
1 4999 5000
83 372 4891
3500 3501 3505
2775 2812 3080
1 1666 3333
1 1 5000
1 4999 5000
246 1419 4820
2237 2242 2245
4633 4737 4835
1 1666 3333
1 1 5000
1 4999 5000
109 1060 4800
2473 2473 2474
2943 3081 3391
1 1666 3333
1 1 5000
1 4999 5000
61 4281 4784
1272 1272 1277
1466 4136 4442
1 1666 3333
1 1 5000
1 4999 5000
179 4560 4879
4524 4528 4536
2959 3034 4782
1 1666 3333
1 1 5000
1 4999 5000
127 357 4757
4122 4122 4128
606 1332 3581
1 1666 3333
1 1 5000
1 4999 5000
167 1964 4758
4893 4903 4907
764 1079 2212
1 1666 3333
1 1 5000
1 4999 5000
125 1387 4914
3293 3294 3297
4906 4968 4977
1 1666 3333
1 1 5000
1 4999 5000
74 3398 4841
3908 3913 3921
3310 3316 3743
1 1666 3333
1 1 5000
1 4999 5000
150 4128 4856
3672 3675 3678
713 2122 2980
1 1666 3333
1 1 5000
1 4999 5000
4 2792 4763
2876 2882 2886
4512 4573 4611
1 1666 3333
1 1 5000
1 4999 5000
92 1668 4923
2378 2380 2386
2944 3141 3632
1 1666 3333
1 1 5000
1 4999 5000
239 1315 4862
2589 2592 2601
3839 4038 4940
1 1666 3333
1 1 5000
1 4999 5000
239 1454 4762
3530 3530 3536
1779 1958 4178
1 1666 3333
1 1 5000
1 4999 5000
249 2928 4844
4395 4406 4407
1952 3285 4956
1 1666 3333
1 1 5000
1 4999 5000
222 4096 4863
3479 3481 3490
1053 1512 4400
1 1666 3333
1 1 5000
1 4999 5000
172 3321 4987
2819 2830 2831
3738 3741 3750
1 1666 3333
1 1 5000
1 4999 5000
147 2627 4761
3254 3254 3255
996 3007 4649
1 1666 3333
1 1 5000
1 4999 5000
34 1701 4983
4579 4580 4581
957 1884 2645
1 1666 3333
1 1 5000
1 4999 5000
18 4575 4782
4132 4136 4137
588 3390 4352
1 1666 3333
1 1 5000
1 4999 5000
161 359 4978
228 228 235
3777 4494 4874
1 1666 3333
1 1 5000
1 4999 5000
172 3201 4892
4874 4885 4889
4318 4690 4719
1 1666 3333
1 1 5000
1 4999 5000
169 3252 4925
3906 3906 3913
4916 4923 4934
1 1666 3333
1 1 5000
1 4999 5000
179 904 4871
4450 4450 4454
4000 4696 4947
1 1666 3333
1 1 5000
1 4999 5000
9 139 4904
3850 3855 3861
3393 3750 4088
1 1666 3333
1 1 5000
1 4999 5000
196 3818 4801
4665 4665 4675
2155 2585 3421
1 1666 3333
1 1 5000
1 4999 5000
119 4518 4901
605 608 609
630 1090 1622
1 1666 3333
1 1 5000
1 4999 5000
97 646 4922
3295 3298 3305
1174 1466 3085
1 1666 3333
1 1 5000
1 4999 5000
224 2907 4956
3008 3008 3011
2287 2526 2565
1 1666 3333
1 1 5000
1 4999 5000
52 4364 4868
2819 2819 2820
169 337 853
1 1666 3333
1 1 5000
1 4999 5000
245 4582 4828
4566 4569 4570
2274 3441 4029
1 1666 3333
1 1 5000
1 4999 5000
179 2266 4895
2826 2830 2835
3373 3533 3967
1 1666 3333
1 1 5000
1 4999 5000
161 696 4956
1885 1885 1886
526 2239 3069
1 1666 3333
1 1 5000
1 4999 5000
181 2379 4811
4200 4210 4214
4992 4997 4998
1 1666 3333
1 1 5000
1 4999 5000
190 2536 4932
2734 2734 2736
904 1068 1335
1 1666 3333
1 1 5000
1 4999 5000
146 4199 4862
1088 1090 1091
2418 4793 4945
1 1666 3333
1 1 5000
1 4999 5000
51 1740 4943
3282 3284 3297
1337 1390 1403
1 1666 3333
1 1 5000
1 4999 5000
144 453 4850
3604 3605 3610
1624 2309 4856
1 1666 3333
1 1 5000
1 4999 5000
86 3736 4958
2669 2672 2673
2372 2614 4395
1 1666 3333
1 1 5000
1 4999 5000
213 3037 4792
2576 2577 2580
2227 3626 4995
1 1666 3333
1 1 5000
1 4999 5000
223 1215 4806
3026 3031 3033
3315 3459 4378
1 1666 3333
1 1 5000
1 4999 5000
165 4802 4915
3652 3661 3663
183 718 1495
1 1666 3333
1 1 5000
1 4999 5000
52 1445 4814
3860 3867 3872
4054 4263 4501
1 1666 3333
1 1 5000
1 4999 5000
50 2235 4781
382 389 390
1620 3459 3503
1 1666 3333
1 1 5000
1 4999 5000
218 3986 4775
1894 1894 1903
4602 4634 4897
1 1666 3333
1 1 5000
1 4999 5000
97 1200 4941
3322 3327 3329
3890 4026 4374
1 1666 3333
1 1 5000
1 4999 5000
128 4140 4975
3283 3283 3292
3725 3938 4454
1 1666 3333
1 1 5000
1 4999 5000
51 2845 4825
639 639 646
373 712 839
1 1666 3333
1 1 5000
1 4999 5000
246 4618 4886
2314 2315 2319
3864 4007 4272
1 1666 3333
1 1 5000
1 4999 5000
90 894 4833
4000 4003 4015
1591 1722 1891
1 1666 3333
1 1 5000
1 4999 5000
135 1072 4846
3615 3618 3625
3816 4178 4413
1 1666 3333
1 1 5000
1 4999 5000
169 2210 4926
2416 2418 2429
4189 4224 4706
1 1666 3333
1 1 5000
1 4999 5000
107 1431 4773
2984 2985 2986
4488 4585 4704
1 1666 3333
1 1 5000
1 4999 5000
170 3139 4847
697 697 708
1468 2908 3054
1 1666 3333
1 1 5000
1 4999 5000
41 1086 4853
1952 1958 1960
3960 4740 4852
1 1666 3333
1 1 5000
1 4999 5000
234 3443 4963
957 969 970
4983 4983 4984
1 1666 3333
1 1 5000
1 4999 5000
132 3813 4865
2390 2393 2400
1438 3700 3888
1 1666 3333
1 1 5000
1 4999 5000
132 1973 4812
1797 1800 1805
1314 1421 1440
1 1666 3333
1 1 5000
1 4999 5000
237 1012 4821
976 989 991
3657 4096 4389
1 1666 3333
1 1 5000
1 4999 5000
93 1063 4902
951 956 966
2171 2909 4500
1 1666 3333
1 1 5000
1 4999 5000
215 698 4924
4636 4638 4650
5 1217 4754
1 1666 3333
1 1 5000
1 4999 5000
1 3258 4879
3738 3742 3751
2598 3588 4124
1 1666 3333
1 1 5000
1 4999 5000
227 2293 4822
3383 3384 3394
2042 3404 3852
1 1666 3333
1 1 5000
1 4999 5000
216 2832 4915
4971 4973 4975
4573 4658 4675
1 1666 3333
1 1 5000
1 4999 5000
3 1557 4970
607 609 618
600 1524 2093
1 1666 3333
1 1 5000
1 4999 5000
191 3873 4797
723 723 726
670 1551 2229
1 1666 3333
1 1 5000
1 4999 5000
99 328 4920
2826 2829 2840
1118 1175 1199
1 1666 3333
1 1 5000
1 4999 5000
138 1838 4868
3537 3540 3543
4228 4583 4888
1 1666 3333
1 1 5000
1 4999 5000
193 895 4892
11 20 26
4420 4764 4964
1 1666 3333
1 1 5000
1 4999 5000
80 750 4868
4549 4557 4563
1149 1373 4021
1 1666 3333
1 1 5000
1 4999 5000
107 4070 4913
4544 4544 4556
481 737 1581
1 1666 3333
1 1 5000
1 4999 5000
229 2048 4986
4433 4434 4439
3677 3882 3928
1 1666 3333
1 1 5000
1 4999 5000
96 909 4800
4471 4472 4473
2101 2144 2166
1 1666 3333
1 1 5000
1 4999 5000
192 3981 4906
2450 2451 2452
3427 4301 4963
1 1666 3333
1 1 5000
1 4999 5000
224 2912 4755
2053 2053 2054
3210 4212 4707
1 1666 3333
1 1 5000
1 4999 5000
106 3836 4810
2124 2129 2136
873 3797 4221
1 1666 3333
1 1 5000
1 4999 5000
106 4203 4781
1900 1907 1913
1631 2250 2961
1 1666 3333
1 1 5000
1 4999 5000
74 970 4971
2340 2343 2344
1769 2774 3874
1 1666 3333
1 1 5000
1 4999 5000
150 957 4814
967 968 969
3505 4032 4196
1 1666 3333
1 1 5000
1 4999 5000
193 3053 4982
311 318 321
842 1064 3284
1 1666 3333
1 1 5000
1 4999 5000
99 200 4783
3106 3108 3113
1121 2304 4734
1 1666 3333
1 1 5000
1 4999 5000
164 3649 4862
2962 2962 2963
3391 4101 4244
1 1666 3333
1 1 5000
1 4999 5000
112 3586 4825
1263 1268 1270
4343 4634 4867
1 1666 3333
1 1 5000
1 4999 5000
226 2266 4902
1530 1531 1535
3153 3461 3736
1 1666 3333
1 1 5000
1 4999 5000
79 1461 4876
1510 1515 1523
911 2149 2758
1 1666 3333
1 1 5000
1 4999 5000
88 1645 4982
3345 3345 3346
1833 2494 2707
1 1666 3333
1 1 5000
1 4999 5000
168 2505 4987
340 341 346
1478 2012 4380
1 1666 3333
1 1 5000
1 4999 5000
217 1340 4923
3736 3739 3744
852 2147 3804
1 1666 3333
1 1 5000
1 4999 5000
197 3739 4868
3496 3501 3509
2873 3663 4518
1 1666 3333
1 1 5000
1 4999 5000
73 4441 4967
3901 3901 3906
3026 3091 3186
1 1666 3333
1 1 5000
1 4999 5000
181 1417 4776
4298 4304 4313
2871 4614 4866
1 1666 3333
1 1 5000
1 4999 5000
211 4363 4957
4352 4354 4358
854 2474 4219
1 1666 3333
1 1 5000
1 4999 5000
68 853 4845
210 211 216
4217 4230 4247
1 1666 3333
1 1 5000
1 4999 5000
62 2519 4830
3878 3880 3890
1683 3267 3609
1 1666 3333
1 1 5000
1 4999 5000
12 3207 4897
2432 2432 2434
2216 2361 2493
1 1666 3333
1 1 5000
1 4999 5000
125 3755 4990
908 908 909
3011 3649 4235
1 1666 3333
1 1 5000
1 4999 5000
157 2751 4796
2479 2485 2486
1044 1783 2382
1 1666 3333
1 1 5000
1 4999 5000
227 1320 4836
4475 4481 4482
1662 4235 4634
1 1666 3333
1 1 5000
1 4999 5000
1 3549 4999
3047 3048 3051
1074 1554 1665
1 1666 3333
1 1 5000
1 4999 5000
216 2798 4955
2562 2562 2571
832 2822 4896
1 1666 3333
1 1 5000
1 4999 5000
107 3213 4763
4976 4977 4988
2253 4316 4459
1 1666 3333
1 1 5000
1 4999 5000
210 1325 4855
4923 4929 4930
1703 2528 2785
1 1666 3333
1 1 5000
1 4999 5000
123 281 4829
1190 1191 1192
3146 3213 3241
1 1666 3333
1 1 5000
1 4999 5000
189 2072 4772
959 962 970
394 2670 2686
1 1666 3333
1 1 5000
1 4999 5000
191 4072 4795
2915 2916 2921
762 825 3057
1 1666 3333
1 1 5000
1 4999 5000
41 206 4884
4793 4796 4799
1768 1893 2140
1 1666 3333
1 1 5000
1 4999 5000
29 2754 4988
2237 2237 2246
2798 2813 3201
1 1666 3333
1 1 5000
1 4999 5000
230 4680 4839
2396 2397 2401
308 1870 2891
1 1666 3333
1 1 5000
1 4999 5000
31 3278 4832
2772 2772 2784
659 855 902
1 1666 3333
1 1 5000
1 4999 5000
85 515 4934
3058 3058 3073
2508 3467 4160
1 1666 3333
1 1 5000
1 4999 5000
166 3598 4852
952 952 955
1290 2519 2937
1 1666 3333
1 1 5000
1 4999 5000
177 1569 4954
2907 2907 2914
3046 3542 4850
1 1666 3333
1 1 5000
1 4999 5000
128 172 4824
2605 2605 2606
4510 4593 4798
1 1666 3333
1 1 5000
1 4999 5000
120 3155 4923
1136 1143 1145
719 763 1124
1 1666 3333
1 1 5000
1 4999 5000
14 3118 4897
1490 1492 1495
1863 2200 3953
1 1666 3333
1 1 5000
1 4999 5000
191 3823 4920
2484 2487 2499
3885 3913 4093
1 1666 3333
1 1 5000
1 4999 5000
113 1530 4950
2808 2808 2810
878 2092 2405
1 1666 3333
1 1 5000
1 4999 5000
176 3237 4895
1052 1059 1063
4322 4332 4368
1 1666 3333
1 1 5000
1 4999 5000
32 2220 4824
1324 1324 1336
2688 3137 3243
1 1666 3333
1 1 5000
1 4999 5000
8 1674 4971
3362 3368 3374
468 559 3040
1 1666 3333
1 1 5000
1 4999 5000
163 4576 4755
599 599 600
1987 1998 2002
1 1666 3333
1 1 5000
1 4999 5000
36 2192 4971
895 901 903
2722 3605 4097
1 1666 3333
1 1 5000
1 4999 5000
99 1153 4931
172 174 176
2764 3452 4839
1 1666 3333
1 1 5000
1 4999 5000
247 1206 4884
897 900 902
2878 4524 4676
1 1666 3333
1 1 5000
1 4999 5000
209 2253 4913
4623 4630 4633
3837 4072 4937
1 1666 3333
1 1 5000
1 4999 5000
154 901 4893
2970 2971 2973
2753 2829 4556
1 1666 3333
1 1 5000
1 4999 5000
16 4422 4971
2052 2057 2060
1783 2731 3105
1 1666 3333
1 1 5000
1 4999 5000
174 4278 4879
4370 4370 4371
1875 4594 4808
1 1666 3333
1 1 5000
1 4999 5000
87 3425 4756
1933 1947 1948
1187 1662 4733
1 1666 3333
1 1 5000
1 4999 5000
244 1687 4970
1098 1099 1100
1866 1894 2124
1 1666 3333
1 1 5000
1 4999 5000
170 2828 4772
1603 1608 1613
3148 3740 4995
1 1666 3333
1 1 5000
1 4999 5000
162 3249 4873
1780 1784 1787
455 1952 4374
1 1666 3333
1 1 5000
1 4999 5000
135 3440 4991
1688 1696 1699
3152 3723 3786
1 1666 3333
1 1 5000
1 4999 5000
75 2378 4927
55 62 68
2948 2957 3222
1 1666 3333
1 1 5000
1 4999 5000
105 1402 4900
2962 2972 2977
3036 3100 4760
1 1666 3333
1 1 5000
1 4999 5000
169 3564 4955
2940 2942 2953
2910 4010 4505
1 1666 3333
1 1 5000
1 4999 5000
122 3846 4996
4272 4280 4281
1582 2909 3633
1 1666 3333
1 1 5000
1 4999 5000
120 3340 4793
781 788 790
410 641 1736
1 1666 3333
1 1 5000
1 4999 5000
227 3174 4774
3730 3730 3733
151 605 762
1 1666 3333
1 1 5000
1 4999 5000
49 3869 4909
4556 4557 4569
3417 3586 3806
1 1666 3333
1 1 5000
1 4999 5000
134 4529 4760
1262 1262 1265
351 663 2626
1 1666 3333
1 1 5000
1 4999 5000
148 4567 4779
2300 2300 2307
1327 2336 4060
1 1666 3333
1 1 5000
1 4999 5000
61 4064 4926
182 184 192
2339 3889 3909
1 1666 3333
1 1 5000
1 4999 5000
125 4577 4987
1077 1088 1090
2498 3345 4554
1 1666 3333
1 1 5000
1 4999 5000
27 2327 4958
489 499 503
3815 3840 3864
1 1666 3333
1 1 5000
1 4999 5000
61 1368 4852
56 64 66
396 2122 4235
1 1666 3333
1 1 5000
1 4999 5000
100 4473 4922
2072 2073 2078
670 1186 1676
1 1666 3333
1 1 5000
1 4999 5000
27 3439 4856
454 459 461
460 1971 4944
1 1666 3333
1 1 5000
1 4999 5000
215 4720 4760
2151 2156 2160
2508 3022 3597
1 1666 3333
1 1 5000
1 4999 5000
194 4703 4965
245 247 254
4389 4815 4918
1 1666 3333
1 1 5000
1 4999 5000
79 611 4783
3646 3653 3660
346 1453 4131
1 1666 3333
1 1 5000
1 4999 5000
70 936 4902
2224 2224 2225
2818 2890 3578
1 1666 3333
1 1 5000
1 4999 5000
88 4400 4804
1051 1055 1066
4125 4673 4723
1 1666 3333
1 1 5000
1 4999 5000
225 2898 4915
2163 2163 2167
373 1539 3316
1 1666 3333
1 1 5000
1 4999 5000
141 3625 4850
198 199 207
3616 3922 4506
1 1666 3333
1 1 5000
1 4999 5000
199 1199 4830
1760 1763 1774
951 1738 1918
1 1666 3333
1 1 5000
1 4999 5000
192 1420 4961
1631 1641 1646
4880 4886 4907
1 1666 3333
1 1 5000
1 4999 5000
187 594 4851
111 111 112
2578 4380 4666
1 1666 3333
1 1 5000
1 4999 5000
122 4267 4836
4581 4590 4592
4710 4769 4889
1 1666 3333
1 1 5000
1 4999 5000
128 3246 4919
1437 1437 1441
4794 4800 4829
1 1666 3333
1 1 5000
1 4999 5000
156 4053 4859
1478 1485 1492
25 174 2079
1 1666 3333
1 1 5000
1 4999 5000
227 3147 4788
1690 1690 1691
4958 4959 4963
1 1666 3333
1 1 5000
1 4999 5000
202 2327 4754
3613 3625 3626
4963 4963 4971
1 1666 3333
1 1 5000
1 4999 5000
141 1918 4864
1676 1689 1690
1902 1909 2236
1 1666 3333
1 1 5000
1 4999 5000
111 797 4752
2578 2587 2593
2293 2938 3164
1 1666 3333
1 1 5000
1 4999 5000
82 939 4847
3581 3592 3594
3072 3851 4199
1 1666 3333
1 1 5000
1 4999 5000
137 1602 4784
980 984 991
650 1620 1783
1 1666 3333
1 1 5000
1 4999 5000
246 1431 4976
4343 4348 4351
3807 3841 3991
1 1666 3333
1 1 5000
1 4999 5000
146 4642 4924
777 787 791
3603 3636 3947
1 1666 3333
1 1 5000
1 4999 5000
48 1541 4825
4212 4219 4220
3328 3345 3562
1 1666 3333
1 1 5000
1 4999 5000
72 1002 4808
3594 3595 3601
3459 4096 4997
1 1666 3333
1 1 5000
1 4999 5000
24 3469 4944
2924 2924 2932
2489 3476 3903
1 1666 3333
1 1 5000
1 4999 5000
77 408 4820
4150 4159 4164
3305 3392 4850
1 1666 3333
1 1 5000
1 4999 5000
250 2832 4765
4943 4944 4950
1348 3403 4214
1 1666 3333
1 1 5000
1 4999 5000
212 1051 4848
869 878 880
2103 2345 4472
1 1666 3333
1 1 5000
1 4999 5000
200 437 4960
2421 2424 2425
4236 4457 4863
1 1666 3333
1 1 5000
1 4999 5000
178 3420 4907
1326 1327 1330
4073 4519 4709
1 1666 3333
1 1 5000
1 4999 5000
128 2884 4811
2017 2020 2023
2126 2424 4016
1 1666 3333
1 1 5000
1 4999 5000
117 4404 4764
3595 3600 3606
4527 4559 4572
1 1666 3333
1 1 5000
1 4999 5000
108 2523 4852
1789 1789 1790
2637 2742 2756
1 1666 3333
1 1 5000
1 4999 5000
208 3837 4911
1633 1646 1647
3282 3326 4490
1 1666 3333
1 1 5000
1 4999 5000
215 4538 4981
2896 2901 2904
2736 3074 4324
1 1666 3333
1 1 5000
1 4999 5000
64 3298 4914
3959 3962 3963
635 1360 3027
1 1666 3333
1 1 5000
1 4999 5000
211 4224 4922
3960 3961 3964
1710 2305 3895
1 1666 3333
1 1 5000
1 4999 5000
44 3556 4968
2288 2297 2300
4702 4718 4861
1 1666 3333
1 1 5000
1 4999 5000
233 2010 4812
2116 2127 2129
608 962 4630
1 1666 3333
1 1 5000
1 4999 5000
236 3717 4908
2683 2685 2688
3008 3546 4425
1 1666 3333
1 1 5000
1 4999 5000
70 1486 4993
2544 2549 2554
767 2723 3075
1 1666 3333
1 1 5000
1 4999 5000
124 943 4784
688 691 693
3460 3465 3472
1 1666 3333
1 1 5000
1 4999 5000
205 4671 4896
1929 1932 1933
2479 2525 4030
1 1666 3333
1 1 5000
1 4999 5000
208 4103 4969
4883 4883 4884
1209 2134 4455
1 1666 3333
1 1 5000
1 4999 5000
118 4731 4755
4309 4309 4322
1279 2341 3124
1 1666 3333
1 1 5000
1 4999 5000
170 3063 4835
3796 3799 3806
179 478 2517
1 1666 3333
1 1 5000
1 4999 5000
209 4505 4819
4113 4117 4119
2635 3111 3275
1 1666 3333
1 1 5000
1 4999 5000
13 2480 4849
4711 4711 4712
4448 4554 4675
1 1666 3333
1 1 5000
1 4999 5000
201 2646 4785
1095 1095 1100
2333 2343 2351
1 1666 3333
1 1 5000
1 4999 5000
27 1820 4969
1410 1412 1415
170 587 854
1 1666 3333
1 1 5000
1 4999 5000
12 4500 4851
531 534 542
1175 1213 4707
1 1666 3333
1 1 5000
1 4999 5000
10 1529 4787
3593 3595 3600
1259 1932 2045
1 1666 3333
1 1 5000
1 4999 5000
96 303 4855
4523 4523 4525
1045 2579 3754
1 1666 3333
1 1 5000
1 4999 5000
144 2815 4983
2221 2223 2224
2664 2676 2894
1 1666 3333
1 1 5000
1 4999 5000
17 3846 4891
1882 1885 1890
1851 2910 3869
1 1666 3333
1 1 5000
1 4999 5000
111 2207 4897
2534 2536 2549
3463 3533 4282
1 1666 3333
1 1 5000
1 4999 5000
241 1456 4907
4316 4326 4327
4083 4306 4825
1 1666 3333
1 1 5000
1 4999 5000
139 2654 4853
1290 1304 1305
1323 1723 4284
1 1666 3333
1 1 5000
1 4999 5000
167 256 4978
2981 2986 2992
2798 2813 2826
1 1666 3333
1 1 5000
1 4999 5000
99 3636 4845
1801 1810 1812
1810 3043 3366
1 1666 3333
1 1 5000
1 4999 5000
195 964 4848
145 147 155
3041 4417 4582
1 1666 3333
1 1 5000
1 4999 5000
119 3411 4847
1217 1217 1218
1067 2020 4326
1 1666 3333
1 1 5000
1 4999 5000
230 2603 4976
3124 3129 3133
3411 3478 3505
1 1666 3333
1 1 5000
1 4999 5000
184 4287 4784
1813 1816 1817
1450 2333 3264
1 1666 3333
1 1 5000
1 4999 5000
57 3429 4805
2892 2895 2901
502 1307 2313
1 1666 3333
1 1 5000
1 4999 5000
12 3584 4873
1238 1250 1251
4827 4903 4910
1 1666 3333
1 1 5000
1 4999 5000
161 2151 4966
2855 2865 2866
113 237 1218
1 1666 3333
1 1 5000
1 4999 5000
233 3399 4753
471 480 485
1461 2922 3781
1 1666 3333
1 1 5000
1 4999 5000
225 1758 4818
4710 4714 4717
4525 4768 4973
1 1666 3333
1 1 5000
1 4999 5000
9 1864 4870
2747 2747 2750
2727 3029 3246
1 1666 3333
1 1 5000
1 4999 5000
105 1724 4867
4333 4337 4348
1960 3096 3214
1 1666 3333
1 1 5000
1 4999 5000
100 2912 4972
1859 1870 1873
4500 4700 4857
1 1666 3333
1 1 5000
1 4999 5000
91 2707 4799
4283 4295 4297
3784 4112 4431
1 1666 3333
1 1 5000
1 4999 5000
245 4432 4961
676 677 689
4300 4837 4856
1 1666 3333
1 1 5000
1 4999 5000
226 4929 4936
386 393 398
1416 2184 2394
1 1666 3333
1 1 5000
1 4999 5000
228 1938 4973
2874 2887 2888
3874 4271 4632
1 1666 3333
1 1 5000
1 4999 5000
167 3757 4881
2541 2542 2545
1765 2044 2500
1 1666 3333
1 1 5000
1 4999 5000
134 543 4813
2716 2726 2730
4308 4474 4534
1 1666 3333
1 1 5000
1 4999 5000
160 3559 4952
3067 3077 3080
2219 2550 2928
1 1666 3333
1 1 5000
1 4999 5000
193 3030 4826
1540 1540 1542
1157 1690 4161
1 1666 3333
1 1 5000
1 4999 5000
45 3339 4936
3292 3293 3294
4692 4694 4816
1 1666 3333
1 1 5000
1 4999 5000
105 925 4975
4942 4946 4953
1284 1670 3823
1 1666 3333
1 1 5000
1 4999 5000
107 1369 4970
2319 2319 2321
2917 3881 4131
1 1666 3333
1 1 5000
1 4999 5000
194 407 4994
3450 3458 3465
3750 4846 4901
1 1666 3333
1 1 5000
1 4999 5000
98 302 4802
995 996 1000
3624 4064 4289
1 1666 3333
1 1 5000
1 4999 5000
127 2051 4884
4404 4405 4417
1149 2023 2805
1 1666 3333
1 1 5000
1 4999 5000
41 2048 4955
3330 3331 3333
4418 4554 4567
1 1666 3333
1 1 5000
1 4999 5000
105 2589 4908
1559 1568 1573
1121 1690 3096
1 1666 3333
1 1 5000
1 4999 5000
66 4118 4816
502 514 516
71 1622 1679
1 1666 3333
1 1 5000
1 4999 5000
123 4798 4860
350 352 353
4836 4946 4999
1 1666 3333
1 1 5000
1 4999 5000
100 1012 4985
1415 1424 1428
2234 2252 2784
1 1666 3333
1 1 5000
1 4999 5000
107 4714 4878
2820 2823 2826
347 494 3059
1 1666 3333
1 1 5000
1 4999 5000
46 2605 4754
3659 3664 3670
1205 2747 2846
1 1666 3333
1 1 5000
1 4999 5000
114 3581 4837
4658 4660 4673
3509 3552 3789
1 1666 3333
1 1 5000
1 4999 5000
69 3772 4839
145 147 148
4837 4850 4877
1 1666 3333
1 1 5000
1 4999 5000
183 2022 4883
4026 4029 4030
3849 4117 4271
1 1666 3333
1 1 5000
1 4999 5000
138 1888 4895
3120 3122 3123
2518 3314 4012
1 1666 3333
1 1 5000
1 4999 5000
247 3996 4889
3807 3811 3817
1075 1774 1853
1 1666 3333
1 1 5000
1 4999 5000
89 2197 4772
3465 3466 3476
970 1332 1611
1 1666 3333
1 1 5000
1 4999 5000
174 853 4847
1810 1813 1825
4486 4494 4548
1 1666 3333
1 1 5000
1 4999 5000
172 2835 4830
981 983 984
730 940 1267
1 1666 3333
1 1 5000
1 4999 5000
225 2154 4849
4834 4834 4835
655 863 1863
1 1666 3333
1 1 5000
1 4999 5000
158 3070 4935
884 885 897
4401 4547 4623
1 1666 3333
1 1 5000
1 4999 5000
199 2914 4836
2430 2430 2432
538 864 1020
1 1666 3333
1 1 5000
1 4999 5000
11 555 4789
1952 1961 1963
766 1589 4816
1 1666 3333
1 1 5000
1 4999 5000
75 4961 4977
974 974 976
3626 3850 3875
1 1666 3333
1 1 5000
1 4999 5000
195 1287 4851
3267 3273 3282
3848 4216 4241
1 1666 3333
1 1 5000
1 4999 5000
5 4335 4783
1451 1462 1465
2693 3401 4427
1 1666 3333
1 1 5000
1 4999 5000
114 301 4815
4683 4691 4696
4396 4606 4894
1 1666 3333
1 1 5000
1 4999 5000
234 4668 4752
3537 3543 3549
82 576 3086
1 1666 3333
1 1 5000
1 4999 5000
94 4385 4775
2201 2201 2205
3635 4042 4212
1 1666 3333
1 1 5000
1 4999 5000
4 3029 4757
2133 2134 2145
1416 2276 2364
1 1666 3333
1 1 5000
1 4999 5000
200 4473 4802
844 845 847
3836 4502 4739
1 1666 3333
1 1 5000
1 4999 5000
34 1376 4952
2873 2881 2885
3513 4478 4574
1 1666 3333
1 1 5000
1 4999 5000
234 734 4936
1039 1041 1042
444 1050 1069
1 1666 3333
1 1 5000
1 4999 5000
205 2809 4935
3676 3685 3689
702 976 1906
1 1666 3333
1 1 5000
1 4999 5000
137 2427 4874
4700 4708 4711
1683 1871 3233
1 1666 3333
1 1 5000
1 4999 5000
55 3552 4900
353 360 361
1561 1892 2152
1 1666 3333
1 1 5000
1 4999 5000
72 1390 4810
975 981 986
1309 1894 1928
1 1666 3333
1 1 5000
1 4999 5000
204 2167 4974
4060 4064 4071
2800 3000 3016
1 1666 3333
1 1 5000
1 4999 5000
55 3345 4771
2154 2156 2157
2788 3089 3941
1 1666 3333
1 1 5000
1 4999 5000
36 2847 4780
3592 3600 3601
3343 3682 3835
1 1666 3333
1 1 5000
1 4999 5000
94 526 4961
2094 2097 2104
1287 2773 2799
1 1666 3333
1 1 5000
1 4999 5000
25 4662 4899
4134 4134 4140
561 2102 3909
1 1666 3333
1 1 5000
1 4999 5000
158 4759 4914
3144 3145 3149
4563 4612 4720
1 1666 3333
1 1 5000
1 4999 5000
164 2936 4845
69 69 73
966 1544 4238
1 1666 3333
1 1 5000
1 4999 5000
139 2111 4764
4373 4373 4379
2363 2912 3380
1 1666 3333
1 1 5000
1 4999 5000
41 210 4845
1421 1427 1435
2237 2734 4286
1 1666 3333
1 1 5000
1 4999 5000
94 3042 4836
4273 4274 4275
2079 2243 2867
1 1666 3333
1 1 5000
1 4999 5000
167 3056 4814
2956 2966 2967
4050 4407 5000
1 1666 3333
1 1 5000
1 4999 5000
1 2638 4880
4211 4214 4215
4181 4469 4534
1 1666 3333
1 1 5000
1 4999 5000
240 3435 4979
2426 2426 2432
2980 3209 3363
1 1666 3333
1 1 5000
1 4999 5000
66 1445 4833
2695 2697 2698
3101 3125 3630
1 1666 3333
1 1 5000
1 4999 5000
130 1254 4982
2085 2088 2089
117 627 1947
1 1666 3333
1 1 5000
1 4999 5000
73 711 4926
2179 2182 2184
3493 3602 4763
1 1666 3333
1 1 5000
1 4999 5000
221 1988 4907
1563 1563 1564
249 452 1146
1 1666 3333
1 1 5000
1 4999 5000
166 1334 4882
1609 1617 1624
2804 3091 3392
1 1666 3333
1 1 5000
1 4999 5000
111 1254 4905
2371 2371 2384
1018 1065 1190
1 1666 3333
1 1 5000
1 4999 5000
24 2418 4775
3406 3406 3417
2082 2173 2352
1 1666 3333
1 1 5000
1 4999 5000
239 3818 4848
4742 4748 4750
4708 4816 4850
1 1666 3333
1 1 5000
1 4999 5000
3 1937 4987
3171 3171 3174
2725 2750 4025
1 1666 3333
1 1 5000
1 4999 5000
10 1104 4921
1067 1069 1077
1984 2716 3428
1 1666 3333
1 1 5000
1 4999 5000
123 838 4990
483 490 497
4724 4883 4984
1 1666 3333
1 1 5000
1 4999 5000
236 392 4950
4782 4782 4785
1251 2161 3686
1 1666 3333
1 1 5000
1 4999 5000
158 1489 4916
1238 1238 1246
998 3284 4021
1 1666 3333
1 1 5000
1 4999 5000
139 1021 4966
1146 1148 1150
2999 3015 3135
1 1666 3333
1 1 5000
1 4999 5000
166 3006 4898
200 201 212
2228 2406 2949
1 1666 3333
1 1 5000
1 4999 5000
87 1311 4776
273 274 288
404 873 2204
1 1666 3333
1 1 5000
1 4999 5000
135 3069 4862
3141 3141 3150
3362 3952 4896
1 1666 3333
1 1 5000
1 4999 5000
173 1053 4835
3217 3225 3226
4496 4588 4590
1 1666 3333
1 1 5000
1 4999 5000
237 1328 4977
3807 3816 3821
469 878 2740
1 1666 3333
1 1 5000
1 4999 5000
177 621 4965
4043 4044 4050
873 1007 2408
1 1666 3333
1 1 5000
1 4999 5000
68 4174 4889
2223 2226 2237
4094 4245 4381
1 1666 3333
1 1 5000
1 4999 5000
156 4463 4958
1259 1259 1268
3932 4650 4777
1 1666 3333
1 1 5000
1 4999 5000
26 3369 4864
487 488 489
1576 2285 2807
1 1666 3333
1 1 5000
1 4999 5000
45 50 4988
2964 2964 2965
369 558 2121
1 1666 3333
1 1 5000
1 4999 5000
239 686 4812
766 768 769
3266 3277 3301
1 1666 3333
1 1 5000
1 4999 5000
221 2755 4810
1779 1792 1794
2165 3315 3926
1 1666 3333
1 1 5000
1 4999 5000
33 4226 4771
2407 2408 2409
2876 3175 3834
1 1666 3333
1 1 5000
1 4999 5000
194 4699 4776
2957 2958 2972
3516 3575 3697
1 1666 3333
1 1 5000
1 4999 5000
127 2726 4953
1325 1334 1337
1060 2009 3448
1 1666 3333
1 1 5000
1 4999 5000
179 4065 4920
2561 2563 2567
4683 4848 4867
1 1666 3333
1 1 5000
1 4999 5000
119 3747 4811
4674 4676 4683
4738 4744 4779
1 1666 3333
1 1 5000
1 4999 5000
182 3377 4792
330 331 340
4114 4294 4457
1 1666 3333
1 1 5000
1 4999 5000
110 2661 4794
2499 2508 2510
674 1728 4687
1 1666 3333
1 1 5000
1 4999 5000
250 562 4854
2034 2035 2040
3216 3224 3274
1 1666 3333
1 1 5000
1 4999 5000
52 3574 4896
3471 3474 3477
4538 4660 4841
1 1666 3333
1 1 5000
1 4999 5000
164 3002 4835
4227 4229 4232
2106 3645 3789
1 1666 3333
1 1 5000
1 4999 5000
171 4761 4900
3591 3593 3594
3725 3735 4004
1 1666 3333
1 1 5000
1 4999 5000
176 4337 4779
587 593 600
4967 4981 4988
1 1666 3333
1 1 5000
1 4999 5000
12 1800 4752
4057 4060 4062
4765 4772 4796
1 1666 3333
1 1 5000
1 4999 5000
233 4605 4957
1486 1488 1489
3175 3660 4619
1 1666 3333
1 1 5000
1 4999 5000
202 347 4787
3211 3211 3215
1033 2265 3014
1 1666 3333
1 1 5000
1 4999 5000
102 2571 4845
2520 2520 2523
1929 2934 4161
1 1666 3333
1 1 5000
1 4999 5000
109 3635 4925
3515 3520 3525
128 147 1087
1 1666 3333
1 1 5000
1 4999 5000
17 3032 4835
1322 1324 1334
3110 3126 3165
1 1666 3333
1 1 5000
1 4999 5000
111 1454 4915
4012 4018 4026
2264 2481 3676
1 1666 3333
1 1 5000
1 4999 5000
250 401 4863
1810 1814 1815
3542 4424 4782
1 1666 3333
1 1 5000
1 4999 5000
225 2536 4948
2901 2901 2902
1779 1937 2314
1 1666 3333
1 1 5000
1 4999 5000
107 2466 4862
3919 3921 3923
1698 1714 1903
1 1666 3333
1 1 5000
1 4999 5000
66 1455 4937
404 409 412
2009 3386 4446
1 1666 3333
1 1 5000
1 4999 5000
155 4894 4974
3400 3401 3404
3933 4005 4121
1 1666 3333
1 1 5000
1 4999 5000
105 1011 4919
3090 3090 3093
4997 4997 5000
1 1666 3333
1 1 5000
1 4999 5000
173 2412 4908
3879 3879 3889
38 354 436
1 1666 3333
1 1 5000
1 4999 5000
32 4335 4832
114 124 126
2196 4806 4950
1 1666 3333
1 1 5000
1 4999 5000
26 3770 4764
4457 4466 4467
2216 2703 2789
1 1666 3333
1 1 5000
1 4999 5000
56 4113 4854
4746 4746 4748
3714 4187 4919
1 1666 3333
1 1 5000
1 4999 5000
180 1735 4923
4354 4359 4362
3918 4057 4422
1 1666 3333
1 1 5000
1 4999 5000
80 2760 4965
1501 1501 1504
4446 4710 4760
1 1666 3333
1 1 5000
1 4999 5000
40 2285 4896
3602 3609 3611
612 3198 4060
1 1666 3333
1 1 5000
1 4999 5000
186 2777 4883
1800 1805 1815
3245 3456 4148
1 1666 3333
1 1 5000
1 4999 5000
124 2044 4922
1086 1088 1100
2700 3620 4318
1 1666 3333
1 1 5000
1 4999 5000
17 1173 4914
4703 4703 4709
136 1377 2375
1 1666 3333
1 1 5000
1 4999 5000
61 230 4878
3669 3676 3677
1925 2969 3999
1 1666 3333
1 1 5000
1 4999 5000
229 461 4945
1138 1141 1149
1320 1729 2419
1 1666 3333
1 1 5000
1 4999 5000
222 1600 4819
1178 1181 1182
1613 2129 2852
1 1666 3333
1 1 5000
1 4999 5000
134 509 4971
4724 4732 4737
1990 3205 3614
1 1666 3333
1 1 5000
1 4999 5000
31 3435 4811
4495 4496 4504
4105 4244 4728
1 1666 3333
1 1 5000
1 4999 5000
106 4368 4829
2556 2556 2557
4061 4453 4596
1 1666 3333
1 1 5000
1 4999 5000
132 2047 4775
288 290 294
1775 2569 4518
1 1666 3333
1 1 5000
1 4999 5000
95 2591 4921
3758 3758 3765
342 395 1149
1 1666 3333
1 1 5000
1 4999 5000
240 3123 4821
1614 1625 1628
4674 4760 4806
1 1666 3333
1 1 5000
1 4999 5000
95 4335 4939
3595 3596 3603
3333 3338 3453
1 1666 3333
1 1 5000
1 4999 5000
25 1285 4929
2265 2265 2268
1837 2395 4346
1 1666 3333
1 1 5000
1 4999 5000
88 3117 4889
769 775 784
2057 2161 2479
1 1666 3333
1 1 5000
1 4999 5000
243 1279 4949
4659 4662 4672
2675 3354 3784
1 1666 3333
1 1 5000
1 4999 5000
84 2062 4931
4354 4357 4361
4150 4243 4540
1 1666 3333
1 1 5000
1 4999 5000
32 2326 4825
3668 3669 3681
275 502 746
1 1666 3333
1 1 5000
1 4999 5000
10 1078 4959
2350 2352 2364
2612 2921 2945
1 1666 3333
1 1 5000
1 4999 5000
178 4191 4827
332 332 333
4193 4626 4645
1 1666 3333
1 1 5000
1 4999 5000
72 1390 4892
1135 1136 1145
2414 2424 2449
1 1666 3333
1 1 5000
1 4999 5000
191 235 4882
3358 3363 3369
3370 3396 4375
1 1666 3333
1 1 5000
1 4999 5000
69 2794 4751
4247 4252 4253
654 2217 4198
1 1666 3333
1 1 5000
1 4999 5000
170 3989 4840
2706 2711 2714
2683 3244 3443
1 1666 3333
1 1 5000
1 4999 5000
42 2545 4969
2871 2871 2872
778 1066 1224
1 1666 3333
1 1 5000
1 4999 5000
134 3784 4981
1616 1617 1619
2109 3345 3747
1 1666 3333
1 1 5000
1 4999 5000
87 3429 4779
965 972 973
447 801 806
1 1666 3333
1 1 5000
1 4999 5000
249 2643 4885
57 63 68
3962 3990 4000
1 1666 3333
1 1 5000
1 4999 5000
60 3613 4941
3589 3591 3593
4962 4985 4991
1 1666 3333
1 1 5000
1 4999 5000
87 3681 4764
2977 2985 2988
4240 4272 4277
1 1666 3333
1 1 5000
1 4999 5000
74 3613 4822
4564 4566 4579
2126 2932 2960
1 1666 3333
1 1 5000
1 4999 5000
85 1297 4960
2217 2218 2220
245 945 1247
1 1666 3333
1 1 5000
1 4999 5000
225 1144 4894
4966 4972 4980
3619 4389 4757
1 1666 3333
1 1 5000
1 4999 5000
60 2975 4997
4815 4816 4825
2283 3607 3725
1 1666 3333
1 1 5000
1 4999 5000
63 2741 4812
2445 2445 2446
3469 3845 4582
1 1666 3333
1 1 5000
1 4999 5000
222 896 4828
1549 1549 1551
3888 3952 4000
1 1666 3333
1 1 5000
1 4999 5000
193 4631 4980
4057 4058 4069
4412 4779 4796
1 1666 3333
1 1 5000
1 4999 5000
223 1596 4857
164 165 172
157 1477 1909
1 1666 3333
1 1 5000
1 4999 5000
60 451 4983
1388 1389 1392
4763 4845 4886
1 1666 3333
1 1 5000
1 4999 5000
184 2753 4935
2660 2662 2666
1991 3646 4560
1 1666 3333
1 1 5000
1 4999 5000
181 524 4871
3317 3317 3329
1765 2389 2680
1 1666 3333
1 1 5000
1 4999 5000
16 1855 4981
2191 2194 2195
2554 2555 3360
1 1666 3333
1 1 5000
1 4999 5000
34 2043 4911
4515 4517 4521
3206 3747 3879
1 1666 3333
1 1 5000
1 4999 5000
68 1411 4995
1520 1523 1533
2414 2472 3184
1 1666 3333
1 1 5000
1 4999 5000
151 4271 4764
4971 4973 4981
271 281 1201
1 1666 3333
1 1 5000
1 4999 5000
33 3979 4956
3770 3772 3776
3582 3582 3609
1 1666 3333
1 1 5000
1 4999 5000
110 2921 4820
1212 1213 1214
491 529 547
1 1666 3333
1 1 5000
1 4999 5000
189 3458 4887
3123 3130 3136
2809 3951 4311
1 1666 3333
1 1 5000
1 4999 5000
203 4725 4940
2791 2801 2805
3882 3925 4307
1 1666 3333
1 1 5000
1 4999 5000
84 3141 4872
4469 4475 4478
1659 2118 3869
1 1666 3333
1 1 5000
1 4999 5000
148 745 4782
175 176 177
3985 4356 4749
1 1666 3333
1 1 5000
1 4999 5000
45 1165 4852
2942 2944 2948
2667 3267 4309
1 1666 3333
1 1 5000
1 4999 5000
191 2698 4839
2437 2437 2438
40 2165 2366
1 1666 3333
1 1 5000
1 4999 5000
81 397 4822
2599 2604 2609
4699 4740 4773
1 1666 3333
1 1 5000
1 4999 5000
128 3421 4787
721 723 735
1109 1157 1601
1 1666 3333
1 1 5000
1 4999 5000
148 4745 4994
12 13 15
3207 3623 3982
1 1666 3333
1 1 5000
1 4999 5000
117 479 4948
586 590 599
3471 3708 4092
1 1666 3333
1 1 5000
1 4999 5000
14 2328 4806
3777 3779 3784
2350 4316 4866
1 1666 3333
1 1 5000
1 4999 5000
221 361 4833
2515 2515 2519
47 331 4385
1 1666 3333
1 1 5000
1 4999 5000
221 3808 4944
1454 1456 1460
3675 3712 4490
1 1666 3333
1 1 5000
1 4999 5000
121 4578 4955
1010 1011 1022
1209 1211 2461
1 1666 3333
1 1 5000
1 4999 5000
225 3255 4866
1485 1496 1500
1047 1316 2700
1 1666 3333
1 1 5000
1 4999 5000
198 3653 4955
3435 3438 3439
794 798 1240
1 1666 3333
1 1 5000
1 4999 5000
171 2099 4793
1089 1094 1101
1809 2545 3614
1 1666 3333
1 1 5000
1 4999 5000
201 4901 4962
1473 1476 1487
206 4275 4713
1 1666 3333
1 1 5000
1 4999 5000
69 3023 4779
3024 3031 3039
1711 1867 1900
1 1666 3333
1 1 5000
1 4999 5000
87 4096 4814
1473 1474 1477
2071 2160 2173
1 1666 3333
1 1 5000
1 4999 5000
109 1653 5000
1769 1777 1778
4404 4419 4772
1 1666 3333
1 1 5000
1 4999 5000
25 1347 4885
4575 4576 4577
2622 2812 3430
1 1666 3333
1 1 5000
1 4999 5000
9 4552 4978
955 964 970
4175 4632 4858
1 1666 3333
1 1 5000
1 4999 5000
242 1500 4818
1882 1883 1884
3161 3178 3182
1 1666 3333
1 1 5000
1 4999 5000
166 815 4954
4069 4076 4078
3057 3394 4167
1 1666 3333
1 1 5000
1 4999 5000
147 2583 4932
2221 2223 2226
4699 4709 4745
1 1666 3333
1 1 5000
1 4999 5000
193 3665 4965
3913 3913 3915
4652 4662 4714
1 1666 3333
1 1 5000
1 4999 5000
66 1761 4914
4426 4426 4427
2763 3149 3259
1 1666 3333
1 1 5000
1 4999 5000
42 915 4984
1149 1149 1158
1163 3891 4708
1 1666 3333
1 1 5000
1 4999 5000
238 2224 4804
410 423 424
4015 4180 4222
1 1666 3333
1 1 5000
1 4999 5000
112 730 4758
3166 3167 3181
999 1160 2338
1 1666 3333
1 1 5000
1 4999 5000
17 2633 4962
4656 4656 4664
3290 4100 4372
1 1666 3333
1 1 5000
1 4999 5000
