500 500
1
1
1
2 1
1
1
1
2 5
1
1
1
1
1
1
1
2 15
2 11
1
1
1
2 2
1
2 6
2 12
1
2 7
1
1
1
1
2 13
2 29
2 14
1
1
2 34
1
2 3
1
1
1
1
1
2 27
2 40
1
2 25
1
1
2 9
2 10
1
1
1
1
1
1
1
1
1
1
1
1
1
1
1
1
2 18
2 19
1
1
1
1
1
1
2 20
1
1
2 22
2 78
1
1
1
2 48
1
2 49
2 28
2 77
1
1
1
1
2 30
2 35
1
2 58
2 81
1
1
2 39
1
1
2 37
1
2 102
1
1
1
2 46
1
1
2 41
1
1
1
1
2 95
1
2 82
1
2 42
2 101
1
1
1
2 83
1
2 127
1
1
1
1
1
2 74
1
2 43
1
2 107
1
1
2 65
1
2 142
2 111
2 52
1
1
1
1
1
2 114
2 70
2 146
2 137
1
1
1
2 123
1
1
1
2 147
1
1
2 113
1
1
1
1
1
2 53
2 63
1
2 129
2 156
2 173
1
2 155
2 157
2 66
2 148
2 57
1
1
2 130
2 90
1
1
2 115
2 149
2 64
1
1
1
1
1
1
2 184
2 150
1
2 67
2 56
1
2 54
1
1
1
2 55
1
2 135
1
1
2 59
1
1
2 183
2 91
2 60
1
2 187
1
1
2 188
2 116
2 131
1
1
1
1
1
2 61
2 62
1
2 132
1
1
2 200
1
2 139
1
2 177
1
1
1
1
1
1
1
1
1
1
2 89
2 71
1
1
2 124
1
2 72
1
2 118
2 203
1
1
1
2 73
1
2 125
1
2 163
1
1
1
1
1
1
1
1
1
1
1
2 159
1
2 192
1
2 99
1
1
1
2 160
1
1
1
1
1
2 85
2 92
1
1
1
1
2 75
1
2 247
1
2 98
1
1
1
2 104
1
1
1
1
1
1
2 106
1
1
2 248
1
1
1
2 206
1
2 302
1
1
1
2 133
2 108
2 264
1
2 110
1
2 120
1
1
2 140
1
2 161
2 164
1
1
2 262
1
1
2 332
2 166
2 317
1
2 193
1
1
1
1
1
1
1
1
1
2 167
1
1
1
2 168
1
2 169
1
1
2 290
1
1
2 299
1
1
2 170
2 194
1
2 378
1
1
2 205
1
2 380
2 195
2 342
2 238
2 196
1
1
2 207
2 197
2 209
1
1
1
2 369
1
2 211
2 212
2 214
1
1
1
2 215
1
1
1
1
1
1
1
2 320
1
2 219
1
2 243
1
1
1
2 221
2 222
2 402
2 226
2 233
2 227
1
2 228
2 229
1
1
2 230
1
2 364
2 235
1
1
2 236
1
2 381
2 315
1
1
1
1
1
1
1
1
1
1
2 311
2 254
2 240
2 276
1
1
2 242
2 244
1
1
1
1
1
1
2 245
2 246
2 249
1
1
2 352
1
2 334
1
1
2 375
1
2 250
1
1
1
1
1
1
1
2 263
1
1
2 251
1
2 255
2 354
2 257
1
2 259
2 477
1
1
1
1
