1 1
500 2
250 2
1 1
375 1
125 2
1 1
187 1
312 1
437 2
63 1
32 2
218 2
312 1
218 2
343 2
500 1
421 1
125 2
460 2
382 1
94 1
47 2
382 1
47 2
265 1
156 1
70 1
241 1
288 2
140 2
421 1
163 1
1 1
190 2
24 1
117 1
480 1
362 1
401 2
440 2
327 2
204 1
176 2
82 2
253 2
300 1
12 2
35 2
222 2
313 2
58 1
105 2
128 2
151 1
344 1
276 2
500 2
276 2
372 2
420 1
460 1
344 1
163 2
470 2
386 1
500 2
403 2
93 1
264 1
46 1
264 1
430 1
450 1
139 1
490 1
70 1
231 1
353 2
213 1
387 1
276 1
93 1
242 1
335 1
374 2
374 2
411 1
395 1
183 1
320 1
128 2
288 2
430 1
197 1
300 1
300 1
1 1
490 1
52 2
64 2
294 2
227 2
303 1
93 1
285 1
234 1
1 1
220 1
73 1
145 2
169 1
270 2
380 1
83 2
83 2
299 1
366 1
12 2
490 1
350 2
253 2
411 1
358 1
190 2
227 2
369 2
35 2
23 1
480 1
65 2
116 1
127 2
292 2
440 2
342 2
302 1
12 2
160 2
490 1
212 2
395 1
327 2
52 2
176 2
183 1
204 2
369 2
430 1
83 2
29 1
99 1
133 1
6 2
17 1
40 1
110 1
121 2
247 2
460 1
311 2
240 2
58 1
387 2
34 2
258 1
104 2
334 1
1 1
363 2
374 1
425 2
455 2
485 2
78 1
88 1
297 1
435 1
445 1
93 2
350 1
403 2
465 1
475 1
284 1
495 1
155 2
164 1
208 1
418 1
470 2
280 2
306 2
150 1
17 1
500 2
315 1
354 2
46 1
69 1
216 1
288 1
338 1
346 1
264 1
391 1
40 1
399 1
407 1
480 1
150 1
9 1
20 2
321 1
139 1
258 1
275 1
197 1
233 1
221 2
385 2
450 1
264 1
321 1
252 1
73 2
26 2
43 2
61 2
113 2
124 1
136 2
144 2
172 2
179 1
168 1
269 2
186 2
284 1
193 1
279 2
200 2
379 2
379 2
412 2
23 1
233 1
368 1
227 1
379 2
117 1
188 2
440 2
128 2
292 2
342 2
358 1
65 1
230 2
236 2
243 1
255 2
38 1
301 2
30 1
261 2
318 2
440 2
327 2
490 1
52 2
180 1
13 2
159 1
412 2
212 2
395 2
176 1
184 1
204 1
346 1
330 1
371 2
382 1
78 1
430 1
83 2
98 1
460 1
69 1
421 2
49 1
5 2
108 1
132 1
140 1
322 1
200 2
120 2
55 1
101 1
147 1
224 1
272 1
388 1
34 2
415 1
247 2
73 2
310 1
200 2
239 1
58 1
