459
101 221
617 970
1793 1858
1925 2481
3114 3370
3595 4263
4379 4534
5255 5343
5624 5964
6089 6757
7081 7542
8078 8172
8253 8405
8521 8884
9309 9395
9954 10368
10718 11025
11897 11986
12383 12387
12740 13077
13250 13377
13604 14250
14460 14944
15283 15301
15794 16142
16190 16653
16678 16834
17355 17539
17800 17914
18220 18551
18552 18614
19267 19583
19742 20226
20491 20667
20908 21332
21333 21621
21788 22532
22807 23423
23424 24213
24604 24782
25641 25713
25915 26452
26613 27065
27179 27266
27910 28259
29125 29246
29487 30027
30738 30813
30958 31089
31138 31641
31973 32218
32379 33140
33370 33905
34330 34531
34637 35182
35563 35699
36402 36499
37050 37197
37348 37684
37691 38005
38394 38789
39089 39445
39452 39486
39842 39967
40170 40780
41081 41301
41482 41489
41520 41965
42022 42094
42188 42684
43565 43629
43944 44338
44525 45228
45829 45965
46066 46686
46824 46888
47150 47157
47474 47699
47889 47913
48174 48188
48701 49130
49441 49758
50203 50551
51000 51262
51863 52101
52112 52510
52821 53291
53692 54272
54535 54835
55044 55236
55331 56039
56524 56566
56617 57474
58279 58425
58850 58931
59348 59698
60063 60411
60755 60797
61198 61754
62673 62747
62768 62994
63300 63410
64064 64211
64810 65065
65178 65851
66647 66800
67089 67233
67354 67481
67534 67666
67923 68019
68292 68659
68716 69449
69450 69717
69998 70406
71162 71367
71368 71688
72249 72619
73220 73560
74161 74417
74634 75110
75484 76043
76204 76892
76903 77598
78423 78443
78592 79344
79537 80223
80254 80312
80521 81113
81654 81792
82346 82368
82793 82992
83052 83333
83501 83647
84138 84580
84953 85401
85438 85970
86441 86841
87350 87388
87669 87833
88087 88420
88516 89079
89180 89790
90019 90640
90676 91529
91767 91870
91946 92222
92949 93017
93439 93694
93747 94415
95032 95286
95307 95718
95787 96278
96506 96944
97331 97740
97862 98053
98668 98669
99018 99350
99518 100103
100422 100576
100728 101249
101756 102005
102696 102746
103068 103339
104110 104297
104523 104570
105239 105331
106070 106272
106273 106393
107228 107269
107435 108038
108424 108699
108850 109200
109325 110098
110391 110528
110549 110969
111032 111770
112146 112171
112396 112422
112586 113085
113361 113801
114098 114209
114283 114390
114572 114617
115054 115055
115152 115547
116205 116298
116409 117089
117124 117245
117631 118236
118373 119177
119300 120020
120125 120610
121081 121561
121730 122162
122698 123078
123105 123254
123794 124033
124064 124946
125161 125675
125812 126387
127042 127056
127174 128037
128100 129034
129660 130019
130430 130615
130766 131096
131582 132043
132134 132254
132555 133068
133183 133469
133848 134124
134565 134609
134930 135435
135616 136072
136202 136925
136945 137226
137887 138057
138250 138523
138774 139358
139671 139801
140038 140522
140609 141355
141501 141922
142070 142807
143043 143264
143623 143865
144506 144606
144843 144891
145244 145676
146077 146233
146469 146731
146772 147024
147522 147765
148063 148206
148886 149191
149244 149845
150033 150766
151066 151647
151880 151961
152702 152742
153494 153643
153996 154209
154740 155184
155475 155859
156582 156775
157046 157448
157784 157899
158322 158595
158809 159012
159513 159784
160368 160588
160694 161293
161556 161638
162499 162525
163338 163506
163611 163962
164391 164757
165106 165584
165760 166225
166226 166818
166889 167514
167773 168074
168335 168795
168826 169753
170542 170724
170837 170927
171047 171451
171952 172406
172744 173388
173487 173967
174056 174520
174811 175125
175734 175758
176569 176729
177224 177654
177701 177901
178212 178840
179328 179729
179788 180206
180559 180981
181134 181969
182545 182840
183101 183768
184097 184363
184764 184898
184987 185427
185428 186178
186738 186839
187130 187659
187770 188260
188605 188606
188827 189416
189473 190129
190345 191012
191683 191933
192344 192828
193033 193755
194549 194553
194628 195436
195917 196216
196457 197209
197266 198048
198239 198896
199207 199575
200096 200270
200657 200786
201463 201615
201790 202448
202545 202981
203062 203793
203913 203936
204029 204568
204665 205332
205485 206158
206268 206559
206876 207420
208149 208330
208811 209219
209768 210189
210852 210890
210891 211813
212114 212670
212970 213138
213395 213943
214182 214559
214692 215468
215591 216373
217150 217234
217275 217702
217803 217919
218004 218880
218881 219825
220064 220636
220941 220961
221032 221766
221943 222047
222236 222373
222404 222794
223295 223567
223934 224468
224532 224791
225432 225508
225963 226178
226432 226947
227148 227561
227848 227928
228573 228637
229330 229558
230289 230488
230489 231342
231446 231819
231892 232439
232586 233240
234091 234209
234449 234994
235493 235720
236254 236631
236968 237530
237669 238095
238121 238176
238386 238727
238930 239681
239682 239882
240005 240523
240834 241196
241517 241897
241898 242253
242804 242882
243545 243758
243823 244731
245344 245370
245827 245879
246024 246784
247581 247585
247631 247771
248029 248500
248645 248917
248998 249010
249083 249141
249656 249932
250281 250445
250901 250913
251141 251686
251712 252319
252350 253056
253189 253858
254058 254084
254285 254620
255161 255594
255793 256285
257018 257269
257520 258059
258740 258993
259594 259817
260098 260584
260991 261041
261665 261842
261928 262423
262927 263049
263550 263834
263903 264681
265138 265632
266283 266453
266529 267322
267403 267904
268278 268855
269004 269544
269827 270133
270509 270936
271397 271695
271945 272621
272980 273132
273392 273463
273564 273710
273814 273871
273920 274111
274242 274712
274821 275671
275672 275832
275857 276013
276479 276514
276854 277341
277566 277923
278666 278814
278863 278967
279149 279438
279479 279913
279946 280419
280596 280780
281031 281395
281531 282330
282566 283308
283566 283933
284327 284694
285063 285385
285386 285846
286583 286803
286972 287096
287377 288077
288462 288854
289595 289759
290121 290684
290953 291505
291846 292430
293078 293282
293469 294135
294140 295048
295052 295359
295526 295685
295836 295978
296739 296790
297387 297611
298416 298453
298600 298694
299234 299471
300089 300467
300788 301148
301149 301434
302263 302349
