1000 963
408 385 876
23 519 951
649 232 605
821 385 792
194 221 882
18 984 910
115 40 155
558 973 126
876 633 625
795 781 727
923 248 397
120 632 320
392 531 185
527 973 508
986 457 918
74 339 432
259 385 243
93 973 961
640 385 531
614 325 839
823 936 691
159 240 184
40 625 891
692 385 331
196 140 140
524 785 216
794 834 4
606 973 518
824 680 848
822 386 951
238 973 295
801 385 78
945 385 111
300 40 200
696 385 150
560 353 529
322 385 32
346 973 642
858 973 323
725 189 240
519 842 201
421 486 619
711 973 952
187 393 779
367 965 860
134 973 917
639 973 42
932 973 228
110 69 58
396 385 191
260 973 162
641 864 881
702 387 790
336 14 706
669 385 138
707 973 819
11 973 432
139 696 248
921 721 554
85 915 493
785 385 545
936 898 717
878 385 592
109 56 494
296 973 756
662 973 613
344 957 231
47 385 585
588 385 700
191 973 313
529 385 370
898 794 574
636 973 138
208 973 853
49 45 178
297 385 950
981 973 890
845 973 219
857 973 254
417 407 903
223 951 852
362 973 551
674 533 810
834 336 148
369 385 474
775 385 872
733 385 404
694 385 677
46 385 920
377 385 229
349 360 775
557 155 462
352 385 529
728 973 874
16 58 658
320 385 576
452 731 421
948 95 441
825 973 367
901 519 57
543 885 75
514 95 120
102 262 873
688 718 877
317 647 49
283 385 499
14 867 353
341 518 617
330 385 289
83 973 305
490 889 393
802 944 113
852 385 449
809 811 146
113 331 776
496 876 104
701 773 559
978 385 366
117 789 917
53 972 122
792 558 944
486 490 626
680 385 452
79 385 930
361 973 672
548 385 54
142 973 572
799 973 636
219 385 493
667 188 436
574 385 335
862 385 140
293 945 26
668 973 34
357 733 286
103 944 492
904 838 83
75 292 894
368 385 342
709 840 332
277 973 182
929 151 403
170 973 899
265 973 257
353 222 588
0 731 8
830 12 809
87 973 562
508 266 738
721 788 438
310 637 676
429 688 958
942 973 766
399 796 70
738 619 450
645 973 137
63 973 773
448 2 98
459 731 786
587 385 70
813 107 948
181 973 328
29 687 607
835 681 211
741 901 126
439 816 765
549 385 617
374 701 107
643 532 920
36 693 622
699 819 312
287 973 823
116 973 1
462 973 208
254 250 62
450 365 308
856 543 781
621 292 137
420 802 874
383 943 356
637 385 351
885 471 230
464 972 60
236 385 379
431 973 38
793 870 18
144 184 773
55 616 93
80 885 297
189 892 762
788 385 363
326 951 125
400 361 774
939 385 344
787 973 728
722 693 918
893 973 322
480 385 0
880 727 813
209 705 706
35 905 428
609 973 615
255 973 529
77 973 569
419 385 186
782 727 188
188 385 411
555 471 152
740 973 663
351 618 481
841 385 355
68 237 472
875 973 643
697 968 858
732 385 427
947 144 340
586 576 837
752 725 369
492 973 709
96 443 333
298 385 211
635 973 134
269 821 186
64 229 466
289 38 67
954 973 525
903 432 313
734 671 89
84 385 738
216 385 154
840 374 418
303 973 208
180 634 174
951 969 390
410 385 77
763 385 308
928 147 927
443 336 646
930 973 89
892 218 566
777 975 584
510 385 720
306 220 923
364 381 845
615 973 162
530 407 366
747 769 67
559 385 220
962 657 576
913 885 133
415 200 279
268 927 854
719 520 430
838 818 160
478 697 878
503 605 605
610 725 840
247 385 299
796 766 603
267 14 17
403 385 53
424 569 102
987 697 239
687 898 795
957 311 442
15 190 118
983 973 625
12 181 19
572 385 934
213 983 816
907 385 554
975 973 416
723 728 208
17 973 809
323 376 71
97 385 861
175 973 349
974 973 759
335 564 947
561 45 780
546 560 24
26 385 195
589 845 302
509 676 732
935 385 692
605 630 256
532 385 319
57 85 948
762 368 626
989 731 931
418 275 97
481 385 443
69 393 809
820 385 289
612 361 896
869 385 404
458 879 888
350 767 52
889 385 379
958 949 276
751 973 958
791 973 117
282 973 30
568 385 778
112 928 120
920 169 465
773 185 495
162 59 658
446 256 63
837 546 871
118 818 284
922 238 104
592 385 583
146 385 629
340 973 341
441 167 574
19 973 35
444 973 559
633 817 960
270 385 386
982 385 866
870 973 298
771 300 868
436 207 318
832 973 356
334 973 310
376 385 906
311 385 748
307 114 259
242 973 385
531 385 473
393 840 560
435 646 931
642 385 567
576 385 871
505 749 545
501 697 750
440 818 507
167 385 904
397 973 38
67 973 552
515 873 418
312 973 644
977 838 195
140 385 406
411 973 14
285 556 344
386 794 317
390 374 133
789 559 272
890 973 85
276 336 770
192 385 162
5 973 892
616 385 940
590 973 275
342 531 688
842 494 466
599 39 293
717 85 159
746 565 279
253 385 776
961 385 578
148 885 450
628 385 721
65 220 706
860 973 584
143 973 888
463 385 127
634 630 378
453 849 574
716 973 832
44 385 618
998 385 450
684 385 169
604 634 844
252 385 890
992 605 94
243 607 673
491 973 938
476 630 212
70 220 562
197 631 873
246 973 178
712 973 575
502 864 401
663 385 135
597 385 617
136 697 161
21 155 83
571 184 782
86 456 798
199 880 719
454 721 195
456 911 573
212 973 459
886 973 106
319 693 958
66 385 725
10 284 306
163 973 456
811 731 127
764 485 668
533 58 920
474 289 685
222 964 313
650 385 54
547 385 501
646 207 832
730 973 357
407 701 95
695 385 427
172 385 141
537 191 937
946 385 187
776 385 893
126 210 444
575 973 863
703 802 302
121 220 302
748 385 955
433 972 312
786 973 414
128 385 29
993 325 410
224 815 777
940 973 329
743 340 876
324 968 329
266 953 592
72 385 421
780 385 602
908 385 560
826 240 267
160 179 106
280 385 172
638 385 837
867 796 837
24 933 345
798 973 676
816 973 824
284 385 168
133 520 438
671 999 69
281 501 196
573 385 529
107 385 335
475 385 226
980 533 644
708 973 861
691 973 852
32 385 212
274 385 512
406 582 229
874 978 650
241 141 491
710 248 514
89 505 630
829 296 139
100 399 97
985 385 641
756 809 942
105 36 405
314 680 701
51 385 328
71 811 309
111 365 175
33 385 748
263 975 342
461 368 954
90 385 58
499 978 27
941 929 220
264 385 856
706 564 135
850 385 129
78 330 553
152 103 412
562 385 889
493 540 846
742 411 513
891 2 843
843 385 223
644 385 434
781 973 585
545 575 440
328 20 515
739 385 353
316 413 578
855 385 721
911 429 407
731 725 779
251 284 172
88 582 732
724 596 555
272 953 163
943 497 110
156 662 128
507 358 568
404 973 727
337 385 271
339 385 60
754 58 9
839 964 934
819 973 810
485 385 830
833 385 156
473 385 41
447 385 869
305 810 348
375 385 23
972 973 259
950 973 355
522 973 492
553 43 252
360 385 116
325 385 77
827 385 184
256 973 353
846 809 375
226 667 675
618 472 77
607 973 89
800 191 185
924 385 581
56 856 192
693 665 92
201 973 267
745 973 280
177 385 156
345 973 715
423 385 727
959 807 118
127 385 344
817 901 896
584 973 593
145 385 616
94 11 71
214 385 65
926 973 390
438 385 78
698 747 835
185 655 72
797 973 331
871 113 807
130 385 705
42 281 670
995 676 835
715 973 179
2 541 831
953 113 449
129 218 207
631 385 40
686 802 389
810 385 395
677 185 65
866 71 294
99 664 655
498 946 286
445 300 370
883 973 374
331 476 288
804 700 585
565 894 821
617 135 507
749 385 532
227 277 839
905 973 761
779 973 855
812 21 157
472 973 901
997 973 432
315 973 872
513 870 288
938 973 308
249 347 683
470 385 800
814 837 151
356 242 810
769 385 927
413 80 441
302 973 519
101 681 668
664 64 6
896 181 463
122 385 817
402 427 738
387 973 758
976 116 565
914 973 911
245 842 642
909 385 920
9 210 621
521 28 473
182 69 601
538 973 671
753 420 681
395 662 329
594 973 77
479 809 657
627 85 931
657 724 721
372 412 413
726 385 396
385 420 517
497 105 80
135 973 811
179 148 360
569 973 329
933 879 690
240 973 617
937 385 450
783 619 467
960 385 936
382 385 667
550 973 391
651 385 631
409 319 327
713 647 227
626 973 611
967 534 941
899 287 126
338 93 353
131 731 608
596 680 331
370 501 860
218 564 251
50 937 85
164 964 201
770 385 476
123 385 667
611 532 247
13 773 4
600 385 388
685 973 15
261 973 51
304 973 257
864 520 40
292 331 215
278 769 4
354 385 10
38 807 598
859 899 359
98 612 456
759 598 603
215 700 428
61 385 367
193 655 884
294 773 641
425 973 401
805 385 504
623 385 327
790 364 709
318 719 909
690 385 212
43 385 198
28 973 795
394 897 46
956 437 740
851 488 515
934 678 54
221 973 325
217 385 69
333 973 584
965 385 747
234 864 360
971 973 315
877 827 133
3 385 930
570 907 846
873 973 730
630 709 130
271 238 855
853 876 349
309 385 532
629 22 417
206 712 875
910 973 670
847 973 217
700 649 331
7 514 42
720 128 290
665 114 414
442 145 646
165 969 396
237 973 475
41 506 424
518 385 196
233 973 78
114 111 598
523 105 755
426 973 852
25 973 680
60 731 215
608 385 493
343 973 185
736 385 555
918 973 756
106 136 489
373 973 633
968 86 547
844 348 891
125 646 661
912 208 803
190 181 334
228 390 59
487 973 735
828 385 113
4 973 169
59 385 659
744 973 726
815 385 743
681 973 931
625 903 918
737 475 841
602 385 469
31 973 847
39 432 29
469 385 610
868 385 529
999 385 652
887 385 388
902 824 915
526 385 321
705 973 472
966 880 602
539 322 906
489 761 6
964 963 838
673 218 833
416 385 153
428 973 499
22 14 477
138 680 312
689 973 929
806 973 476
73 515 693
232 198 89
412 951 49
854 973 631
564 509 533
279 36 308
173 649 170
949 385 822
422 973 325
682 377 955
803 128 85
467 215 365
653 385 413
471 58 252
92 973 33
988 973 97
299 767 257
482 662 509
205 494 511
168 532 340
198 778 788
58 649 629
34 385 278
6 449 788
714 385 712
683 973 73
525 973 386
955 310 35
286 646 276
158 744 929
229 385 932
348 385 687
865 385 497
468 385 637
184 36 73
388 385 778
563 335 889
540 973 555
398 973 875
831 144 356
465 973 482
332 973 590
872 973 419
389 996 706
672 385 43
155 973 780
225 22 380
888 628 583
512 649 255
183 973 380
984 973 554
535 385 274
991 749 622
363 115 437
758 385 894
359 840 358
414 420 88
619 292 343
551 23 348
648 385 188
579 172 23
504 486 791
220 385 933
151 973 726
169 543 601
154 973 230
91 385 51
186 4 739
666 973 737
970 978 509
554 973 628
757 973 147
273 944 919
506 973 503
95 385 219
455 385 929
262 973 803
81 973 353
996 973 490
881 385 621
150 385 834
900 904 905
915 641 251
620 867 744
288 93 484
449 251 924
250 959 891
879 831 214
927 973 934
660 973 432
313 461 501
863 973 410
210 329 883
378 385 631
244 637 383
735 973 896
358 581 27
231 973 845
761 973 26
391 973 400
566 646 925
82 385 125
807 923 950
195 385 510
401 973 767
477 924 729
161 385 625
676 250 516
591 972 312
153 973 273
760 460 451
275 385 400
656 610 656
27 973 709
434 103 587
52 973 923
291 385 5
917 973 705
542 809 644
750 997 655
200 973 147
654 861 451
147 385 444
384 973 705
54 385 414
207 564 950
235 385 739
678 292 298
768 389 322
430 7 292
601 665 842
124 145 65
202 385 941
258 385 631
488 973 283
494 836 287
176 385 920
137 291 683
483 189 890
321 385 394
595 973 867
427 385 513
582 390 934
365 809 908
37 355 912
432 818 299
308 137 473
119 973 337
755 101 467
670 291 542
1 385 842
581 725 933
583 513 91
544 767 418
48 385 218
528 728 256
248 386 190
381 633 741
906 973 856
679 973 459
632 964 477
166 407 471
969 973 771
516 346 769
517 636 426
767 372 66
211 973 285
778 837 735
655 363 157
355 448 349
301 973 362
511 385 524
239 42 8
366 973 76
380 973 298
659 730 268
884 973 685
704 967 749
30 194 641
675 385 512
919 385 0
8 887 111
541 266 311
178 973 821
718 144 914
963 42 33
729 385 268
766 364 339
577 607 195
174 385 465
76 836 926
931 864 229
894 973 60
808 721 319
861 385 133
944 849 927
104 42 41
916 385 172
784 973 119
772 729 901
171 385 504
593 385 473
457 973 72
534 451 599
149 105 0
624 245 342
108 385 449
257 973 405
484 2 190
952 385 390
405 973 423
295 973 548
895 385 653
536 908 469
622 385 561
45 385 768
818 951 907
979 607 473
157 385 618
204 127 571
567 973 10
647 973 876
203 385 888
327 303 773
994 385 757
848 393 547
500 761 439
836 891 527
556 385 334
230 326 318
520 543 492
379 240 461
652 385 364
290 385 454
765 385 253
371 267 333
603 842 542
925 973 318
661 292 387
897 241 934
495 385 543
141 973 496
658 619 134
849 915 117
20 743 738
580 973 781
882 385 822
613 385 601
62 385 365
727 385 798
578 385 14
329 901 740
460 385 382
132 385 321
552 385 785
990 807 453
437 187 380
598 337 514
774 821 391
347 180 688
585 250 490
451 973 91
466 973 92
