5000 1170
1 7
1 14
1 21
1 28
1 35
1 42
1 49
1 56
1 63
1 70
1 77
1 84
1 91
1 98
1 105
1 112
1 119
1 126
1 133
1 140
1 147
1 154
1 161
1 168
1 175
1 182
1 189
1 196
1 203
1 210
1 217
1 224
1 231
1 238
1 245
1 252
1 259
1 266
1 273
1 280
1 287
1 294
1 301
1 308
1 315
1 322
1 329
1 336
1 343
1 350
1 357
1 364
1 371
1 378
1 385
1 392
1 399
1 406
1 413
1 420
1 427
1 434
1 441
1 448
1 455
1 462
1 469
1 476
1 483
1 490
1 497
1 504
1 511
1 518
1 525
1 532
1 539
1 546
1 553
1 560
1 567
1 574
1 581
1 588
1 595
1 602
1 609
1 616
1 623
1 630
1 637
1 644
1 651
1 658
1 665
1 672
1 679
1 686
1 693
1 700
1 707
1 714
1 721
1 728
1 735
1 742
1 749
1 756
1 763
1 770
1 777
1 784
1 791
1 798
1 805
1 812
1 819
1 826
1 833
1 840
1 847
1 854
1 861
1 868
1 875
1 882
1 889
1 896
1 903
1 910
1 917
1 924
1 931
1 938
1 945
1 952
1 959
1 966
1 973
1 980
1 987
1 994
1 1001
1 1008
1 1015
1 1022
1 1029
1 1036
1 1043
1 1050
1 1057
1 1064
1 1071
1 1078
1 1085
1 1092
1 1099
1 1106
1 1113
1 1120
1 1127
1 1134
1 1141
1 1148
1 1155
1 1162
1 1169
1 1176
1 1183
1 1190
1 1197
1 1204
1 1211
1 1218
1 1225
1 1232
1 1239
1 1246
1 1253
1 1260
1 1267
1 1274
1 1281
1 1288
1 1295
1 1302
1 1309
1 1316
1 1323
1 1330
1 1337
1 1344
1 1351
1 1358
1 1365
1 1372
1 1379
1 1386
1 1393
1 1400
1 1407
1 1414
1 1421
1 1428
1 1435
1 1442
1 1449
1 1456
1 1463
1 1470
1 1477
1 1484
1 1491
1 1498
1 1505
1 1512
1 1519
1 1526
1 1533
1 1540
1 1547
1 1554
1 1561
1 1568
1 1575
1 1582
1 1589
1 1596
1 1603
1 1610
1 1617
1 1624
1 1631
1 1638
1 1645
1 1652
1 1659
1 1666
1 1673
1 1680
1 1687
1 1694
1 1701
1 1708
1 1715
1 1722
1 1729
1 1736
1 1743
1 1750
1 1757
1 1764
1 1771
1 1778
1 1785
1 1792
1 1799
1 1806
1 1813
1 1820
1 1827
1 1834
1 1841
1 1848
1 1855
1 1862
1 1869
1 1876
1 1883
1 1890
1 1897
1 1904
1 1911
1 1918
1 1925
1 1932
1 1939
1 1946
1 1953
1 1960
1 1967
1 1974
1 1981
1 1988
1 1995
1 2002
1 2009
1 2016
1 2023
1 2030
1 2037
1 2044
1 2051
1 2058
1 2065
1 2072
1 2079
1 2086
1 2093
1 2100
1 2107
1 2114
1 2121
1 2128
1 2135
1 2142
1 2149
1 2156
1 2163
1 2170
1 2177
1 2184
1 2191
1 2198
1 2205
1 2212
1 2219
1 2226
1 2233
1 2240
1 2247
1 2254
1 2261
1 2268
1 2275
1 2282
1 2289
1 2296
1 2303
1 2310
1 2317
1 2324
1 2331
1 2338
1 2345
1 2352
1 2359
1 2366
1 2373
1 2380
1 2387
1 2394
1 2401
1 2408
1 2415
1 2422
1 2429
1 2436
1 2443
1 2450
1 2457
1 2464
1 2471
1 2478
1 2485
1 2492
1 2499
1 2506
1 2513
1 2520
1 2527
1 2534
1 2541
1 2548
1 2555
1 2562
1 2569
1 2576
1 2583
1 2590
1 2597
1 2604
1 2611
1 2618
1 2625
1 2632
1 2639
1 2646
1 2653
1 2660
1 2667
1 2674
1 2681
1 2688
1 2695
1 2702
1 2709
1 2716
1 2723
1 2730
1 2737
1 2744
1 2751
1 2758
1 2765
1 2772
1 2779
1 2786
1 2793
1 2800
1 2807
1 2814
1 2821
1 2828
1 2835
1 2842
1 2849
1 2856
1 2863
1 2870
1 2877
1 2884
1 2891
1 2898
1 2905
1 2912
1 2919
1 2926
1 2933
1 2940
1 2947
1 2954
1 2961
1 2968
1 2975
1 2982
1 2989
1 2996
1 3003
1 3010
1 3017
1 3024
1 3031
1 3038
1 3045
1 3052
1 3059
1 3066
1 3073
1 3080
1 3087
1 3094
1 3101
1 3108
1 3115
1 3122
1 3129
1 3136
1 3143
1 3150
1 3157
1 3164
1 3171
1 3178
1 3185
1 3192
1 3199
1 3206
1 3213
1 3220
1 3227
1 3234
1 3241
1 3248
1 3255
1 3262
1 3269
1 3276
1 3283
1 3290
1 3297
1 3304
1 3311
1 3318
1 3325
1 3332
1 3339
1 3346
1 3353
1 3360
1 3367
1 3374
1 3381
1 3388
1 3395
1 3402
1 3409
1 3416
1 3423
1 3430
1 3437
1 3444
1 3451
1 3458
1 3465
1 3472
1 3479
1 3486
1 3493
1 3500
1 3507
1 3514
1 3521
1 3528
1 3535
1 3542
1 3549
1 3556
1 3563
1 3570
1 3577
1 3584
1 3591
1 3598
1 3605
1 3612
1 3619
1 3626
1 3633
1 3640
1 3647
1 3654
1 3661
1 3668
1 3675
1 3682
1 3689
1 3696
1 3703
1 3710
1 3717
1 3724
1 3731
1 3738
1 3745
1 3752
1 3759
1 3766
1 3773
1 3780
1 3787
1 3794
1 3801
1 3808
1 3815
1 3822
1 3829
1 3836
1 3843
1 3850
1 3857
1 3864
1 3871
1 3878
1 3885
1 3892
1 3899
1 3906
1 3913
1 3920
1 3927
1 3934
1 3941
1 3948
1 3955
1 3962
1 3969
1 3976
1 3983
1 3990
1 3997
1 4004
1 4011
1 4018
1 4025
1 4032
1 4039
1 4046
1 4053
1 4060
1 4067
1 4074
1 4081
1 4088
1 4095
1 4102
1 4109
1 4116
1 4123
1 4130
1 4137
1 4144
1 4151
1 4158
1 4165
1 4172
1 4179
1 4186
1 4193
1 4200
1 4207
1 4214
1 4221
1 4228
1 4235
1 4242
1 4249
1 4256
1 4263
1 4270
1 4277
1 4284
1 4291
1 4298
1 4305
1 4312
1 4319
1 4326
1 4333
1 4340
1 4347
1 4354
1 4361
1 4368
1 4375
1 4382
1 4389
1 4396
1 4403
1 4410
1 4417
1 4424
1 4431
1 4438
1 4445
1 4452
1 4459
1 4466
1 4473
1 4480
1 4487
1 4494
1 4501
1 4508
1 4515
1 4522
1 4529
1 4536
1 4543
1 4550
1 4557
1 4564
1 4571
1 4578
1 4585
1 4592
1 4599
1 4606
1 4613
1 4620
1 4627
1 4634
1 4641
1 4648
1 4655
1 4662
1 4669
1 4676
1 4683
1 4690
1 4697
1 4704
1 4711
1 4718
1 4725
1 4732
1 4739
1 4746
1 4753
1 4760
1 4767
1 4774
1 4781
1 4788
1 4795
1 4802
1 4809
1 4816
1 4823
1 4830
1 4837
1 4844
1 4851
1 4858
1 4865
1 4872
1 4879
1 4886
1 4893
1 4900
1 4907
1 4914
1 4921
1 4928
1 4935
1 4942
1 4949
1 4956
1 4963
1 4970
1 4977
1 4984
1 4991
1 4998
1 5000
2 11
2 22
2 33
2 44
2 55
2 66
2 77
2 88
2 99
2 110
2 121
2 132
2 143
2 154
2 165
2 176
2 187
2 198
2 209
2 220
2 231
2 242
2 253
2 264
2 275
2 286
2 297
2 308
2 319
2 330
2 341
2 352
2 363
2 374
2 385
2 396
2 407
2 418
2 429
2 440
2 451
2 462
2 473
2 484
2 495
2 506
2 517
2 528
2 539
2 550
2 561
2 572
2 583
2 594
2 605
2 616
2 627
2 638
2 649
2 660
2 671
2 682
2 693
2 704
2 715
2 726
2 737
2 748
2 759
2 770
2 781
2 792
2 803
2 814
2 825
2 836
2 847
2 858
2 869
2 880
2 891
2 902
2 913
2 924
2 935
2 946
2 957
2 968
2 979
2 990
2 1001
2 1012
2 1023
2 1034
2 1045
2 1056
2 1067
2 1078
2 1089
2 1100
2 1111
2 1122
2 1133
2 1144
2 1155
2 1166
2 1177
2 1188
2 1199
2 1210
2 1221
2 1232
2 1243
2 1254
2 1265
2 1276
2 1287
2 1298
2 1309
2 1320
2 1331
2 1342
2 1353
2 1364
2 1375
2 1386
2 1397
2 1408
2 1419
2 1430
2 1441
2 1452
2 1463
2 1474
2 1485
2 1496
2 1507
2 1518
2 1529
2 1540
2 1551
2 1562
2 1573
2 1584
2 1595
2 1606
2 1617
2 1628
2 1639
2 1650
2 1661
2 1672
2 1683
2 1694
2 1705
2 1716
2 1727
2 1738
2 1749
2 1760
2 1771
2 1782
2 1793
2 1804
2 1815
2 1826
2 1837
2 1848
2 1859
2 1870
2 1881
2 1892
2 1903
2 1914
2 1925
2 1936
2 1947
2 1958
2 1969
2 1980
2 1991
2 2002
2 2013
2 2024
2 2035
2 2046
2 2057
2 2068
2 2079
2 2090
2 2101
2 2112
2 2123
2 2134
2 2145
2 2156
2 2167
2 2178
2 2189
2 2200
2 2211
2 2222
2 2233
2 2244
2 2255
2 2266
2 2277
2 2288
2 2299
2 2310
2 2321
2 2332
2 2343
2 2354
2 2365
2 2376
2 2387
2 2398
2 2409
2 2420
2 2431
2 2442
2 2453
2 2464
2 2475
2 2486
2 2497
2 2500
2 2508
2 2519
2 2530
2 2541
2 2552
2 2563
2 2574
2 2585
2 2596
2 2607
2 2618
2 2629
2 2640
2 2651
2 2662
2 2673
2 2684
2 2695
2 2706
2 2717
2 2728
2 2739
2 2750
2 2761
2 2772
2 2783
2 2794
2 2805
2 2816
2 2827
2 2838
2 2849
2 2860
2 2871
2 2882
2 2893
2 2904
2 2915
2 2926
2 2937
2 2948
2 2959
2 2970
2 2981
2 2992
2 3003
2 3014
2 3025
2 3036
2 3047
2 3058
2 3069
2 3080
2 3091
2 3102
2 3113
2 3124
2 3135
2 3146
2 3157
2 3168
2 3179
2 3190
2 3201
2 3212
2 3223
2 3234
2 3245
2 3256
2 3267
2 3278
2 3289
2 3300
2 3311
2 3322
2 3333
2 3344
2 3355
2 3366
2 3377
2 3388
2 3399
2 3410
2 3421
2 3432
2 3443
2 3454
2 3465
2 3476
2 3487
2 3498
2 3509
2 3520
2 3531
2 3542
2 3553
2 3564
2 3575
2 3586
2 3597
2 3608
2 3619
2 3630
2 3641
2 3652
2 3663
2 3674
2 3685
2 3696
2 3707
2 3718
2 3729
2 3740
2 3751
2 3762
2 3773
2 3784
2 3795
2 3806
2 3817
2 3828
2 3839
2 3850
2 3861
2 3872
2 3883
2 3894
2 3905
2 3916
2 3927
2 3938
2 3949
2 3960
2 3971
2 3982
2 3993
2 4004
2 4015
2 4026
2 4037
2 4048
2 4059
2 4070
2 4081
2 4092
2 4103
2 4114
2 4125
2 4136
2 4147
2 4158
2 4169
2 4180
2 4191
2 4202
2 4213
2 4224
2 4235
2 4246
2 4257
2 4268
2 4279
2 4290
2 4301
2 4312
2 4323
2 4334
2 4345
2 4356
2 4367
2 4378
2 4389
2 4400
2 4411
2 4422
2 4433
2 4444
2 4455
2 4466
2 4477
2 4488
2 4499
2 4510
2 4521
2 4532
2 4543
2 4554
2 4565
2 4576
2 4587
2 4598
2 4609
2 4620
2 4631
2 4642
2 4653
2 4664
2 4675
2 4686
2 4697
2 4708
2 4719
2 4730
2 4741
2 4752
2 4763
2 4774
2 4785
2 4796
2 4807
2 4818
2 4829
2 4840
2 4851
2 4862
2 4873
2 4884
2 4895
2 4906
2 4917
2 4928
2 4939
2 4950
2 4961
2 4972
2 4983
2 4994
