500
89 183
186 455
245 838
830 782
422 603
482 921
484 279
532 679
497 974
393 394
867 311
265 924
912 411
229 608
961 523
686 77
136 917
652 674
857 721
50 738
190 117
266 834
814 118
66 681
871 986
554 779
923 101
791 428
161 713
768 242
928 25
207 609
110 855
794 284
234 828
510 548
285 304
570 965
552 946
907 2
45 78
182 131
418 232
696 703
741 403
781 970
879 461
283 187
663 774
142 975
423 718
112 910
763 973
943 275
86 434
341 224
786 770
222 661
18 904
364 277
498 625
163 476
33 945
520 751
160 822
593 11
672 156
205 135
524 856
799 887
691 824
494 951
812 556
872 655
208 268
514 744
883 578
102 487
334 211
572 170
884 920
396 615
425 214
353 107
261 358
844 421
746 58
258 542
677 858
641 778
331 273
926 787
36 576
64 41
784 933
449 307
708 125
105 931
600 368
760 323
391 642
278 9
481 654
897 298
416 964
300 953
623 616
977 318
189 216
220 332
993 987
376 21
725 109
730 165
431 773
619 707
863 91
937 405
492 637
723 689
934 962
294 976
727 890
673 83
635 940
504 664
148 82
150 230
914 408
462 798
348 645
640 295
429 571
579 168
719 731
76 998
474 315
158 469
379 540
249 591
14 6
262 203
788 758
406 254
885 517
865 613
141 789
573 257
427 747
586 217
515 756
74 996
478 550
99 271
286 288
435 448
643 568
544 722
244 291
688 538
521 649
843 638
567 415
551 617
210 40
432 51
336 225
15 529
628 859
983 473
177 196
929 129
516 345
876 734
115 463
404 310
13 480
159 75
424 748
687 7
357 610
412 631
94 88
192 247
467 313
685 39
31 464
555 228
468 79
63 805
997 351
392 157
447 712
178 248
646 360
87 132
172 306
305 833
239 511
299 810
251 925
263 57
344 580
199 636
167 749
441 916
704 955
869 972
783 676
138 502
440 701
605 895
219 108
995 204
565 952
252 180
272 493
743 59
587 475
736 37
796 367
802 714
936 121
47 151
836 851
188 902
426 350
519 775
596 624
352 958
699 888
595 823
815 804
864 309
335 62
490 584
845 100
123 301
477 312
377 632
531 8
236 329
539 771
316 621
695 333
201 852
530 513
922 324
880 742
454 155
853 750
918 700
243 563
458 709
92 380
308 70
195 792
104 106
383 137
785 846
697 503
185 980
130 935
320 35
558 319
829 598
604 140
671 356
764 237
327 20
560 84
868 919
842 200
839 818
387 682
194 988
585 662
969 651
274 152
381 959
505 1
446 705
325 60
848 583
559 65
932 702
470 506
557 73
549 629
29 69
801 960
772 729
314 561
253 666
693 147
4 401
72 899
767 389
103 569
339 944
692 48
620 436
875 537
906 860
359 984
293 456
231 409
43 420
684 3
206 439
543 994
594 175
942 882
816 793
614 146
825 866
526 850
437 496
363 485
780 653
326 366
5 534
374 626
444 622
545 735
753 927
612 954
896 143
657 581
776 26
355 256
246 154
193 826
260 507
990 466
861 16
528 56
982 754
547 402
938 133
303 22
349 90
127 17
803 759
12 145
46 813
956 522
30 413
597 386
698 96
894 966
486 302
757 282
479 398
250 715
820 968
362 233
728 908
297 67
443 981
582 276
889 909
656 346
627 777
472 948
606 445
592 395
28 599
811 564
292 724
430 218
667 588
354 197
226 173
659 870
122 390
800 164
665 541
259 690
382 892
500 808
372 227
957 113
330 162
566 930
373 370
999 54
991 378
342 68
419 119
126 238
98 450
508 120
967 171
806 399
939 809
369 61
831 221
765 878
737 337
465 525
546 19
711 630
949 726
913 184
893 270
648 489
114 841
42 979
144 533
840 124
491 978
717 817
24 710
644 212
607 139
290 49
501 745
821 23
53 213
512 44
971 849
683 518
854 235
611 733
169 639
371 410
963 457
670 678
215 577
134 166
911 71
647 761
433 716
499 795
340 668
85 680
898 223
891 384
835 915
874 905
739 575
832 176
34 732
660 553
264 881
495 509
417 862
375 752
985 720
618 471
459 807
488 240
269 209
280 289
81 755
901 111
397 338
317 255
634 1000
95 202
769 442
790 762
483 55
827 675
153 174
10 590
93 650
414 941
241 460
149 97
658 453
706 400
385 388
321 837
947 179
407 740
536 562
535 128
877 52
296 191
873 281
452 989
950 819
267 847
797 589
361 343
198 992
527 322
903 38
287 669
347 601
80 574
694 438
328 602
451 27
32 886
900 766
365 116
181 633
