5
40 39
1 1 3 2 5 6 7 6 7 8 11 11 12 14 14 12 16 18 18 10 19 22 21 23 24 25 26 28 29 30 29 31 33 32 34 35 37 38 37
40 39
1 2 2 3 3 3 3 3 3 6 5 5 7 8 7 11 14 11 11 11 11 15 21 23 22 19 22 23 23 20 18 23 19 21 23 19 19 19 22
40 39
1 1 2 2 3 3 4 4 9 10 11 4 13 14 14 5 17 17 19 20 19 19 23 6 25 25 25 27 28 29 29 7 33 34 34 34 37 36 37
40 39
1 2 3 3 2 6 4 4 3 10 9 10 5 8 6 13 15 9 14 7 18 22 16 8 18 8 19 17 16 26 14 8 18 26 29 25 33 24 26
40 39
1 1 2 4 1 4 1 7 5 10 5 11 6 12 5 15 3 16 19 18 2 20 6 23 24 26 3 28 12 29 30 31 9 32 3 34 33 37 5
