100
4
519798009 480877470 64861857 -965523161 
4
-318568677 424717498 24710726 645164944 
4
-787026372 834946096 -212511284 441464431 
4
728464519 -72386503 483161849 -620109918 
4
775952043 -698965253 645924078 358073374 
4
73319710 580425147 823977426 635435069 
4
967308883 -159787729 487131093 804670192 
4
76651565 -378058020 742429658 61600245 
4
869803778 -845500479 -18109310 790640078 
4
244670251 -732106746 939280512 -278678524 
4
422056567 -385590832 886513664 742998113 
4
744853825 739821318 -746118625 640156702 
4
883448152 -981762293 -132680249 583490691 
4
37428235 843831883 -606521171 1924649 
4
901463795 -42978985 -283372227 283534528 
4
-225033338 578886649 537043733 908509847 
4
-51810991 275373591 957181847 -149395164 
4
579140589 -757261282 984993181 -122957782 
4
-90501375 -168762939 781326719 889030171 
4
-178992381 895284857 -616010107 827526525 
4
-141085989 140530293 493961770 356467937 
4
341163759 217265018 -889784018 848766194 
4
-489487760 779774151 -57475526 95105445 
4
181414014 -488534081 480973757 744262078 
4
740047424 773529071 -712413498 262620710 
4
825512608 -244646749 957781826 -730548869 
4
245458019 904957902 -124249098 39068682 
4
407932841 140627998 868367431 934571324 
4
-288015443 755777627 59120393 453751155 
4
-636505913 -61495571 633217146 524150941 
4
653991649 487557812 -829530759 449679881 
4
-395504430 857333673 -752472341 899383989 
4
617307339 -181138046 844174283 -607304389 
4
-404469639 -278618415 -171643915 881185552 
4
835425224 867359141 968862506 929759246 
4
435801337 847438298 542410911 508334642 
4
806477526 208496323 47953837 -305579000 
4
-104165286 878229589 538962208 -466280932 
4
509705598 748028785 556507813 -951750109 
4
-365210779 408564606 627726406 330563333 
4
516962010 -824529253 594711723 -53444388 
4
-502337966 4506737 -184309404 869877431 
4
280082052 817887296 355619195 -781447433 
4
-232272809 76864491 936064595 869795852 
4
472979241 452424842 -443620600 -142103833 
4
-37048260 -247523941 -19836991 491595729 
4
547498531 -173848535 597335808 899437772 
4
340269328 50825631 340936975 296582741 
4
567677421 -835694935 225711374 58198867 
4
463449032 583125681 220135956 -616958002 
4
613983803 480279041 742200943 862184845 
4
822143017 770242397 -445533346 -84797724 
4
970315500 -305013507 952261055 -971574021 
4
82830016 -837868549 319528461 855062007 
4
730667345 953432026 -829775891 -625652612 
4
136178330 759051336 -987721361 832311615 
4
985717129 -526471074 -625748513 621528729 
4
-488231085 540403601 820758954 515594335 
4
20660840 -485951316 477670793 -11644258 
4
571205497 65980232 600053305 892844224 
4
471984062 783657484 773401229 -135460925 
4
-236328531 302566680 -222277272 858683991 
4
945441550 677408561 542241386 -273857247 
4
276318533 806474240 428459067 631858299 
4
-438138727 645989310 487715171 159876538 
4
859518682 -633756995 -68207957 434672057 
4
814477416 -301822465 757670233 574612524 
4
-525261455 789609569 550661128 393245188 
4
806377477 -836245134 450388646 -362593799 
4
784005028 171022778 828925970 -61765623 
4
481723213 586980666 152661171 -205023689 
4
31664265 308159575 -650591429 666729788 
4
390059641 -96705150 65957845 413527961 
4
-241693174 176801240 890818502 -185005985 
4
548118439 899492489 -457572245 321325888 
4
-242235688 345964252 694995067 -42930611 
4
957078845 -386610272 624298189 -923621682 
4
796203960 676638985 412426590 956233829 
4
-251692642 806998161 947039584 332609816 
4
962255951 -976090310 -182948374 365542254 
4
-129161661 608077909 316464354 694449284 
4
876524069 459299965 -698163766 -162835165 
4
862106732 730917462 -680145282 -210413420 
4
12462089 370849045 630929818 -499987345 
4
64430068 578752344 160516474 969079860 
4
265554981 994700596 260618706 -621234220 
4
529965562 663516409 -47097005 614956491 
4
236239996 789416487 -964735119 450680057 
4
-749966463 965307690 -721689219 684001096 
4
249661894 -19667630 181310684 252212414 
4
396670978 825685651 -220821219 168613127 
4
68192256 -367228393 941507408 -461316673 
4
-595461930 857712034 -163848456 331437407 
4
-776653000 487218997 867997364 -3011709 
4
476986944 952982293 -213702849 932637802 
4
-864771180 -122274102 723693386 270464940 
4
990428514 333862476 315699610 669304368 
4
-232203761 -87848245 141248513 785315897 
4
926655940 810571557 -298787586 -4918749 
4
566580746 935575756 -796588513 616289390 
