18894
17874
17044
16860
17812
16956
16724
17858
16834
16200
17752
17234
16496
18326
16574
16728
18024
16110
16636
18160
15110
16816
17774
15832
16792
17882
16938
15776
17940
16912
16850
17940
16718
16830
17962
16954
14940
17834
16922
16752
17834
16882
15832
17830
16946
16898
17602
16660
16374
17816
16884
0
0
0
0
0
0
0
0
0
0
0
0
0
0
0
0
0
0
0
0
0
0
0
0
0
0
0
0
0
0
0
0
0
0
0
0
0
0
0
0
0
0
0
0
0
0
0
0
0
0
0
0
0
0
0
0
0
0
0
0
0
0
0
0
0
0
0
0
0
0
0
0
0
0
0
0
0
0
0
0
0
0
0
0
0
0
0
0
0
0
0
0
0
0
0
0
0
0
0
0
0
0
0
0
0
0
0
0
0
0
0
0
0
0
0
0
0
0
0
0
0
0
0
0
0
0
0
0
0
0
0
0
0
0
0
0
0
0
0
0
0
0
0
0
0
0
0
0
0
0
0
0
0
0
0
0
0
0
0
0
0
0
0
0
0
0
0
0
0
0
0
0
0
0
0
0
0
0
0
0
0
0
0
0
0
0
0
0
0
0
0
0
0
0
0
0
0
0
0
0
0
10036764
9975724
9952008
9930940
10014224
9921664
9929116
9983044
9963382
9930342
9984724
9932324
9849994
10014224
9987724
9922494
9969976
9926654
9969792
9982476
9914038
9954258
10014216
9915678
9962514
9975920
9928474
9928190
9979042
9969132
9951484
9968754
9956312
9940432
9983972
9959052
9835788
9968754
9865158
9949282
9983468
9929720
9922628
10003912
9929912
9944430
9909590
9865558
9951472
9983780
9950350
9925152
10001806
9928116
9864278
9981442
9939958
9872082
9972790
9922560
9917218
9990846
9942712
9930168
9991980
9892362
9893814
9975420
9941854
9823682
9981452
9932916
9903078
10014154
9908904
9945922
9972790
9896614
9942678
10014228
9928502
9902172
9893182
9939136
9946948
9976720
9960078
9948418
9908826
9987712
9899794
9909582
9924734
9893950
9975898
9910384
9963536
9985324
9949468
9854140
9982624
9935380
9873222
10014154
9971662
9934674
9985616
9859818
9945466
9976718
9914590
9871090
9982646
9911918
9852060
9996166
9925720
9893564
9971914
9902708
9933952
9980822
9954268
9900664
10013088
9947310
9920650
9992816
9930794
9766992
9970094
9920270
9765456
9986606
9948802
9853962
9975336
9934134
9936260
9970094
9913962
9857768
10003912
9901228
9929286
9972790
9938998
9941054
9982476
9920440
9913694
9891682
9933948
9946566
10013398
9963548
9836032
10012584
9912136
9927020
9970100
9909056
9989778
9981452
9921336
9824594
9983468
9978534
9936750
10014216
9891442
9932442
9982914
9825480
9989288
9909614
9958286
9942486
9992816
9858686
9957054
9992322
9981364
9939604
10001054
9917724
9763780
9986568
9970520
9846592
10007414
9958290
9888524
9980822
9956982
9849058
9996174
9955482
9853016
10014230
9967242
9897118
9981442
9837336
9858756
9986382
9927494
9930310
10014244
9921276
9991672
9982552
9976158
9929186
9970206
9846256
9932446
9992388
9969782
9949634
10012442
9990864
9827094
9908826
9840200
9846652
9984290
9947630
9917122
9986606
9917222
9909754
9981724
9909034
9933046
9916372
9934628
9948378
9983468
9911320
9963344
9965548
9947680
9842094
9891682
9915316
9913586
9985620
9912508
9943544
9968224
9915390
9940662
9979706
9932944
9912198
9965900
9858172
9870092
9980866
9925668
9922022
10003912
9956044
9912788
9905660
9939528
9913092
9992440
9913402
9918082
10012442
9849966
9956502
10003912
9910804
9950366
10014216
9882026
9942616
9969164
9973648
9951084
9893596
9910432
9913490
9906408
9961118
9943552
9968728
9888992
9916860
9969842
9848954
9957054
10011870
9938610
9979438
9978392
9913988
9925780
10014224
9945926
9991682
9983468
9964186
9929104
9973948
9913648
9852394
9908826
9930920
9931346
9986452
9949198
9928264
9982548
9882796
9943720
9908368
9946476
9828086
9992604
9929974
9870882
9985968
9947232
9855866
10014228
9936306
9939572
9966086
9954602
9913450
9976660
9912664
9928660
10012442
9910718
9929758
10006448
9939592
9917598
9908826
9917208
9904202
9916372
9918690
9919808
9961268
9836774
9908036
9982772
9940190
9948150
10014218
9860756
9854646
10003924
9917082
9871222
9991980
9848124
9954602
9975724
9837660
9927538
9995178
9867530
9911632
9977026
9908460
9947408
10001948
9969560
9942742
9986606
9925252
9858842
9968754
9946174
9879834
9982646
9925276
9951084
9965976
9930756
9941740
9905336
9920506
9940018
9982596
9763780
9891196
9970076
9968966
9935836
9975420
9956072
9838974
9982506
9991684
9901412
9982506
9934454
9901188
9982646
9913668
9893882
10003912
9914056
9852982
9980866
9956258
9939570
9971392
9944030
9936062
9908826
9916790
9954806
9967742
9925800
9873974
9984290
9900174
9886622
9917326
9945478
9908916
10001806
9931562
9843622
9975898
9974412
9908164
9982738
9923874
9858294
9970064
9914502
9944810
9982596
9968596
9845292
9966072
9916428
9929186
10001806
9931258
9924348
9963762
9842796
9911048
9982524
9937316
9885698
9967742
9866266
9939684
9996174
9824980
9918848
9980866
9924032
9895092
9965546
9904414
9862534
9978392
9821556
9958328
9894176
9945220
9949822
9979830
9825550
9947630
9983972
9929068
9854486
10014240
9971244
9922514
9907890
9941102
9920142
10014208
9932016
9932554
9993758
9837034
9900298
10014294
9850154
9900710
9986606
9928712
9942130
9893182
9905086
