3
50 50
27 40
36 49
16 16
35 12
30 36
17 2
21 33
2 38
41 7
32 41
6 34
33 44
24 5
12 10
11 45
50 1
46 46
8 32
26 42
31 50
45 24
42 35
23 37
15 20
34 43
5 48
47 8
22 31
25 47
18 15
49 9
10 19
40 25
43 29
7 6
3 21
9 4
4 11
1 3
19 18
14 28
29 30
28 26
44 39
37 23
13 27
20 13
48 17
39 14
38 22
1 2
2 3
3 4
4 5
5 6
6 7
7 8
8 9
9 10
10 11
11 12
12 13
13 14
14 15
15 16
16 17
17 18
18 19
19 20
20 21
21 22
22 23
23 24
24 25
25 26
26 27
27 28
28 29
29 30
30 31
31 32
32 33
33 34
34 35
35 36
36 37
37 38
38 39
39 40
40 41
41 42
42 43
43 44
44 45
45 46
46 47
47 48
48 49
49 50
1 24
2 13 7
2 48 38
1 41
2 35 43
2 29 42
1 30
2 5 48
2 27 19
1 29
2 2 50
2 45 33
1 2
2 39 15
2 18 25
1 35
2 8 34
2 9 2
1 39
2 16 15
2 18 37
1 50
2 4 21
2 49 3
1 40
2 1 50
2 8 4
1 23
2 45 37
2 29 20
1 23
2 49 48
2 19 45
1 38
2 43 7
2 26 16
1 32
2 13 3
2 46 45
1 32
2 48 20
2 4 21
1 47
2 28 38
2 38 43
1 34
2 19 18
2 37 31
1 42
2 23 22
200 200
96 160
147 29
84 51
58 67
67 27
190 19
193 85
17 110
22 60
56 183
79 163
114 95
191 28
50 57
151 89
115 24
146 166
109 52
61 167
154 42
44 198
27 151
48 17
128 78
85 23
45 87
82 152
178 170
4 172
158 40
75 196
133 181
16 122
156 137
162 70
155 73
169 30
66 88
149 114
12 139
130 86
198 121
164 20
10 2
60 63
187 13
189 90
113 116
125 174
39 14
63 144
68 178
42 195
173 48
152 131
170 199
108 127
7 149
124 197
138 108
148 64
23 135
121 191
117 26
184 171
179 46
86 35
145 77
3 34
36 1
83 55
183 193
28 187
19 22
118 146
100 105
107 153
78 101
136 123
41 124
174 164
77 58
51 93
95 100
200 179
81 158
71 140
137 61
40 66
105 180
143 147
101 15
103 83
72 33
73 192
62 6
175 79
177 176
64 161
47 68
13 117
24 16
21 104
33 102
134 188
157 69
168 9
6 94
20 59
123 184
140 159
161 125
38 162
159 65
176 37
120 74
160 91
144 168
9 175
126 4
106 106
171 99
5 56
132 142
91 3
129 7
18 157
69 129
195 186
112 190
1 43
30 50
181 145
135 119
8 21
65 47
163 53
74 154
197 103
188 156
119 194
76 10
52 81
46 38
185 109
2 177
111 12
25 45
92 118
104 115
89 150
122 80
54 113
142 143
99 5
192 11
29 75
110 138
98 8
32 185
180 133
43 98
35 148
31 96
199 136
97 18
55 189
87 49
37 155
172 76
88 107
196 130
94 173
53 54
26 182
139 71
186 97
166 112
15 31
131 72
14 41
11 92
70 126
167 132
80 39
49 141
194 111
116 82
182 44
93 169
153 128
90 134
59 25
34 165
165 36
127 32
150 200
102 84
57 120
141 62
1 2
1 3
1 4
1 5
1 6
1 7
1 8
1 9
1 10
1 11
1 12
1 13
1 14
1 15
1 16
1 17
1 18
1 19
1 20
1 21
1 22
1 23
1 24
1 25
1 26
1 27
1 28
1 29
1 30
1 31
1 32
1 33
1 34
1 35
1 36
1 37
1 38
1 39
1 40
1 41
1 42
1 43
1 44
1 45
1 46
1 47
1 48
1 49
1 50
1 51
1 52
1 53
1 54
1 55
1 56
1 57
1 58
1 59
1 60
1 61
1 62
1 63
1 64
1 65
1 66
1 67
1 68
1 69
1 70
1 71
1 72
1 73
1 74
1 75
1 76
1 77
1 78
1 79
1 80
1 81
1 82
1 83
1 84
1 85
1 86
1 87
1 88
1 89
1 90
1 91
1 92
1 93
1 94
1 95
1 96
1 97
1 98
1 99
1 100
1 101
1 102
1 103
1 104
1 105
1 106
1 107
1 108
1 109
1 110
1 111
1 112
1 113
1 114
1 115
1 116
1 117
1 118
1 119
1 120
1 121
1 122
1 123
1 124
1 125
1 126
1 127
1 128
1 129
1 130
1 131
1 132
1 133
1 134
1 135
1 136
1 137
1 138
1 139
1 140
1 141
1 142
1 143
1 144
1 145
1 146
1 147
1 148
1 149
1 150
1 151
1 152
1 153
1 154
1 155
1 156
1 157
1 158
1 159
1 160
1 161
1 162
1 163
1 164
1 165
1 166
1 167
1 168
1 169
1 170
1 171
1 172
1 173
1 174
1 175
1 176
1 177
1 178
1 179
1 180
1 181
1 182
1 183
1 184
1 185
1 186
1 187
1 188
1 189
1 190
1 191
1 192
1 193
1 194
1 195
1 196
1 197
1 198
1 199
1 200
1 2
2 72 184
2 36 92
1 34
2 55 108
2 11 6
1 125
2 14 127
2 148 134
1 200
2 78 126
2 51 90
1 158
2 15 62
2 114 146
1 151
2 39 149
2 26 35
1 186
2 190 148
2 78 112
1 163
2 7 133
2 84 20
1 189
2 20 112
2 90 79
1 167
2 148 49
2 94 151
1 70
2 147 166
2 197 102
1 190
2 149 150
2 188 169
1 110
2 70 138
2 82 125
1 145
2 77 127
2 178 54
1 154
2 18 78
2 67 8
1 66
2 184 181
2 34 2
1 115
2 89 44
2 159 140
1 69
2 78 47
2 38 6
1 67
2 38 6
2 132 62
1 103
2 109 33
2 16 193
1 143
2 168 149
2 6 80
1 139
2 25 21
2 14 62
1 132
2 97 29
2 104 75
1 185
2 23 153
2 15 152
1 69
2 117 169
2 75 62
1 199
2 115 119
2 129 72
1 108
2 143 24
2 181 92
1 174
2 193 24
2 166 61
1 118
2 5 166
2 90 11
1 88
2 50 36
2 25 29
1 195
2 197 128
2 46 158
1 13
2 92 156
2 186 113
1 173
2 145 176
2 122 52
1 173
2 108 195
2 81 175
1 7
2 29 60
2 87 166
1 5
2 107 6
2 83 85
1 52
2 56 113
2 182 46
1 138
2 125 29
2 79 171
1 43
2 163 90
2 29 32
1 179
2 2 21
2 81 190
1 124
2 135 114
2 103 68
1 175
2 121 115
2 185 28
1 152
2 134 111
2 11 38
1 27
2 39 174
2 172 134
1 88
2 183 25
2 11 35
1 156
2 48 119
2 168 145
1 113
2 66 40
2 124 125
1 44
2 59 165
2 91 172
1 110
2 142 38
2 78 181
1 131
2 12 134
2 2 168
1 136
2 4 50
2 174 74
1 61
2 10 109
2 56 159
1 50
2 155 18
2 36 94
1 56
2 26 90
2 52 68
1 145
2 51 66
2 158 149
1 51
2 56 24
2 28 193
1 9
2 176 97
2 39 60
1 61
2 118 81
2 124 142
1 168
2 105 137
2 98 115
1 2
2 8 51
2 131 65
1 9
2 13 51
2 156 181
1 146
2 167 89
2 60 176
1 27
2 24 150
2 171 91
1 176
2 190 167
2 109 136
1 104
2 60 10
2 47 145
1 10
2 96 13
2 27 18
1 133
2 148 92
500 500
11 35
342 186
79 275
361 1
41 289
81 10
91 136
458 106
113 209
472 477
5 438
27 167
236 144
114 178
440 6
153 108
126 126
163 8
411 492
331 409
418 200
10 73
444 37
162 184
264 396
364 389
262 149
346 358
203 435
101 242
224 156
179 228
178 500
425 322
131 40
219 381
218 457
345 414
335 345
403 397
116 206
8 285
401 297
80 429
256 418
110 332
293 447
277 266
99 419
323 399
100 75
51 21
227 141
414 117
321 204
120 272
138 191
272 304
375 46
145 57
209 354
253 437
486 302
56 87
452 210
77 239
195 212
108 172
207 484
189 498
395 347
69 406
325 366
61 131
347 241
130 312
385 16
45 359
156 13
192 267
49 181
50 308
436 443
419 116
410 66
499 480
133 97
456 446
125 280
83 466
279 102
455 494
404 159
337 111
239 373
354 472
238 405
462 12
17 222
175 36
291 145
71 164
82 60
245 182
28 143
434 237
390 263
284 72
268 335
170 135
38 24
32 309
454 330
426 82
158 114
387 352
474 115
19 33
25 251
73 166
443 305
355 462
461 171
258 449
233 460
74 325
205 221
93 376
283 7
324 208
370 403
221 355
259 173
215 318
399 101
104 367
251 174
141 310
53 244
482 384
52 415
246 211
261 306
494 94
416 467
9 247
304 30
446 417
14 152
206 459
44 370
140 430
368 395
166 394
449 412
13 193
97 434
350 110
229 298
439 235
362 163
255 4
202 277
287 84
295 283
183 444
468 336
121 123
423 313
315 59
303 425
407 257
447 179
274 410
47 317
373 346
29 256
445 388
389 249
15 273
330 31
466 47
431 265
129 86
498 89
180 445
363 287
188 227
289 19
37 223
198 319
306 216
383 468
70 401
412 62
320 326
386 165
160 270
377 91
392 194
473 383
241 157
161 293
265 284
460 252
149 420
485 453
204 53
280 162
427 314
76 323
398 259
252 170
420 127
2 142
415 78
450 41
118 103
230 424
397 158
62 238
217 264
384 440
438 140
459 95
406 363
339 441
123 100
480 291
408 27
234 495
382 230
148 217
84 343
476 90
489 51
232 147
379 199
173 65
481 483
225 160
194 225
65 74
490 188
196 456
313 119
393 452
271 161
95 183
292 382
124 348
281 328
328 344
297 71
67 392
109 155
286 128
495 180
75 357
356 413
371 321
352 130
63 362
64 196
199 38
334 489
471 2
171 427
103 450
448 214
300 408
391 327
273 69
106 479
433 473
31 255
177 385
344 274
278 70
86 198
302 197
267 454
243 153
200 431
119 428
381 233
380 29
496 137
181 52
451 146
369 262
435 34
294 169
400 125
288 470
465 391
107 55
317 371
112 76
216 234
276 58
483 113
248 112
254 380
213 203
343 339
358 296
422 377
87 432
21 189
46 292
374 42
402 338
326 485
20 379
172 18
464 226
197 433
157 64
314 231
312 393
327 368
16 375
135 353
24 63
117 81
305 482
143 85
308 378
190 422
201 421
139 243
57 11
222 218
102 303
242 139
228 294
1 134
463 49
491 9
394 132
43 26
223 187
187 45
127 205
26 207
359 476
487 168
247 411
164 83
275 455
484 17
7 464
226 361
353 250
250 493
365 301
115 23
92 99
167 386
332 67
184 240
322 324
396 423
301 486
497 56
186 268
424 365
88 260
237 360
210 499
176 448
4 295
282 154
214 248
22 15
432 201
316 407
30 469
169 475
34 488
72 48
36 356
457 490
23 39
307 458
3 120
58 93
235 122
479 32
244 269
40 50
6 276
266 350
42 236
319 372
409 478
220 307
285 79
152 54
90 402
155 109
340 271
329 104
470 77
168 439
85 177
96 220
193 245
311 3
269 124
378 390
477 288
147 342
211 232
89 334
128 224
94 400
351 281
360 471
366 286
469 404
376 150
429 351
35 219
136 341
185 258
430 175
417 213
174 88
33 96
441 487
154 261
290 416
144 92
442 105
388 22
405 349
348 176
336 107
146 387
333 192
453 202
260 496
142 311
68 398
318 451
338 316
349 195
59 333
111 80
413 25
48 151
39 465
105 300
159 279
78 340
12 290
357 331
98 320
428 491
132 215
212 461
492 282
493 61
165 337
500 20
151 426
231 98
437 374
372 254
263 229
296 436
257 129
270 118
60 44
467 497
240 246
475 474
341 364
309 369
298 315
488 133
191 442
55 253
150 329
299 299
310 278
18 190
54 138
367 68
182 185
137 14
478 121
66 28
134 463
208 481
249 5
421 148
122 43
1 2
1 3
2 4
4 5
3 6
5 7
6 8
3 9
6 10
8 11
10 12
10 13
8 14
10 15
9 16
5 17
12 18
1 19
19 20
3 21
3 22
18 23
10 24
15 25
22 26
5 27
9 28
16 29
11 30
29 31
11 32
9 33
4 34
1 35
29 36
5 37
13 38
12 39
4 40
9 41
17 42
41 43
15 44
38 45
13 46
27 47
33 48
2 49
3 50
49 51
21 52
45 53
46 54
20 55
16 56
34 57
16 58
1 59
13 60
21 61
54 62
32 63
2 64
22 65
11 66
49 67
44 68
47 69
4 70
38 71
23 72
62 73
23 74
68 75
12 76
20 77
65 78
74 79
40 80
11 81
59 82
11 83
80 84
12 85
75 86
3 87
26 88
36 89
74 90
9 91
55 92
52 93
77 94
53 95
17 96
58 97
58 98
71 99
12 100
76 101
63 102
35 103
21 104
100 105
65 106
48 107
62 108
32 109
27 110
18 111
38 112
56 113
103 114
103 115
91 116
11 117
21 118
54 119
3 120
7 121
32 122
73 123
68 124
51 125
105 126
89 127
97 128
68 129
77 130
10 131
94 132
24 133
20 134
95 135
27 136
117 137
74 138
97 139
110 140
116 141
56 142
115 143
126 144
84 145
84 146
122 147
116 148
3 149
26 150
4 151
106 152
34 153
94 154
122 155
92 156
137 157
45 158
28 159
3 160
75 161
153 162
30 163
87 164
150 165
107 166
50 167
45 168
109 169
97 170
108 171
129 172
53 173
85 174
20 175
34 176
166 177
103 178
171 179
86 180
119 181
61 182
14 183
115 184
169 185
12 186
84 187
104 188
109 189
184 190
184 191
51 192
99 193
9 194
89 195
14 196
176 197
102 198
82 199
75 200
27 201
31 202
168 203
169 204
187 205
185 206
162 207
178 208
184 209
87 210
124 211
184 212
162 213
210 214
142 215
87 216
156 217
194 218
39 219
49 220
149 221
186 222
115 223
178 224
34 225
75 226
221 227
226 228
26 229
107 230
214 231
136 232
126 233
163 234
204 235
229 236
112 237
94 238
73 239
227 240
45 241
216 242
41 243
38 244
112 245
111 246
146 247
41 248
7 249
206 250
70 251
59 252
121 253
206 254
239 255
188 256
100 257
240 258
66 259
181 260
69 261
186 262
87 263
205 264
13 265
169 266
128 267
19 268
221 269
26 270
11 271
68 272
265 273
31 274
28 275
101 276
248 277
20 278
54 279
100 280
247 281
122 282
14 283
241 284
54 285
123 286
252 287
144 288
90 289
229 290
39 291
189 292
277 293
234 294
44 295
2 296
124 297
288 298
276 299
149 300
298 301
160 302
208 303
173 304
220 305
130 306
7 307
153 308
274 309
248 310
242 311
3 312
174 313
105 314
4 315
290 316
88 317
112 318
65 319
300 320
305 321
121 322
301 323
225 324
227 325
169 326
302 327
186 328
119 329
89 330
116 331
45 332
62 333
223 334
54 335
231 336
11 337
43 338
143 339
21 340
215 341
135 342
292 343
277 344
295 345
187 346
12 347
191 348
256 349
93 350
16 351
301 352
112 353
150 354
316 355
283 356
103 357
217 358
144 359
217 360
299 361
107 362
344 363
152 364
239 365
186 366
138 367
73 368
53 369
212 370
57 371
146 372
15 373
116 374
222 375
114 376
135 377
265 378
188 379
222 380
43 381
8 382
297 383
128 384
353 385
165 386
94 387
125 388
356 389
77 390
218 391
242 392
41 393
307 394
215 395
255 396
215 397
64 398
277 399
193 400
261 401
40 402
156 403
192 404
259 405
289 406
58 407
340 408
270 409
66 410
105 411
164 412
338 413
356 414
107 415
398 416
289 417
128 418
206 419
187 420
137 421
230 422
17 423
259 424
105 425
10 426
389 427
359 428
333 429
182 430
13 431
357 432
214 433
302 434
164 435
428 436
52 437
363 438
399 439
373 440
290 441
199 442
36 443
97 444
125 445
305 446
307 447
281 448
412 449
341 450
447 451
440 452
45 453
185 454
66 455
24 456
293 457
266 458
178 459
283 460
397 461
412 462
300 463
96 464
379 465
392 466
349 467
61 468
302 469
282 470
261 471
211 472
239 473
234 474
50 475
40 476
272 477
48 478
276 479
366 480
119 481
244 482
30 483
263 484
134 485
301 486
315 487
395 488
261 489
367 490
487 491
288 492
447 493
300 494
353 495
247 496
171 497
71 498
437 499
398 500
1 440
2 101 221
2 456 440
1 134
2 322 25
2 386 248
1 138
2 92 347
2 110 472
1 101
2 499 123
2 157 61
1 20
2 132 143
2 100 353
1 57
2 70 317
2 216 1
1 42
2 180 275
2 306 161
1 209
2 397 380
2 51 345
1 108
2 180 168
2 322 38
1 318
2 386 258
2 420 114
1 274
2 321 126
2 108 302
1 411
2 49 477
2 351 343
1 274
2 102 106
2 105 354
1 161
2 275 355
2 25 105
1 3
2 394 272
2 284 316
1 235
2 435 169
2 404 255
1 272
2 60 357
2 123 85
1 320
2 38 394
2 425 14
1 168
2 456 124
2 410 287
1 431
2 430 28
2 400 496
1 408
2 22 233
2 105 322
1 133
2 192 183
2 48 393
1 15
2 67 159
2 157 159
1 244
2 345 489
2 213 335
1 360
2 338 492
2 168 434
1 431
2 488 166
2 130 281
1 143
2 289 447
2 308 309
1 157
2 307 61
2 193 494
1 333
2 17 19
2 386 172
1 419
2 387 184
2 36 413
1 169
2 353 261
2 113 395
1 473
2 195 429
2 178 222
1 361
2 448 348
2 250 244
1 493
2 98 494
2 8 182
1 217
2 390 229
2 428 21
1 174
2 354 410
2 190 363
1 286
2 439 129
2 465 283
1 74
2 394 215
2 135 343
1 106
2 288 201
2 202 487
1 281
2 146 36
2 429 449
1 323
2 256 290
2 275 127
1 416
2 359 475
2 395 21
1 52
2 124 140
2 266 137
1 195
2 413 21
2 83 326
1 186
2 426 52
2 383 63
1 373
2 188 144
2 467 23
1 89
2 289 293
2 290 455
1 475
2 440 491
2 88 393
1 273
2 181 227
2 319 482
1 17
2 349 391
2 331 289
1 271
2 50 166
2 87 340
1 2
2 143 380
2 73 234
1 51
2 62 54
2 71 298
1 197
2 315 261
2 212 388
1 482
2 322 40
2 234 338
1 75
2 434 59
2 306 415
1 224
2 315 488
2 106 60
1 489
2 324 271
2 321 303
1 458
2 446 129
2 375 61
1 52
2 117 463
2 388 284
1 164
2 167 184
2 37 336
1 469
2 484 315
2 157 155
1 295
2 358 61
2 8 413
1 130
2 256 325
2 393 70
1 301
2 67 400
2 46 282
1 65
2 112 500
2 137 319
1 92
2 305 437
2 391 399
1 203
2 259 342
2 85 204
1 76
2 328 246
2 276 482
1 59
2 118 28
2 103 143
1 249
2 220 469
2 307 172
1 407
2 196 488
2 438 434
1 311
2 278 435
2 125 346
1 192
2 485 64
2 117 127
1 250
2 424 471
2 414 341
1 472
2 55 225
2 276 438
1 262
2 377 420
2 7 243
1 45
2 246 438
2 111 437
1 460
2 426 46
2 10 242
1 200
2 159 23
2 269 78
1 9
2 403 139
2 309 235
1 81
2 272 399
2 36 135
1 479
2 207 352
2 488 376
1 207
2 53 481
2 305 341
1 173
2 452 336
2 43 489
1 215
2 356 368
2 364 266
1 280
2 456 98
2 397 350
1 3
2 238 17
2 322 28
1 63
2 435 226
2 200 107
1 182
2 127 369
2 119 27
1 192
2 214 421
2 2 369
1 475
2 91 201
2 485 60
1 209
2 414 160
2 381 64
1 372
2 65 103
2 120 226
1 424
2 362 323
2 400 202
1 147
2 404 299
2 184 395
1 277
2 351 487
2 431 352
1 384
2 359 32
2 284 125
1 321
2 242 471
2 442 236
1 495
2 166 180
2 482 126
1 403
2 408 104
2 252 432
1 68
2 339 328
2 436 174
1 264
2 136 374
2 254 304
1 419
2 322 101
2 361 232
1 44
2 88 180
2 342 85
1 69
2 278 32
2 154 34
1 343
2 164 340
2 89 66
1 10
2 341 160
2 500 483
1 222
2 360 128
2 447 235
1 143
2 233 456
2 5 412
1 415
2 368 134
2 344 74
1 179
2 166 394
2 253 96
1 192
2 396 279
2 139 106
1 77
2 1 315
2 244 80
1 254
2 97 68
2 98 330
1 460
2 265 42
2 210 251
1 251
2 337 72
2 422 46
1 322
2 227 273
2 33 190
1 191
2 269 137
2 235 126
1 149
2 200 89
2 183 118
1 133
2 408 424
2 368 20
1 440
2 202 63
2 68 323
1 210
2 328 427
2 438 436
1 368
2 31 171
2 221 436
1 236
2 223 24
2 364 249
1 328
2 441 487
2 157 317
1 274
2 482 409
2 130 250
1 74
2 323 301
2 272 50
1 381
2 193 12
2 380 263
1 198
2 74 476
2 211 216
1 47
2 155 137
2 16 351
1 308
2 463 258
2 39 295
1 15
2 408 150
2 32 58
1 37
2 199 432
2 418 207
1 5
2 225 160
2 481 341
1 79
2 141 110
2 393 488
1 3
2 264 179
2 265 283
1 280
2 229 188
2 334 315
1 279
2 227 171
2 244 104
1 419
2 7 153
2 18 432
1 331
2 451 369
2 470 240
1 472
2 265 310
2 459 419
1 356
2 457 334
2 487 121
1 300
2 396 350
2 189 335
1 365
2 268 364
2 280 310
1 490
2 28 412
2 189 380
1 225
2 422 299
2 246 325
1 47
2 21 357
2 63 440
1 48
2 180 372
2 172 307
1 494
2 482 295
2 379 57
1 310
2 419 170
2 420 145
1 464
2 301 392
2 115 185
1 148
2 222 196
2 449 27
1 78
2 293 137
2 18 385
1 257
2 332 318
2 339 414
1 341
2 457 431
2 249 460
1 495
2 11 488
2 74 445
1 30
2 387 260
2 88 297
1 342
2 166 474
2 403 225
1 425
2 401 261
2 71 419
1 199
2 336 212
2 293 256
1 185
2 299 311
2 142 87
1 357
2 447 375
2 262 96
1 412
2 203 83
2 277 162
1 19
2 109 286
2 338 335
1 186
2 146 78
2 106 451
1 137
2 127 54
