3
5 5
5 5
2 1
4 4
3 3
1 2
1 2
2 3
3 4
4 5
1 3
2 2 4
2 2 5
1 3
2 2 3
12 10
7 5
11 1
8 2
3 4
6 11
10 8
4 3
5 7
2 6
1 10
12 9
9 12
1 2
1 3
1 4
1 5
1 6
1 7
1 8
1 9
1 10
1 11
1 12
1 2
2 12 6
2 7 9
1 3
2 10 11
2 3 7
1 11
2 6 10
2 9 10
1 6
30 30
1 25
12 5
17 15
14 11
24 19
20 22
30 9
7 2
8 7
26 20
6 14
27 6
2 17
18 18
15 13
25 27
29 26
11 12
21 16
19 28
5 30
10 10
28 24
13 4
9 21
3 3
16 23
23 29
4 1
22 8
1 2
1 3
2 4
1 5
5 6
1 7
7 8
4 9
4 10
9 11
5 12
8 13
6 14
4 15
14 16
6 17
10 18
9 19
18 20
14 21
6 22
4 23
14 24
1 25
9 26
19 27
14 28
23 29
15 30
1 12
2 19 8
2 14 13
1 2
2 4 13
2 30 12
1 8
2 29 17
2 18 24
1 5
2 1 5
2 17 26
1 22
2 4 7
2 3 11
1 23
2 18 6
2 3 29
1 11
2 28 29
2 9 25
1 13
2 15 7
2 4 7
1 2
2 11 24
2 23 4
1 14
2 21 6
2 14 12
