2244
1 2
1 1493
1 1857
2 3
2 1774
3 4
4 5
5 6
5 1071
6 7
6 1959
7 8
7 960
7 1140
7 1226
8 9
8 2050
9 10
10 11
10 1246
10 1476
10 1565
10 1581
11 12
11 1479
11 1707
12 13
12 1160
12 1218
13 14
14 15
14 1646
15 16
15 1577
15 1844
16 17
17 18
17 1006
17 2172
18 19
18 1203
19 20
19 1398
20 21
20 956
21 22
21 1028
22 23
23 24
23 1778
23 2007
24 25
24 1139
24 1145
25 26
25 1431
26 27
26 1737
27 28
28 29
28 1190
28 2174
29 30
29 1584
29 1955
30 31
30 1317
31 32
32 33
33 34
34 35
34 1962
35 36
35 1683
36 37
37 38
37 2193
38 39
39 40
40 41
40 1099
41 42
41 2128
42 43
42 1021
42 1458
43 44
43 1470
44 45
44 2124
45 46
46 47
46 1292
47 48
48 49
48 1519
48 1573
49 50
50 51
51 52
51 926
52 53
53 54
53 1338
54 55
54 1274
55 56
56 57
57 58
57 1943
58 59
59 60
60 61
60 1753
61 62
61 1411
62 63
62 904
62 943
63 64
64 65
65 66
66 67
67 68
67 1114
67 1304
68 69
69 70
70 71
71 72
72 73
72 1354
72 1746
73 74
74 75
74 1106
75 76
75 983
75 1157
76 77
76 1220
77 78
78 79
79 80
79 912
80 81
81 82
82 83
83 84
83 1805
83 1835
84 85
84 1463
85 86
85 1223
86 87
86 1681
87 88
87 1243
88 89
88 1837
89 90
90 91
91 92
91 1276
91 1971
92 93
92 1300
93 94
94 95
94 1032
94 1599
95 96
95 2025
96 97
96 1191
97 98
97 1046
97 1343
97 1356
98 99
99 100
99 1136
100 101
100 1150
100 2173
101 102
101 2055
102 103
102 1123
103 104
103 1158
104 105
105 106
105 1704
106 107
106 1104
107 108
108 109
109 110
109 1040
110 111
110 1037
110 1302
111 112
111 1305
111 1807
112 113
113 114
114 115
114 1445
115 116
116 117
117 118
117 1539
118 119
118 2060
119 120
120 121
120 1492
121 122
122 123
122 931
122 1010
122 1265
122 1451
122 1685
123 124
124 125
125 126
125 1181
126 127
127 128
127 1744
128 129
129 130
129 1642
129 1945
130 131
130 2014
131 132
131 1147
131 1201
131 2175
132 133
132 1634
133 134
133 1113
133 1219
133 1740
134 135
134 2191
135 136
136 137
136 1391
137 138
138 139
139 140
140 141
140 977
141 142
141 1200
142 143
142 1505
143 144
143 1132
143 1353
144 145
145 146
145 1196
146 147
147 148
148 149
149 150
149 1426
149 1429
149 1588
150 151
151 152
151 1552
151 1870
152 153
153 154
153 1575
154 155
155 156
155 2234
156 157
157 158
158 159
158 1631
158 1640
158 1872
159 160
159 2045
160 161
160 1346
161 162
161 1169
161 1757
162 163
163 164
163 1799
164 165
164 1180
164 2133
165 166
166 167
166 1045
166 1802
167 168
168 169
168 1630
169 170
170 171
171 172
171 1656
172 173
173 174
173 1684
173 2006
174 175
174 1828
174 1877
175 176
175 1326
176 177
176 1056
177 178
177 1079
178 179
178 1795
178 2115
179 180
180 181
180 936
181 182
181 948
181 1015
181 1053
181 1382
181 1390
182 183
183 184
183 981
183 1092
183 1973
184 185
184 1229
185 186
185 921
185 1610
185 1616
185 2061
186 187
186 997
186 1418
186 1427
186 1903
187 188
188 189
188 929
189 190
189 1568
190 191
191 192
192 193
192 942
193 194
194 195
195 196
196 197
197 198
198 199
198 1916
199 200
200 201
201 202
201 1240
201 1627
201 1832
201 2225
202 203
202 2075
203 204
203 957
203 1364
204 205
204 2207
205 206
205 1033
206 207
207 208
208 209
208 941
208 963
209 210
209 906
210 211
210 1259
211 212
211 1375
211 1815
212 213
212 1003
213 214
213 910
213 1726
213 1915
214 215
215 216
216 217
217 218
217 1207
217 1605
217 1918
218 219
218 1051
219 220
219 1050
220 221
220 920
220 1433
221 222
222 223
222 1141
223 224
223 1330
224 225
224 1985
225 226
225 1060
226 227
226 1002
227 228
227 1004
228 229
229 230
230 231
230 1146
230 1208
231 232
231 2188
232 233
233 234
233 2116
234 235
235 236
235 1048
235 1583
235 1834
235 1979
236 237
237 238
237 1042
238 239
239 240
240 241
240 2148
241 242
241 1227
241 1309
241 1623
242 243
243 244
243 1058
244 245
245 246
246 247
247 248
247 965
248 249
248 1019
249 250
249 1352
250 251
250 1082
251 252
251 1363
252 253
253 254
253 1102
254 255
254 928
255 256
255 1155
256 257
256 932
257 258
258 259
259 260
259 1396
260 261
260 2089
261 262
261 1415
261 2194
262 263
262 1188
263 264
263 1283
264 265
264 1668
264 2082
265 266
265 1991
266 267
266 1738
266 1833
267 268
267 1234
267 1303
267 2017
268 269
268 1520
269 270
269 1788
270 271
270 945
271 272
272 273
273 274
274 275
275 276
275 1337
275 1968
275 2159
276 277
276 1076
277 278
278 279
278 1798
279 280
279 1020
279 1315
279 1578
280 281
280 1295
281 282
282 283
283 284
283 1716
283 1931
284 285
285 286
286 287
287 288
287 1947
288 289
289 290
290 291
290 1926
291 292
291 1510
291 1628
292 293
292 913
292 1005
292 1225
293 294
294 295
295 296
295 1023
296 297
296 902
297 298
298 299
298 1335
299 300
299 1129
299 1663
299 1925
300 301
301 302
301 1263
301 1939
302 303
302 900
303 304
303 1285
303 1516
304 305
305 306
305 991
305 1531
306 307
306 959
307 308
307 1118
308 309
309 310
309 1105
310 311
310 974
311 312
311 1171
311 1198
311 1895
312 313
312 1545
313 314
314 315
315 316
315 1923
316 317
316 1672
316 1952
317 318
317 1091
318 319
318 1068
318 1898
319 320
319 949
320 321
320 1956
321 322
321 922
321 1233
322 323
322 933
322 1345
322 1907
323 324
324 325
324 1380
325 326
325 1812
325 2106
326 327
326 1052
326 1804
327 328
328 329
328 1392
328 1957
329 330
330 331
330 1299
330 2149
331 332
331 980
332 333
332 1641
333 334
333 1202
333 2203
334 335
334 1239
335 336
336 337
336 1481
337 338
337 1443
337 1884
338 339
338 1293
338 1518
338 1547
339 340
340 341
340 946
341 342
341 1881
341 2201
342 343
342 1184
343 344
344 345
345 346
346 347
346 917
347 348
347 1383
347 2041
348 349
349 350
349 937
349 953
349 1366
349 1731
350 351
351 352
351 1328
352 353
352 1269
352 2227
353 354
353 961
354 355
354 1038
355 356
355 1494
356 357
356 972
357 358
357 1562
358 359
359 360
360 361
360 1612
360 1850
361 362
362 363
362 1094
362 1193
363 364
364 365
364 1277
365 366
365 1205
365 1871
366 367
366 1273
367 368
367 2040
368 369
369 370
369 1221
370 371
371 372
372 373
373 374
373 955
374 375
375 376
375 1027
375 1142
376 377
377 378
377 1194
378 379
379 380
379 1594
380 381
380 1883
381 382
381 1062
382 383
382 2235
383 384
383 1930
384 385
384 1128
385 386
385 1596
386 387
386 1152
387 388
387 1369
388 389
388 1567
389 390
389 924
389 950
389 1306
389 1572
390 391
391 392
391 1386
392 393
393 394
393 1120
393 1789
394 395
394 901
395 396
396 397
396 1024
397 398
398 399
399 400
399 1017
399 2088
400 401
400 1111
401 402
402 403
403 404
404 405
404 1047
404 1074
405 406
405 1421
406 407
407 408
407 967
407 1357
407 1617
407 1629
408 409
409 410
409 1332
410 411
410 1713
410 1998
411 412
411 1462
412 413
412 2074
413 414
414 415
415 416
416 417
417 418
417 1296
418 419
419 420
419 1538
419 2217
420 421
420 1035
420 1532
421 422
421 938
422 423
422 990
423 424
424 425
424 2171
425 426
425 2097
426 427
426 1075
427 428
427 1710
427 1989
428 429
429 430
430 431
431 432
432 433
432 1166
433 434
434 435
434 2143
435 436
435 1336
436 437
436 2105
437 438
437 954
437 1131
437 1444
437 2186
438 439
438 1942
439 440
440 441
440 1137
440 1691
440 1961
441 442
441 973
441 1063
442 443
442 899
443 444
443 1530
444 445
444 1534
445 446
446 447
447 448
447 1339
448 449
448 1965
449 450
449 1232
450 451
450 962
450 1149
450 1459
451 452
451 2028
452 453
453 454
453 2042
454 455
455 456
456 457
457 458
457 2023
458 459
458 1204
458 1874
459 460
460 461
461 462
461 1831
462 463
462 934
462 1271
462 2168
463 464
464 465
464 1409
465 466
465 1280
466 467
467 468
468 469
468 1008
469 470
470 471
471 472
471 1374
471 1393
472 473
472 1095
472 1752
473 474
473 1260
474 475
474 2058
475 476
475 1331
476 477
476 1311
476 1334
477 478
477 1886
477 1893
477 2189
478 479
478 1904
479 480
480 481
481 482
481 903
481 1561
481 1966
482 483
482 1096
483 484
484 485
484 1264
485 486
486 487
487 488
487 1282
488 489
488 1527
489 490
490 491
490 2067
491 492
492 493
493 494
494 495
494 1018
494 1153
494 1564
495 496
496 497
497 498
497 1344
498 499
498 1585
499 500
500 501
500 992
501 502
501 1924
502 503
502 986
502 1384
502 2187
503 504
503 1177
504 505
504 909
504 987
504 1247
505 506
505 1172
506 507
507 508
508 509
508 1553
508 1906
509 510
509 1253
509 2039
510 511
511 512
511 1439
512 513
512 1563
512 1674
513 514
513 1214
514 515
515 516
515 1116
516 517
516 2066
517 518
517 1555
518 519
518 2240
519 520
519 1341
520 521
520 1920
521 522
521 2144
522 523
522 1417
522 2218
523 524
523 908
524 525
525 526
525 1847
526 527
526 2117
527 528
528 529
528 1937
529 530
529 1085
529 1286
530 531
530 1078
530 2035
531 532
532 533
533 534
533 939
533 1148
533 1351
533 1659
534 535
535 536
535 1475
535 1709
536 537
536 1938
537 538
538 539
538 905
538 966
538 1706
539 540
539 1080
539 1448
540 541
541 542
541 1179
542 543
543 544
544 545
544 1167
545 546
545 1377
546 547
547 548
548 549
549 550
550 551
550 1034
550 1244
550 2197
551 552
551 1089
551 2029
552 553
552 1974
553 554
553 1143
554 555
554 1154
554 2184
555 556
555 1697
556 557
556 2005
557 558
557 1130
558 559
558 1235
559 560
560 561
561 562
562 563
562 1589
563 564
563 1422
564 565
565 566
566 567
566 1465
567 568
568 569
569 570
570 571
571 572
571 1424
572 573
572 1741
573 574
573 1110
574 575
575 576
576 577
577 578
578 579
579 580
579 1025
579 1267
579 1454
579 1643
580 581
581 582
582 583
582 1088
583 584
583 1107
583 1278
584 585
584 1900
585 586
585 1521
586 587
586 1049
586 2044
587 588
587 1546
588 589
588 925
589 590
589 1724
590 591
591 592
591 1714
592 593
592 1186
592 1288
592 1478
592 1842
593 594
593 944
593 984
593 1173
593 1905
594 595
594 1248
595 596
596 597
597 598
597 2024
598 599
598 1012
599 600
600 601
600 1414
600 2063
601 602
602 603
602 923
602 1645
603 604
603 1043
603 1483
604 605
604 1212
604 1372
605 606
605 1312
606 607
606 1119
606 2230
607 608
608 609
608 1725
609 610
609 1655
609 1809
610 611
611 612
612 613
613 614
614 615
614 1466
614 1826
615 616
616 617
616 1624
617 618
618 619
619 620
619 1890
620 621
621 622
621 1029
621 1371
622 623
622 1065
623 624
623 1715
624 625
625 626
625 1318
625 1648
625 2208
626 627
626 1361
627 628
627 2226
628 629
628 916
628 1817
629 630
629 1651
629 1748
630 631
630 1189
630 2064
631 632
632 633
632 996
632 1535
633 634
633 2232
634 635
635 636
635 1250
636 637
637 638
638 639
638 1637
639 640
640 641
641 642
642 643
642 1542
643 644
643 993
643 2112
644 645
644 1373
644 1677
645 646
645 1125
646 647
647 648
647 2200
648 649
649 650
650 651
651 652
651 1176
651 1522
651 1626
651 2110
652 653
652 1007
653 654
654 655
654 1242
655 656
655 1438
656 657
657 658
657 970
657 1199
657 1875
658 659
659 660
659 985
659 2068
660 661
661 662
661 2236
662 663
662 1705
663 664
664 665
664 1442
665 666
666 667
666 1098
667 668
667 1245
667 1662
668 669
668 1348
668 1514
669 670
670 671
670 1209
671 672
672 673
672 1289
672 1794
672 1848
673 674
674 675
675 676
676 677
676 1013
676 1174
676 1230
676 1379
677 678
678 679
678 1257
679 680
680 681
681 682
682 683
682 1388
682 1498
683 684
684 685
685 686
686 687
687 688
688 689
689 690
689 1367
690 691
691 692
691 1164
691 1195
691 1914
692 693
693 694
693 1055
694 695
694 1168
695 696
695 1457
696 697
697 698
698 699
699 700
699 1059
700 701
701 702
701 964
702 703
702 968
703 704
703 1419
704 705
704 1536
704 1818
705 706
706 707
707 708
707 1014
707 1112
707 1471
708 709
708 935
708 1236
708 1290
708 2020
709 710
710 711
710 1670
711 712
712 713
713 714
713 1133
714 715
715 716
715 1039
715 1054
716 717
716 976
716 1990
717 718
718 719
719 720
720 721
720 1394
721 722
721 1192
721 1507
722 723
723 724
723 1772
723 2140
724 725
724 1843
724 1899
725 726
725 1183
725 1406
726 727
726 2107
727 728
727 994
727 1011
728 729
728 1322
729 730
729 1324
729 1342
730 731
731 732
731 1650
732 733
732 1486
733 734
733 1175
733 1313
734 735
734 1093
734 1512
734 2073
735 736
735 1449
735 1464
735 1622
735 2048
736 737
736 1057
737 738
738 739
739 740
739 1400
740 741
740 1261
741 742
741 958
741 1064
742 743
742 1077
742 1255
742 1695
743 744
744 745
745 746
745 1730
745 1892
746 747
746 1316
747 748
748 749
749 750
749 1081
750 751
751 752
752 753
753 754
753 2000
754 755
754 1702
755 756
755 1603
756 757
757 758
758 759
759 760
759 1635
760 761
760 1216
760 1864
761 762
762 763
762 2092
763 764
763 1126
763 2239
764 765
764 995
765 766
765 979
765 1801
766 767
766 988
767 768
768 769
768 1446
768 2071
769 770
770 771
770 2139
771 772
771 1766
772 773
773 774
774 775
774 907
774 1856
775 776
775 1249
776 777
776 998
776 1000
776 1251
777 778
778 779
778 1569
778 1829
779 780
780 781
780 2054
780 2182
781 782
782 783
782 914
782 1461
783 784
783 1266
783 1823
784 785
784 1888
785 786
785 1592
786 787
786 1879
787 788
787 1525
788 789
788 1838
788 2009
789 790
789 915
789 1069
789 1721
790 791
791 792
791 1686
791 1764
791 1880
792 793
792 1404
792 1759
793 794
793 1086
794 795
794 971
795 796
796 797
797 798
798 799
799 800
799 1127
800 801
800 2130
801 802
802 803
802 2154
803 804
804 805
805 806
806 807
807 808
807 1254
808 809
809 810
810 811
810 1301
811 812
811 1469
812 813
812 951
812 975
813 814
813 1410
814 815
814 1480
815 816
815 1159
815 1333
816 817
816 1402
816 1455
817 818
818 819
819 820
820 821
821 822
822 823
823 824
823 1109
823 1291
823 1472
824 825
824 2057
825 826
826 827
826 1810
827 828
828 829
828 1719
829 830
829 1582
830 831
830 2120
830 2142
831 832
832 833
832 1528
833 834
834 835
835 836
835 1197
836 837
836 1821
837 838
838 839
838 1540
839 840
839 1061
840 841
840 918
840 1732
841 842
842 843
843 844
844 845
844 1297
844 1614
844 1745
845 846
845 2176
846 847
846 1791
847 848
847 1238
847 1608
848 849
849 850
849 1689
850 851
850 1222
850 1816
851 852
851 1365
851 1395
852 853
853 854
854 855
854 1405
855 856
856 857
856 1910
856 2151
856 2199
857 858
857 1859
858 859
858 1144
858 1329
859 860
859 1675
860 861
860 1206
861 862
861 2231
862 863
862 978
863 864
864 865
864 1287
865 866
865 1808
866 867
867 868
867 1165
868 869
869 870
870 871
870 1653
871 872
871 2185
872 873
872 1649
873 874
873 2051
874 875
874 927
874 1258
875 876
876 877
876 919
876 1001
876 1436
877 878
877 1412
878 879
879 880
880 881
880 1270
881 882
882 883
883 884
883 930
884 885
884 1036
884 1163
885 886
885 2138
886 887
886 2084
887 888
887 940
887 1185
887 1771
887 1786
888 889
889 890
889 2104
890 891
890 969
890 1224
891 892
892 893
892 1976
893 894
894 895
894 1362
895 896
896 897
896 911
897 898
899 952
902 1022
902 1178
903 989
904 1868
905 1625
909 1432
910 1468
911 1768
911 2125
912 1072
912 1087
913 1932
914 1161
915 1307
915 1977
916 1067
918 1228
918 1231
918 1319
919 1321
920 1523
921 1044
924 1787
924 1953
927 1070
929 1009
929 1272
929 1574
931 947
932 1211
932 2032
933 1182
933 1450
934 1097
935 1950
936 1217
936 1929
938 1935
939 1031
940 1323
940 1776
943 1693
944 1609
945 1420
946 1281
946 1308
946 1661
947 1797
949 2037
950 1117
951 2065
952 1349
953 1350
954 1571
954 1644
954 2026
955 1294
956 1026
958 1121
958 1533
959 1103
959 1819
960 1084
960 1654
962 1370
964 1554
967 1621
967 2136
969 1660
971 982
971 1701
971 1852
974 1066
974 1511
974 1840
974 2034
975 1327
977 1041
978 1680
978 2012
980 1210
980 1314
982 2152
982 2244
983 1376
983 1858
983 2134
984 1499
984 1580
984 1639
985 1613
986 1100
986 1785
986 2004
988 999
988 1108
988 1557
993 1692
994 1474
995 1913
997 1030
997 1310
998 1135
998 1792
999 1378
1001 2047
1005 1170
1006 1083
1006 1298
1006 1399
1007 1501
1008 1134
1009 1138
1011 1016
1011 1600
1012 1560
1012 1779
1012 1983
1013 1403
1020 1389
1024 1607
1025 1601
1025 1632
1026 1090
1026 1736
1027 1558
1028 1665
1028 2129
1031 1882
1032 1115
1033 1156
1033 1358
1034 1347
1036 1782
1037 2013
1038 1151
1038 1595
1038 1869
1039 1728
1042 1504
1043 1825
1045 1073
1048 1891
1051 1604
1054 2079
1056 1447
1056 2078
1057 1777
1063 1699
1065 1456
1072 2062
1073 1360
1074 1440
1074 1735
1076 1122
1077 1101
1078 1187
1078 1434
1079 1262
1080 1975
1081 1940
1083 1503
1085 1477
1086 1549
1086 1970
1086 2098
1087 1813
1090 1591
1092 1124
1094 1213
1096 1385
1098 1615
1101 2238
1102 1747
1102 1885
1110 1934
1111 1666
1114 1256
1114 1508
1114 1524
1115 1696
1117 2059
1118 1408
1120 1430
1123 1620
1124 1548
1124 1636
1130 1963
1132 1734
1133 1570
1137 2036
1140 2223
1141 1490
1141 1682
1142 1866
1144 1252
1144 1368
1144 2137
1145 1694
1151 1619
1151 1673
1151 1688
1154 1491
1155 1416
1156 1762
1157 1800
1160 1162
1163 1241
1168 1765
1168 1954
1171 1268
1179 1279
1180 2183
1183 1215
1183 1340
1183 1739
1185 1441
1186 1559
1188 1397
1189 2214
1190 1237
1191 2177
1192 1911
1198 1712
1198 1984
1203 1849
1205 1566
1205 1887
1208 2162
1212 1452
1214 1587
1215 1467
1216 1908
1217 2033
1218 1878
1219 2126
1223 1284
1224 1275
1228 1836
1234 1401
1237 1437
1243 1381
1243 1638
1244 1790
1246 1814
1247 1435
1251 2010
1253 2103
1254 1633
1256 1671
1258 2202
1262 2150
1262 2220
1262 2228
1263 1902
1267 1921
1268 1958
1268 2146
1269 2100
1273 1751
1274 1359
1281 1830
1281 2090
1282 1484
1283 1453
1284 1980
1286 1988
1287 2180
1288 1497
1290 1460
1290 1755
1290 1928
1291 2030
1293 1541
1294 1320
1295 2233
1297 1658
1300 2091
1304 1775
1307 1387
1307 2046
1309 1999
1313 1428
1318 1413
1319 1727
1320 2101
1321 2069
1322 1482
1323 1325
1324 1972
1327 1889
1329 1515
1329 1845
1339 1407
1340 1718
1342 1933
1347 1355
1347 1586
1347 1602
1348 1995
1349 1513
1350 1708
1354 1749
1354 1873
1356 1425
1358 1496
1360 1556
1361 1822
1362 2011
1364 1657
1368 1550
1369 1743
1369 2156
1370 2081
1371 1711
1372 1841
1373 1733
1375 1598
1375 1676
1375 1767
1376 1473
1381 1700
1382 1593
1386 2086
1387 1846
1388 2198
1394 2031
1395 1544
1397 2224
1403 1423
1403 1495
1404 1754
1407 2001
1410 2153
1411 1500
1413 1487
1413 1502
1414 1803
1414 2076
1416 1978
1417 1951
1419 1927
1419 1941
1420 1824
1425 1729
1427 1723
1431 2145
1434 1678
1434 1756
1434 2167
1436 1517
1436 1919
1439 1780
1448 1576
1451 1488
1452 1489
1452 2147
1454 1647
1454 2043
1454 2178
1460 1784
1463 1861
1463 1948
1468 1865
1473 1946
1475 1855
1475 2072
1478 1506
1478 1981
1480 1485
1481 1537
1481 1606
1481 1867
1485 1526
1487 1509
1487 1679
1487 1944
1494 1611
1497 1579
1497 1750
1497 2095
1498 2221
1502 1590
1502 1669
1503 1720
1504 1770
1505 1773
1508 1917
1510 1597
1512 1793
1514 2161
1516 1717
1517 2053
1519 1986
1521 1543
1521 1783
1522 1690
1522 1994
1523 1529
1524 2094
1526 1769
1536 2049
1539 2131
1540 1876
1546 1551
1546 2229
1549 1912
1551 2242
1552 1687
1552 1964
1559 1760
1559 2077
1560 1763
1560 2123
1562 1664
1572 1761
1578 1667
1578 2111
1579 1698
1582 1722
1586 1896
1586 1969
1589 2181
1597 1703
1601 2192
1604 1839
1608 2163
1617 1618
1617 1820
1618 2080
1619 2113
1621 1652
1625 2243
1634 2038
1635 1936
1638 1796
1638 1827
1642 2164
1643 1992
1648 2083
1652 2141
1658 2019
1664 1862
1675 2016
1676 1987
1678 2099
1678 2121
1684 1901
1687 2210
1690 2108
1690 2169
1697 2008
1701 2165
1703 2190
1707 2179
1720 1854
1721 2002
1722 1806
1724 1897
1737 1863
1741 1742
1741 2114
1746 1922
1749 1758
1751 1894
1764 2102
1766 1781
1768 1811
1772 2022
1780 1982
1781 1851
1790 1860
1794 1960
1795 1997
1797 1949
1798 2158
1801 1909
1810 2027
1817 1967
1823 1853
1834 2222
1847 2160
1856 2070
1859 2056
1864 2216
1899 2052
1899 2093
1901 2122
1902 1996
1912 2204
1914 2015
1917 2118
1921 2085
1931 2213
1931 2241
1942 2003
1948 2205
1950 1993
1961 2212
1971 2096
1971 2196
1974 2119
1979 2021
1986 2211
1992 2018
1993 2132
2012 2209
2026 2195
2042 2155
2062 2157
2068 2109
2076 2087
2081 2170
2083 2219
2087 2135
2096 2127
2105 2166
2154 2215
2180 2206
2189 2237
6
2243 2242 2241 2238 2237 1492 
