2368
1 2
1 1237
2 3
2 1383
2 2355
3 4
3 1091
3 1150
3 2086
4 5
4 1061
5 6
5 1680
6 7
6 951
6 1777
7 8
7 1108
7 1169
8 9
9 10
10 11
10 1250
10 1335
10 1544
11 12
12 13
13 14
13 2019
13 2071
14 15
15 16
15 1688
16 17
17 18
18 19
18 1989
19 20
19 1592
20 21
20 1561
21 22
21 1508
22 23
22 1516
23 24
24 25
24 1116
25 26
26 27
27 28
27 1275
27 2218
28 29
29 30
29 1015
29 1605
30 31
30 1181
30 1910
31 32
32 33
33 34
33 1498
34 35
35 36
36 37
37 38
37 1454
38 39
38 1035
38 1510
39 40
39 1042
39 1239
40 41
41 42
42 43
42 1218
42 1402
43 44
43 1552
43 1841
44 45
44 1960
45 46
45 1293
45 1465
46 47
46 1221
46 2083
47 48
47 1087
48 49
48 1285
49 50
50 51
51 52
51 1068
51 1106
52 53
53 54
53 1834
54 55
54 1905
55 56
55 1319
55 1459
56 57
56 1559
57 58
58 59
58 2357
59 60
60 61
60 954
61 62
61 1448
61 1846
62 63
62 1101
63 64
64 65
64 1810
64 2191
65 66
65 1595
65 1830
66 67
66 1880
67 68
68 69
68 1861
69 70
69 1119
70 71
70 1162
71 72
71 1727
72 73
73 74
74 75
74 1412
75 76
75 1417
75 1986
76 77
76 1574
77 78
77 1807
78 79
78 1767
79 80
80 81
81 82
81 1939
82 83
82 1098
82 1703
83 84
83 1292
83 2051
84 85
84 1659
84 1778
85 86
86 87
86 1370
87 88
88 89
88 1390
89 90
90 91
90 1214
90 2052
91 92
92 93
93 94
93 1191
93 1217
94 95
94 1978
95 96
95 1277
95 1972
96 97
96 953
96 2094
96 2247
97 98
97 1567
98 99
98 1907
99 100
99 1387
99 1683
100 101
100 1433
100 2328
101 102
102 103
103 104
104 105
104 1413
104 1652
105 106
105 1165
105 1263
105 1418
105 1794
106 107
107 108
107 952
108 109
108 1312
109 110
109 1027
109 1748
110 111
111 112
112 113
112 1682
113 114
114 115
114 1662
115 116
115 1522
115 1773
115 1988
116 117
116 1437
116 1532
117 118
118 119
118 1057
118 1079
118 1583
118 1882
119 120
120 121
120 1782
120 1836
120 1854
121 122
122 123
123 124
123 2237
124 125
125 126
125 1026
125 1205
125 2224
126 127
127 128
127 1793
127 1949
128 129
128 1131
128 1273
128 2230
129 130
130 131
130 1815
131 132
132 133
133 134
134 135
134 2126
135 136
136 137
136 2361
137 138
138 139
139 140
139 2065
140 141
140 2268
141 142
142 143
142 1197
143 144
143 1436
143 1721
144 145
144 1112
144 1746
144 2219
145 146
146 147
147 148
147 1523
148 149
148 1122
148 1407
149 150
150 151
150 2059
151 152
151 2015
151 2067
152 153
153 154
153 1705
154 155
154 1278
154 1930
155 156
156 157
156 1554
156 2011
157 158
157 1517
158 159
159 160
160 161
160 1064
161 162
162 163
163 164
163 1141
164 165
165 166
166 167
166 1075
166 1346
167 168
168 169
169 170
169 1033
170 171
170 1136
171 172
171 2211
172 173
173 174
173 980
173 1481
174 175
174 1038
174 2104
175 176
175 1043
175 1948
176 177
177 178
177 1616
178 179
178 1473
178 1928
179 180
179 1236
180 181
181 182
181 1078
182 183
183 184
184 185
185 186
185 1086
185 1389
185 1640
186 187
186 2049
187 188
187 956
188 189
188 1137
189 190
190 191
191 192
191 1729
192 193
192 1168
193 194
194 195
194 2304
195 196
195 1557
195 2176
196 197
197 198
197 1968
198 199
198 1129
198 1416
199 200
199 1123
200 201
200 1372
200 2362
201 202
201 1330
202 203
203 204
203 1111
204 205
204 2186
205 206
205 1019
205 1384
206 207
207 208
207 1085
208 209
208 1505
209 210
210 211
211 212
211 1484
211 1536
212 213
212 1235
213 214
213 1419
214 215
215 216
215 981
215 1264
215 2273
216 217
217 218
217 1644
218 219
219 220
219 1873
220 221
220 1117
221 222
222 223
223 224
224 225
224 1051
225 226
225 1851
225 2024
225 2200
226 227
226 1097
226 1186
227 228
227 1126
227 1309
228 229
229 230
230 231
230 1037
230 1421
231 232
231 1612
232 233
232 1852
232 1964
233 234
234 235
234 1226
235 236
235 2081
236 237
236 965
237 238
237 1140
238 239
239 240
240 241
241 242
241 2194
242 243
243 244
243 1826
244 245
245 246
245 1628
246 247
246 1458
246 1471
247 248
247 1121
248 249
249 250
249 1059
249 1203
249 1732
250 251
250 2316
251 252
251 1310
251 1379
252 253
253 254
253 1157
254 255
254 1032
254 1358
255 256
256 257
257 258
257 1430
258 259
259 260
260 261
260 1178
260 1526
261 262
261 1424
262 263
263 264
264 265
265 266
265 973
265 2261
266 267
266 2014
267 268
268 269
269 270
270 271
271 272
272 273
272 1215
272 1685
272 1997
272 2235
273 274
274 275
275 276
276 277
276 1155
277 278
278 279
278 2103
279 280
279 1202
279 1342
279 1789
280 281
280 1409
281 282
282 283
283 284
284 285
284 1298
285 286
286 287
287 288
288 289
288 997
288 1648
289 290
289 1222
290 291
290 1775
291 292
292 293
293 294
293 2040
294 295
294 1291
295 296
296 297
297 298
297 1359
297 1735
298 299
298 1290
299 300
300 301
300 1374
301 302
301 1050
301 1524
302 303
302 1692
303 304
304 305
304 1180
304 1314
305 306
305 1896
305 1983
306 307
306 2010
307 308
308 309
309 310
309 1104
310 311
311 312
311 1619
311 2222
312 313
312 1965
313 314
313 1499
313 1614
313 1855
314 315
314 1539
315 316
315 1252
315 2239
316 317
316 1039
316 1414
317 318
317 1060
317 1182
318 319
318 966
318 982
318 1307
318 2165
319 320
320 321
320 1072
320 1084
320 1102
320 1663
321 322
321 986
321 1021
321 1848
322 323
323 324
324 325
325 326
325 1991
326 327
326 1206
326 1461
326 1515
327 328
327 1107
328 329
329 330
330 331
331 332
331 1065
332 333
332 1166
333 334
334 335
335 336
335 1410
335 1426
336 337
337 338
337 1634
338 339
338 1760
339 340
339 2307
340 341
340 2367
341 342
342 343
343 344
343 1528
343 1570
344 345
345 346
345 1007
346 347
347 348
347 1811
348 349
348 1211
349 350
349 2347
350 351
350 2202
351 352
352 353
352 1020
353 354
354 355
355 356
355 1304
356 357
357 358
358 359
358 1432
358 1695
358 2336
359 360
360 361
361 362
361 1324
362 363
363 364
364 365
365 366
365 1579
366 367
366 1058
366 1411
366 2285
367 368
368 369
369 370
369 970
370 371
370 1747
371 372
371 1869
372 373
373 374
373 949
374 375
375 376
375 1054
375 1679
376 377
377 378
378 379
378 1399
378 1558
379 380
379 1564
380 381
381 382
381 1093
381 2204
382 383
382 1979
383 384
384 385
384 1712
385 386
385 1637
385 2280
386 387
387 388
388 389
389 390
389 959
390 391
390 1382
391 392
391 2330
392 393
393 394
394 395
395 396
395 1045
395 1114
395 1179
396 397
396 1334
396 1784
396 1822
397 398
398 399
399 400
399 1063
400 401
400 1687
401 402
401 1198
402 403
403 404
403 2164
403 2175
404 405
404 990
404 1188
404 2007
405 406
406 407
406 1113
406 1737
407 408
407 1257
408 409
408 1684
409 410
410 411
410 1287
411 412
412 413
413 414
414 415
415 416
415 993
415 1034
415 1702
416 417
416 1935
416 2037
417 418
418 419
419 420
420 421
420 1024
420 1223
421 422
421 1071
421 1082
422 423
422 1527
422 1924
423 424
424 425
424 1160
424 1381
424 1899
425 426
426 427
426 1175
427 428
427 1487
428 429
428 1092
428 1847
429 430
430 431
430 1289
431 432
431 1766
432 433
433 434
433 1704
433 2120
433 2311
434 435
434 1369
434 1388
435 436
435 1189
436 437
437 438
438 439
439 440
440 441
440 960
440 2266
441 442
442 443
443 444
444 445
444 1176
444 1243
444 1350
444 2233
445 446
446 447
446 2087
447 448
447 1184
448 449
448 2225
449 450
449 1095
450 451
450 1392
451 452
451 1472
452 453
452 1220
453 454
453 978
453 1503
454 455
455 456
455 1587
456 457
456 1329
456 1337
457 458
458 459
458 987
459 460
459 1772
459 1850
460 461
461 462
462 463
462 1242
463 464
464 465
464 2277
465 466
466 467
466 1041
466 1308
467 468
467 1638
468 469
468 2111
468 2150
469 470
469 1355
469 1657
470 471
471 472
471 1016
472 473
473 474
473 1187
473 1843
473 2173
474 475
475 476
475 991
475 1801
476 477
476 1504
477 478
477 1635
478 479
479 480
479 1624
479 2128
479 2210
480 481
481 482
482 483
483 484
483 1008
483 1857
484 485
484 963
484 2116
485 486
485 1604
485 1666
486 487
486 1230
487 488
487 1138
488 489
488 1626
488 1971
489 490
490 491
490 1376
491 492
491 1664
492 493
492 1738
493 494
493 996
493 1762
494 495
495 496
495 989
495 992
496 497
496 1151
497 498
497 1475
498 499
499 500
500 501
500 1210
501 502
501 1550
502 503
503 504
503 1185
504 505
505 506
505 1040
506 507
506 998
507 508
507 1444
508 509
508 1144
509 510
510 511
511 512
511 1540
512 513
512 1901
513 514
514 515
515 516
515 1395
515 2300
516 517
517 518
517 1318
517 2356
518 519
519 520
520 521
520 2214
521 522
522 523
522 1249
523 524
523 1576
523 1610
524 525
524 1219
524 1456
525 526
526 527
526 2299
527 528
527 1105
528 529
529 530
529 1995
530 531
530 2199
531 532
531 1274
532 533
532 957
533 534
533 1642
534 535
534 2124
535 536
535 2069
536 537
537 538
537 1012
538 539
539 540
539 1378
540 541
541 542
541 1347
541 1671
542 543
543 544
543 1279
543 1629
544 545
545 546
545 2003
546 547
547 548
548 549
549 550
549 1435
550 551
550 2229
551 552
552 553
553 554
554 555
555 556
556 557
557 558
558 559
558 1987
559 560
559 1115
560 561
560 1501
561 562
562 563
563 564
563 1802
564 565
565 566
565 1288
566 567
566 1405
567 568
567 948
567 1950
568 569
568 1333
568 2312
569 570
570 571
571 572
571 1609
572 573
573 574
573 1323
574 575
575 576
575 1177
575 1195
575 1224
575 1596
575 2066
576 577
576 1145
576 2352
577 578
577 1646
578 579
579 580
580 581
580 1199
581 582
581 1161
582 583
582 1817
583 584
584 585
584 1077
585 586
585 961
586 587
587 588
587 1607
587 1967
588 589
588 1492
589 590
589 1094
589 1148
590 591
590 1925
591 592
591 1303
591 1482
592 593
593 594
594 595
594 1265
594 1349
595 596
595 2195
596 597
596 1029
597 598
598 599
598 2110
599 600
599 1271
599 1400
600 601
600 1056
601 602
601 1594
601 2180
602 603
602 1261
602 1519
603 604
604 605
604 1143
604 1320
605 606
606 607
606 1425
607 608
608 609
609 610
610 611
611 612
612 613
612 1090
613 614
613 971
614 615
614 1228
614 2342
615 616
615 1956
616 617
616 1244
616 1262
616 1589
616 2226
617 618
618 619
619 620
619 1804
620 621
621 622
622 623
623 624
623 1377
623 2064
624 625
625 626
626 627
626 1632
626 1876
627 628
627 1404
628 629
629 630
630 631
630 1000
631 632
632 633
632 1201
632 1352
632 2287
633 634
634 635
634 1442
635 636
635 1805
636 637
637 638
637 1018
637 1543
638 639
638 1164
638 2039
639 640
639 1941
640 641
641 642
642 643
642 2044
642 2130
642 2232
643 644
644 645
644 1052
645 646
646 647
646 1076
646 2209
647 648
648 649
648 1153
648 2278
648 2365
649 650
649 1630
649 1690
650 651
651 652
651 2155
652 653
652 1196
653 654
654 655
654 1207
655 656
655 1758
656 657
656 1818
657 658
657 2108
658 659
659 660
659 1118
660 661
660 1046
660 1769
661 662
661 1665
661 2366
662 663
662 1080
663 664
663 1380
663 1742
663 2212
664 665
665 666
665 1259
666 667
666 1173
666 1452
666 1546
666 2193
667 668
667 1625
668 669
669 670
670 671
671 672
672 673
673 674
673 950
674 675
675 676
675 2246
676 677
677 678
677 983
677 1229
678 679
678 1538
678 1551
679 680
679 1741
679 1994
680 681
680 1167
681 682
681 1158
682 683
682 1831
683 684
684 685
684 1469
684 1929
685 686
685 2089
686 687
686 2063
687 688
687 1134
687 1507
688 689
688 968
688 1014
689 690
689 2359
690 691
691 692
691 1450
691 1868
692 693
693 694
694 695
695 696
695 1213
695 2060
696 697
697 698
698 699
698 1631
699 700
700 701
700 1440
700 1750
700 2334
701 702
701 1142
702 703
703 704
703 1004
704 705
704 2147
705 706
706 707
706 1240
707 708
707 1110
707 1327
708 709
708 2181
709 710
709 1171
710 711
710 1803
711 712
711 1478
711 1936
712 713
712 1238
712 1253
713 714
714 715
715 716
715 995
715 1641
715 2117
716 717
717 718
718 719
719 720
719 1385
719 1512
720 721
721 722
722 723
723 724
724 725
724 1797
725 726
725 1673
726 727
726 2093
726 2349
727 728
727 1415
727 1912
728 729
728 1073
728 1371
729 730
729 1130
729 1341
729 1496
729 2158
729 2348
730 731
730 962
731 732
731 2217
732 733
733 734
733 1225
734 735
734 2363
735 736
735 1825
736 737
736 2068
737 738
738 739
739 740
740 741
741 742
742 743
743 744
743 1193
743 2028
744 745
744 985
744 1025
745 746
746 747
746 1036
746 1792
747 748
747 1305
747 1366
748 749
748 976
748 994
749 750
750 751
750 988
750 1159
751 752
751 1647
752 753
752 1074
752 1717
753 754
754 755
754 2344
755 756
756 757
756 1139
756 1302
757 758
758 759
758 958
758 1396
759 760
759 1541
759 1993
760 761
760 1489
760 1613
761 762
761 975
762 763
762 2298
763 764
763 1844
764 765
765 766
765 1998
766 767
767 768
767 1446
768 769
769 770
769 1299
770 771
771 772
771 1028
772 773
772 1103
772 1172
772 1859
773 774
774 775
774 1763
775 776
775 2017
775 2123
776 777
777 778
778 779
778 1672
779 780
779 1066
779 1832
780 781
780 1096
781 782
782 783
782 2340
783 784
783 1325
783 2154
784 785
784 1294
785 786
785 1480
786 787
786 1572
786 1892
787 788
787 1267
787 2035
787 2255
788 789
789 790
790 791
790 1083
790 1486
791 792
791 1030
791 1529
792 793
793 794
794 795
795 796
795 1336
796 797
796 2188
797 798
797 1343
797 1954
798 799
798 969
798 1833
799 800
799 2263
800 801
801 802
801 1938
802 803
802 1730
802 1937
803 804
804 805
804 1722
804 2333
805 806
805 1674
806 807
807 808
808 809
808 999
809 810
810 811
811 812
811 1518
811 1698
812 813
813 814
813 974
814 815
814 2148
815 816
816 817
816 1208
817 818
817 1449
817 1719
817 2139
818 819
819 820
820 821
820 1147
821 822
822 823
822 1234
823 824
824 825
825 826
825 1438
826 827
826 1089
826 1443
827 828
827 2022
828 829
828 1246
828 1361
829 830
830 831
830 1697
831 832
831 1001
832 833
833 834
833 1163
833 1356
834 835
834 1940
835 836
835 1047
835 1911
836 837
836 1615
837 838
838 839
838 1248
839 840
839 967
839 1009
840 841
841 842
841 1031
841 1109
841 1675
842 843
842 2290
843 844
843 1476
843 1588
844 845
844 1584
845 846
845 1709
846 847
847 848
847 1301
847 1678
847 1785
847 2162
848 849
848 964
848 1023
849 850
849 1067
850 851
851 852
851 955
851 1190
852 853
853 854
853 1654
854 855
855 856
855 1128
856 857
856 1069
856 1070
857 858
858 859
858 1408
859 860
860 861
861 862
862 863
862 1209
863 864
863 2286
864 865
865 866
866 867
866 1088
866 1133
866 1754
867 868
867 1795
868 869
869 870
869 1976
869 2046
870 871
870 1590
871 872
872 873
872 2034
873 874
874 875
875 876
875 1865
876 877
876 984
877 878
877 1562
878 879
878 1920
879 880
880 881
881 882
881 1212
881 2353
882 883
882 2339
883 884
884 885
885 886
885 1814
886 887
886 1488
886 1947
887 888
888 889
889 890
890 891
890 1124
890 2136
890 2192
891 892
891 1154
891 1194
892 893
892 1885
893 894
894 895
895 896
896 897
896 2249
897 898
897 1783
898 899
899 900
899 979
899 1013
899 2026
899 2197
900 901
900 1272
900 1569
901 902
901 1902
902 903
902 1511
902 1535
902 2141
903 904
904 905
904 1531
905 906
905 1463
905 1580
905 2146
906 907
906 1003
906 1651
907 908
907 1005
908 909
908 1321
908 1771
909 910
909 1049
910 911
911 912
911 1062
912 913
913 914
913 2097
914 915
914 1053
915 916
915 1247
915 1256
915 1945
916 917
916 1915
917 918
917 1344
917 2223
918 919
919 920
919 1149
919 1200
920 921
920 1931
921 922
921 1270
921 2160
922 923
923 924
923 2319
924 925
925 926
925 1765
926 927
926 1006
927 928
928 929
928 1204
928 1903
928 2274
929 930
930 931
931 932
932 933
932 1681
932 2317
933 934
933 1485
933 2167
934 935
934 972
934 1842
935 936
936 937
936 1509
936 1537
936 2264
937 938
937 1017
937 1977
938 939
938 1232
939 940
939 1368
939 1601
940 941
941 942
941 1300
942 943
942 1281
942 1691
943 944
944 945
945 946
946 947
949 1914
950 1362
950 1603
950 2020
951 1081
951 1602
951 2075
952 1268
952 1431
954 1863
955 1055
957 977
957 1908
958 1970
959 1044
959 1917
960 1048
960 1146
960 1255
962 1011
962 1345
962 1363
964 1573
966 1132
967 1749
973 1866
976 1403
976 1445
977 1980
978 1022
979 1871
981 1786
983 1099
983 1120
984 2137
984 2159
985 1340
985 1686
985 2152
988 1406
988 1829
991 1422
991 1428
991 2008
993 1453
995 1474
996 1490
997 1845
998 1002
998 2100
1002 2364
1003 1010
1003 1127
1005 1639
1007 1447
1007 2119
1008 1216
1011 1397
1020 2057
1020 2092
1022 1317
1022 2018
1023 1464
1023 1881
1024 1893
1025 1296
1025 1658
1027 2295
1028 1280
1028 1611
1030 1260
1031 1135
1033 1297
1033 1676
1034 1752
1036 1351
1037 1284
1039 1620
1040 1668
1042 2338
1043 1394
1044 1429
1044 2048
1046 1934
1046 2070
1046 2309
1049 1858
1055 1322
1056 1660
1057 1326
1059 1156
1060 1241
1066 1227
1066 1477
1066 1530
1067 1636
1068 1170
1068 1174
1068 1653
1070 1497
1070 1581
1070 1669
1071 1513
1072 2324
1074 2016
1075 1269
1075 2153
1076 1315
1076 1582
1076 1677
1077 1152
1079 1875
1080 1460
1080 2080
1080 2259
1085 1125
1085 1331
1085 1656
1088 1391
1088 1819
1089 2216
1095 1566
1095 2250
1099 1100
1099 1708
1099 1923
1099 2234
1102 1788
1104 1258
1105 2102
1105 2231
1108 1840
1111 1311
1112 1266
1113 1800
1113 1824
1113 2243
1113 2306
1114 1231
1114 1470
1115 1245
1121 1887
1123 1966
1124 2289
1125 1338
1127 1890
1127 2000
1131 1952
1133 2127
1134 1364
1134 1467
1134 2072
1139 1500
1140 1357
1140 1563
1140 1645
1141 1251
1141 1313
1141 1759
1144 1339
1145 2038
1150 1420
1153 2122
1155 1878
1158 2265
1159 1360
1160 1933
1161 2238
1162 1423
1163 1957
1166 1514
1167 1192
1167 1898
1168 1921
1169 1555
1170 1283
1172 1575
1172 1649
1175 2248
1179 1183
1179 2045
1179 2101
1180 2132
1181 1942
1182 1457
1184 1650
1185 1316
1187 1739
1187 2058
1188 1348
1188 1479
1190 1427
1195 1693
1197 1593
1197 1621
1198 2314
1201 1985
1203 1506
1203 1770
1207 1895
1208 1643
1208 1780
1208 1927
1210 1623
1211 1597
1212 1354
1213 2027
1215 1286
1217 2288
1218 1520
1219 2169
1221 1809
1221 1884
1224 1757
1226 1233
1226 1565
1226 1723
1227 1282
1227 1462
1229 1353
1230 1254
1234 1401
1236 1913
1236 2005
1240 1365
1240 1622
1242 1753
1245 2343
1246 1276
1246 2205
1247 2054
1248 2254
1249 1521
1252 1455
1252 1553
1253 1373
1262 1466
1263 1525
1263 2179
1264 1700
1266 1332
1266 1585
1266 1598
1269 1295
1271 1600
1273 2161
1273 2242
1275 1306
1276 1745
1277 1328
1277 1633
1278 1493
1280 2302
1286 2106
1288 1951
1290 1599
1291 1556
1291 2252
1292 1502
1295 1386
1295 1439
1295 2140
1296 1483
1296 1533
1296 1761
1300 1720
1304 2043
1305 1547
1306 2042
1308 1393
1308 1953
1309 1798
1310 1918
1311 1534
1314 1451
1314 1548
1315 1823
1320 2297
1322 1808
1323 1734
1324 1715
1325 2031
1329 2133
1329 2262
1329 2345
1330 1468
1330 1838
1331 2163
1333 2001
1335 1667
1335 1969
1338 1974
1338 1999
1340 1926
1340 2301
1344 1744
1345 1495
1347 2118
1349 1864
1350 2135
1355 2114
1359 2088
1364 1670
1366 1367
1368 1606
1369 1919
1370 1813
1370 2107
1371 2368
1372 1491
1374 1375
1374 1441
1375 2115
1382 2318
1385 1398
1386 2270
1389 2113
1393 1706
1394 1618
1396 1689
1403 1764
1406 1751
1409 1888
1412 1577
1415 1661
1416 1568
1418 2310
1421 1916
1425 1591
1427 1984
1428 1578
1428 2099
1430 2244
1431 1545
1432 2056
1433 1434
1436 2109
1439 1549
1441 1849
1443 1655
1443 2251
1445 1494
1445 1699
1448 1755
1448 1862
1450 2091
1454 2112
1457 1961
1457 2145
1458 1879
1459 1586
1463 1560
1463 1943
1468 2129
1471 1571
1471 1872
1472 1821
1472 2279
1475 1827
1480 1542
1480 2187
1484 2061
1485 1774
1491 2029
1491 2125
1495 1816
1497 1726
1498 2131
1499 2105
1508 1725
1509 2196
1511 2269
1514 1696
1517 1627
1517 2213
1518 2320
1520 2055
1522 2098
1526 2329
1532 1736
1532 1828
1536 2084
1537 1713
1537 1731
1537 2331
1539 1781
1543 2215
1544 1707
1545 1701
1545 2077
1546 2305
1547 2047
1549 1867
1554 2095
1555 2138
1556 1716
1559 1806
1563 1959
1565 1820
1568 1608
1574 1900
1575 1694
1577 2041
1578 2121
1578 2354
1588 2036
1592 1982
1592 2360
1603 1710
1603 2013
1606 1835
1606 2012
1606 2267
1607 1617
1607 1743
1608 1963
1612 2182
1620 1870
1621 1714
1630 1958
1630 2033
1635 2032
1637 2082
1638 2073
1641 1728
1644 1756
1644 2096
1647 2172
1648 1796
1649 1733
1649 2313
1650 1812
1654 2201
1658 1904
1659 1962
1661 1992
1664 1996
1669 2351
1674 1779
1675 1799
1676 2208
1677 2284
1680 2006
1680 2283
1681 2142
1683 1791
1683 2258
1685 2074
1689 1740
1696 2256
1702 1718
1703 2166
1704 1711
1710 1886
1713 1724
1713 1776
1714 1853
1716 2203
1720 1768
1721 2170
1724 2004
1725 1932
1726 2327
1728 1860
1730 1909
1736 1889
1740 2276
1741 2177
1744 1990
1747 2322
1753 1897
1756 2078
1762 2157
1765 1874
1770 1955
1771 2303
1772 1894
1773 1856
1778 1790
1779 1787
1779 1891
1780 2009
1782 2221
1786 2079
1798 2296
1805 1839
1830 1837
1831 1883
1831 2156
1835 2062
1844 2341
1849 2257
1853 2183
1855 2171
1856 1906
1860 2021
1861 2144
1866 2207
1868 1877
1873 1981
1873 2151
1877 2271
1879 2076
1889 2023
1889 2053
1893 2326
1894 1946
1896 2143
1900 2236
1900 2315
1903 2002
1908 1944
1911 2206
1914 1922
1917 2346
1918 2190
1924 2178
1930 2189
1937 2085
1941 1973
1948 2308
1949 1975
1964 2025
2000 2325
2011 2184
2020 2134
2024 2030
2032 2358
2039 2241
2041 2220
2044 2275
2044 2282
2045 2050
2047 2281
2053 2293
2057 2149
2059 2253
2060 2090
2065 2321
2070 2335
2086 2198
2089 2168
2090 2350
2095 2174
2104 2292
2110 2240
2111 2291
2120 2260
2162 2185
2172 2227
2204 2228
2214 2245
2220 2323
2226 2332
2229 2294
2260 2272
2280 2337
4
2367 1956 1955 1012 
