0 23
0 26
0 34
0 37
1 37
1 37
0 26
0 24
1 37
0 24
0 26
0 28
0 27
0 25
0 19
0 28
0 33
0 32
0 22
0 28
0 27
0 21
0 31
0 32
0 29
0 29
0 25
0 29
0 22
0 24
0 22
0 34
1 37
0 27
0 24
0 27
0 37
0 22
0 26
0 37
0 28
0 23
0 37
0 21
0 18
0 22
0 37
0 28
0 27
0 22
0 24
0 24
0 23
0 27
0 23
0 25
0 29
0 37
2 37
0 25
1 37
2 37
0 26
0 29
0 20
0 25
0 33
0 27
2 37
2 37
0 26
1 37
0 24
0 24
0 23
0 24
0 28
0 23
0 25
0 37
0 37
1 37
2 37
0 33
0 20
0 21
0 33
0 28
0 22
0 29
0 27
3 37
1 37
0 20
0 24
1 37
0 23
3 37
1 37
1 37
0 24
0 27
0 22
0 25
0 37
0 25
0 22
0 21
0 26
0 37
0 24
1 37
0 25
0 29
0 24
0 22
0 26
0 24
0 37
0 29
0 26
0 26
1 37
0 30
0 27
0 20
0 23
2 37
2 37
0 32
0 27
0 25
0 27
0 37
0 26
0 27
1 37
0 25
0 27
0 25
1 37
0 27
2 37
0 28
0 37
0 25
0 28
0 27
0 24
0 25
0 25
1 37
1 37
1 36
0 28
0 24
0 23
0 29
0 21
0 24
0 24
0 24
1 37
0 37
0 22
0 29
2 37
0 23
0 24
2 37
0 23
1 37
0 24
0 29
0 27
0 29
0 26
0 23
0 26
2 37
0 28
0 26
0 37
0 28
0 24
0 24
0 24
0 25
1 37
0 33
0 25
0 25
0 24
0 26
0 23
0 23
0 19
0 29
3 37
0 37
0 26
1 37
0 26
0 20
0 26
0 22
1 37
0 30
0 25
0 21
0 27
0 25
0 27
1 37
0 25
0 31
0 28
0 26
0 27
0 27
0 25
0 37
0 23
0 24
0 26
1 37
2 37
0 31
0 23
0 29
1 37
0 37
0 24
1 37
2 37
0 25
0 24
0 27
0 29
2 37
0 29
1 37
0 27
1 37
0 20
0 26
0 37
0 32
2 37
0 26
0 28
0 26
0 26
0 26
0 20
0 37
0 26
2 37
2 37
0 25
0 25
2 37
0 19
0 22
1 37
0 24
0 26
0 27
0 24
0 21
1 37
0 23
0 28
0 31
0 22
0 21
0 26
0 21
0 19
1 37
0 27
1 37
0 24
0 24
0 23
0 37
0 21
1 37
0 23
0 26
1 37
2 37
0 27
0 23
0 37
0 23
2 37
3 37
0 22
0 21
0 28
0 28
0 37
0 37
0 37
0 22
0 27
1 37
0 30
0 22
0 17
0 22
1 37
0 26
0 34
0 25
0 29
0 29
0 29
1 37
1 37
0 26
0 25
0 27
0 29
0 23
1 37
0 27
1 37
0 33
0 30
0 31
0 27
0 26
1 37
0 28
0 26
0 29
0 21
0 28
0 22
0 21
2 37
0 29
0 27
0 28
0 25
1 37
0 25
0 31
0 23
0 22
0 25
0 27
0 28
0 24
0 22
1 37
0 24
0 21
1 37
2 37
2 37
0 25
0 24
0 26
0 28
0 25
0 23
0 22
0 26
1 37
0 21
0 23
1 37
2 37
0 24
0 23
2 37
0 23
2 37
0 27
0 22
0 24
0 37
0 28
1 37
0 22
2 37
0 22
1 37
0 37
0 30
0 24
0 19
0 22
1 37
0 30
0 30
3 37
0 21
1 37
1 37
0 29
0 37
0 25
0 29
0 24
0 24
1 37
0 25
2 37
1 37
0 28
0 23
0 22
0 34
2 37
0 31
0 29
0 37
1 37
0 26
0 37
0 37
1 37
0 30
0 37
0 29
0 26
0 29
0 22
0 26
0 23
0 37
0 20
0 19
0 28
0 30
0 29
0 28
0 19
0 26
0 24
1 37
0 20
1 37
0 25
0 22
0 37
0 26
0 29
0 22
0 28
0 23
2 37
0 23
0 27
0 22
0 33
0 26
0 24
0 27
0 28
0 25
0 24
1 37
0 37
1 37
0 24
0 31
0 37
0 31
0 25
0 31
0 32
0 27
3 37
0 30
0 23
0 33
1 37
0 24
0 23
0 26
0 22
0 25
0 23
0 24
0 26
0 22
0 29
0 21
0 24
0 23
0 29
0 23
0 21
0 21
0 28
2 37
0 22
0 22
0 25
0 27
0 37
0 20
0 24
0 22
0 22
0 23
0 23
0 28
0 32
0 26
0 26
0 27
0 31
0 23
0 21
0 24
0 27
1 37
0 29
0 23
0 29
0 24
0 22
0 25
0 24
0 25
0 29
0 24
0 27
0 26
0 22
0 23
0 37
0 25
0 24
0 24
0 37
0 37
1 37
0 25
1 37
0 28
0 23
0 21
0 34
0 27
0 30
0 23
1 37
0 37
1 37
0 23
0 24
0 28
0 22
0 37
1 37
0 22
0 37
0 21
1 37
0 23
0 28
0 37
0 25
0 26
0 34
0 23
0 37
0 28
0 29
0 26
0 37
1 37
0 34
0 26
0 21
0 26
0 23
0 27
0 28
0 28
0 26
0 27
0 28
0 24
0 31
2 37
0 24
0 37
0 27
0 37
2 37
1 37
2 37
1 37
0 25
0 33
0 21
2 37
0 37
0 26
0 24
0 20
0 21
0 22
0 29
1 37
1 37
1 37
0 29
0 24
1 37
0 26
0 25
0 33
0 27
0 23
0 27
0 24
0 24
0 32
0 26
0 23
0 29
0 22
0 28
1 37
0 19
0 26
0 22
0 25
0 27
0 22
0 37
0 23
0 26
1 37
0 27
0 25
2 37
0 23
0 27
1 37
0 22
0 25
0 29
0 18
1 37
1 37
0 25
0 23
0 37
0 23
0 37
0 30
0 36
1 37
1 37
2 37
1 37
0 26
1 37
0 25
1 37
0 29
2 37
0 24
1 37
0 23
1 37
0 29
0 29
0 25
0 27
0 19
0 26
0 25
0 28
0 24
0 30
3 37
0 26
0 29
0 26
1 37
0 27
1 37
0 25
1 37
0 21
0 21
0 27
0 37
0 24
0 32
1 37
0 24
0 37
0 22
0 25
0 28
0 29
1 37
0 27
0 31
0 30
1 37
0 24
2 37
2 37
0 23
0 32
1 37
0 37
2 37
0 37
0 26
3 37
0 21
0 22
0 31
0 37
0 27
0 24
0 28
0 21
0 27
1 37
0 20
0 23
0 29
0 20
0 26
0 32
0 20
0 26
0 37
1 37
0 27
0 30
0 25
0 30
0 31
2 37
0 25
1 37
0 26
0 32
0 22
0 25
0 28
0 37
0 23
0 29
1 37
0 21
1 37
0 25
2 37
0 23
0 31
2 37
0 30
0 24
0 37
0 23
1 37
0 24
0 24
0 27
1 37
0 29
0 26
0 28
0 25
0 26
0 24
0 30
0 20
0 20
0 25
0 20
1 37
0 31
0 25
0 28
0 26
0 22
1 37
0 25
0 32
0 27
0 37
0 28
0 24
0 20
1 37
0 22
0 23
0 22
0 24
0 25
0 24
0 34
0 24
0 25
0 24
0 25
0 23
0 26
0 37
0 21
0 31
0 37
0 23
0 20
3 37
0 25
0 37
0 23
0 27
2 37
0 24
0 26
1 37
0 30
0 23
0 24
0 25
0 24
0 26
0 24
1 37
0 37
0 23
2 37
0 24
0 31
0 21
0 16
2 37
0 31
0 20
0 33
0 36
2 37
0 29
0 37
0 23
0 25
0 22
0 27
0 25
0 23
0 22
0 29
0 29
2 37
1 37
0 22
1 37
0 37
0 34
0 22
0 34
1 37
0 27
0 26
0 32
0 23
2 37
0 27
1 37
0 30
0 23
2 37
2 37
0 31
0 22
1 37
0 28
0 20
2 37
1 37
0 29
2 37
0 24
0 23
0 37
0 23
1 37
0 23
0 25
0 17
0 29
1 37
0 26
0 28
0 22
0 37
0 34
0 34
0 37
0 24
0 30
0 24
1 37
0 20
2 37
0 21
0 36
3 37
0 24
0 21
0 26
0 25
0 25
0 27
2 37
0 26
0 19
0 24
1 37
0 27
1 37
0 35
1 37
0 24
1 37
0 29
0 26
0 19
0 24
1 37
0 26
0 37
0 22
0 31
0 37
0 23
0 25
0 30
0 33
0 27
0 37
0 30
0 37
0 23
0 26
0 25
0 37
1 37
1 37
0 25
0 25
0 25
0 26
1 37
0 30
1 37
0 29
1 37
0 25
0 30
0 37
0 29
1 37
0 30
0 26
2 37
1 37
0 26
0 27
0 31
0 26
0 20
0 25
0 24
0 37
0 26
0 23
0 21
2 37
0 26
0 26
0 28
0 37
0 23
0 29
0 26
0 29
1 37
0 23
0 28
