100 100
80 131 73 78 100 90 161 77 74 160 71 72 75 76 79 88 61 69 66 105 144 65 148 70 63 68 67 64 111 62 68 64 69 61 62 99 86 70 67 66 63 67 86 65 136 44 20 51 12 14 19 16 13 33 76 17 85 18 11 15 47 29 20 14 19 105 15 84 13 12 16 11 20 18 17 98 100 97 94 96 113 92 159 99 137 170 95 116 91 93 90 88 135 81 163 85 84 83 97 89
60 67
22 54
51 83
66 70
8 36
4 41
51 90
2 22
68 90
77 96
11 57
11 99
70 98
36 50
36 94
22 63
8 52
8 39
1 11
52 84
10 48
8 72
47 66
27 72
30 38
11 32
37 70
54 68
8 87
28 37
8 32
52 58
17 56
63 64
35 79
11 37
25 72
22 71
13 18
86 87
65 67
45 60
2 89
46 65
31 51
85 99
23 46
73 76
9 33
30 88
13 29
8 39
63 91
40 54
17 61
31 77
91 97
76 83
6 42
73 99
66 98
35 72
4 68
14 57
77 87
6 64
22 38
39 75
54 97
19 61
59 66
68 74
77 82
30 57
1 16
95 99
22 71
57 85
74 82
52 53
8 48
50 56
27 76
2 29
19 55
26 26
47 87
69 96
6 9
44 88
83 98
7 43
18 75
37 85
32 93
63 68
34 74
67 88
45 88
1 20
