1000 1000
542 557 1211 559 553 541 562 558 570 545 666 560 554 551 555 549 547 544 543 567 546 569 548 556 564 550 550 561 1163 902 568 565 563 552 566 1451 374 364 383 368 373 387 389 386 684 369 371 1336 372 380 1159 375 390 362 384 377 363 818 376 388 381 366 378 361 663 370 385 382 367 365 379 513 523 538 512 514 536 820 1161 533 528 1414 518 535 519 530 525 1339 520 531 537 534 532 524 511 526 517 539 540 515 516 521 518 529 1099 527 522 236 214 754 218 215 240 237 213 233 231 221 232 217 718 239 211 224 251 222 230 211 294 216 235 219 212 238 227 715 234 225 229 228 220 223 226 13 8 6 23 513 289 24 22 49 29 472 28 16 17 433 19 25 9 15 1 14 27 30 10 3 12 2 20 18 5 11 4 7 21 26 67 75 87 84 61 86 85 83 68 84 245 66 64 78 63 76 77 774 73 90 70 607 81 89 62 74 69 82 648 984 79 88 72 71 80 65 435 450 427 430 440 429 439 498 510 434 422 789 448 424 444 445 433 426 432 428 857 438 443 425 442 423 437 436 431 1181 421 443 447 449 446 441 22 8 27 12 25 29 2 23 13 11 499 26 6 9 222 20 14 4 370 10 7 30 840 21 16 546 28 18 17 3 1 19 5 15 24 882 884 995 885 889 881 888 892 872 880 875 897 894 887 893 883 874 895 1266 890 886 879 871 877 878 876 899 891 873 900 1269 1004 1819 896 898 411 405 419 400 397 403 409 1338 413 391 412 392 401 407 412 831 406 415 395 418 394 404 398 420 1089 399 396 402 416 393 414 408 839 410 417 445 217 227 1148 762 461 211 226 231 218 221 216 220 218 557 236 215 213 233 240 214 237 219 235 239 228 222 234 232 224 212 225 238 223 230 229 794 473 468 469 472 459 474 471 810 461 1181 681 454 458 629 451 462 457 476 464 480 467 456 477 455 479 465 452 453 463 460 470 466 464 475 478 97 823 386 98 109 101 102 91 110 92 118 99 117 108 116 93 114 96 115 105 104 155 94 113 107 119 120 100 561 111 103 106 95 97 488 112 348 414 331 354 347 342 339 1063 340 357 349 336 352 335 355 341 345 356 334 350 332 338 337 1315 358 344 359 353 351 734 333 343 360 1227 346 20 2 25 21 131 13 8 9 17 575 29 364 26 4 23 22 18 7 16 30 184 5 3 15 10 27 1 24 27 11 12 28 14 6 19 919 261 252 270 364 268 241 244 978 242 255 243 258 1193 251 252 257 266 254 265 250 256 269 839 264 253 267 262 245 247 248 263 259 435 249 246 260 65 88 84 90 76 79 789 63 85 71 80 136 67 68 377 62 86 77 66 81 827 61 83 75 832 72 74 73 64 87 89 69 62 82 70 78 104 96 105 101 93 102 116 993 680 98 95 117 636 109 118 99 806 100 115 91 581 120 111 97 112 108 113 110 114 92 106 94 119 103 114 107 514 547 667 526 515 525 519 513 517 540 1382 520 536 529 524 534 539 531 516 512 847 538 530 537 521 553 532 527 514 535 522 528 511 518 523 533 184 185 183 202 205 203 192 206 201 197 188 194 680 1002 198 182 191 195 748 196 186 208 190 207 243 189 204 199 209 187 897 196 200 181 210 193 199 205 183 182 203 208 206 194 196 201 282 197 184 207 198 186 181 202 189 355 185 209 187 192 190 191 748 188 607 193 192 210 195 1160 200 204 198 543 202 191 209 197 199 195 181 189 295 182 200 207 190 186 190 188 194 208 184 191 243 586 187 192 204 183 201 196 193 185 206 203 205 210 1 26 4 974 21 15 14 7 8 386 627 29 6 11 23 22 30 24 27 17 3 174 2 5 19 12 25 13 16 666 20 9 28 10 18 124 636 126 148 132 144 141 134 368 137 149 139 121 133 122 150 130 145 140 146 136 129 143 125 147 142 131 128 123 127 164 135 950 138 611 85 90 77 703 89 82 75 74 71 62 65 1036 67 83 70 514 199 64 81 63 426 76 84 88 80 86 69 87 66 61 73 72 79 68 78 78 191 193 198 189 210 187 205 186 185 204 219 188 188 199 203 448 206 207 184 182 314 202 197 195 200 424 194 181 192 201 196 955 208 183 209 190 1080 115 102 110 114 92 182 93 116 97 109 104 101 119 108 95 96 94 91 977 118 113 103 107 785 105 117 98 106 111 684 112 106 99 120 100 516 1501 540 512 952 527 965 515 523 875 535 530 517 538 534 513 528 514 521 536 511 525 537 519 518 531 526 520 532 522 529 533 1004 539 524 8
6 28
421 498
568 597
326 708
181 520
285 323
275 322
444 551
263 412
118 476
55 726
504 951
667 707
285 561
498 892
785 909
396 541
316 382
390 535
477 484
816 926
878 969
333 525
379 412
77 184
500 591
532 654
572 599
508 589
711 798
511 616
592 695
14 125
659 805
312 314
367 832
959 964
673 730
292 388
397 527
102 154
371 486
15 916
843 896
53 457
350 903
494 577
694 785
124 996
880 923
491 621
353 429
803 929
20 45
187 360
371 475
401 550
612 882
627 653
304 404
14 608
976 978
100 454
115 560
210 222
564 761
876 984
414 647
173 332
262 408
287 429
374 505
348 754
653 788
314 438
80 769
352 625
137 452
806 827
357 500
736 885
86 554
5 11
441 554
378 410
661 688
644 737
529 570
106 448
4 824
155 763
275 375
385 505
398 541
223 400
412 535
683 827
57 82
513 951
333 693
616 832
568 675
118 197
298 431
855 870
63 835
240 589
302 381
835 927
59 356
263 306
445 851
249 621
619 760
355 562
79 538
190 300
166 177
85 179
537 565
521 720
548 795
65 174
192 247
276 550
524 713
859 899
645 740
101 825
304 366
464 618
479 845
564 654
103 290
715 793
268 394
590 674
30 174
159 751
53 170
91 213
533 670
578 902
326 401
369 405
541 579
171 279
315 984
481 542
36 55
61 868
442 588
836 937
359 947
673 712
957 959
398 418
227 551
46 107
224 265
465 562
725 841
332 430
5 76
241 335
489 502
643 751
708 800
444 567
209 602
388 493
527 703
462 632
646 736
550 771
178 734
569 814
361 841
299 842
614 701
880 923
127 700
438 777
49 615
344 445
673 738
191 269
837 975
546 853
779 867
574 940
424 516
711 819
193 880
555 625
256 394
417 464
94 734
449 578
736 912
633 672
252 920
798 885
173 778
6 528
518 573
107 223
583 687
732 846
470 714
811 857
620 654
497 616
48 192
788 899
813 880
127 939
885 984
49 400
582 604
92 153
837 890
422 972
906 913
879 968
159 240
89 132
733 816
453 515
106 143
865 907
937 973
92 111
779 887
400 522
316 460
303 318
365 545
635 667
553 893
561 646
235 978
113 527
135 749
155 447
671 710
802 806
30 108
858 877
280 879
863 949
504 509
822 935
595 732
788 867
605 629
718 751
878 982
689 824
819 878
492 577
898 937
619 647
403 766
63 101
822 920
284 794
181 971
462 562
8 846
561 660
586 587
302 306
15 693
92 125
731 881
449 460
575 606
411 510
189 697
149 580
279 348
494 499
81 699
442 803
738 746
82 204
48 576
384 461
140 422
170 552
689 726
599 752
140 453
322 387
117 479
110 199
791 930
655 950
22 853
243 324
201 658
195 273
575 593
284 372
785 990
58 173
848 991
595 957
363 508
412 634
44 149
391 509
109 644
505 762
117 243
398 434
785 849
885 950
48 147
479 584
122 688
721 776
288 950
350 897
110 380
501 984
404 500
43 934
351 489
410 537
841 952
78 879
618 699
568 684
845 998
32 757
554 596
508 642
592 787
354 615
170 217
175 261
245 973
939 959
176 953
418 922
182 696
208 482
676 891
281 473
915 937
75 192
238 537
626 861
586 803
303 430
170 187
335 428
796 895
563 643
9 414
767 806
496 661
724 821
720 765
323 445
560 585
18 540
939 996
12 604
440 458
695 775
908 950
163 856
420 907
395 767
641 788
533 669
521 654
325 429
298 490
399 822
756 874
281 317
30 162
224 642
83 142
365 655
105 514
353 439
51 427
401 538
311 992
202 664
197 885
243 323
224 294
19 356
147 168
273 763
2 2
505 603
510 640
116 884
48 163
671 682
259 347
808 919
362 446
321 375
105 136
372 460
152 367
765 795
216 284
662 808
841 948
192 462
339 481
105 220
598 702
599 738
229 277
58 126
191 250
408 522
160 292
771 839
245 335
611 616
107 223
11 230
950 967
149 335
738 778
829 881
906 966
453 607
85 184
696 868
407 864
362 443
40 752
874 938
765 901
56 209
357 484
232 837
5 398
608 914
554 554
226 305
835 886
169 492
699 848
355 908
505 533
258 281
659 959
398 528
405 556
177 228
825 920
453 594
490 619
153 293
255 264
171 403
601 963
98 820
294 601
549 654
712 939
246 259
116 606
295 418
273 398
717 750
228 299
425 709
37 831
306 458
913 937
414 506
250 571
856 890
246 499
807 863
107 185
166 169
69 770
455 563
12 782
847 882
583 643
495 567
452 457
351 474
460 851
888 1000
95 161
648 727
862 989
126 664
900 945
161 824
517 697
171 965
83 202
284 327
342 355
670 791
708 848
596 780
847 922
272 380
187 238
70 365
686 952
32 105
238 346
132 967
694 742
182 424
538 604
881 941
50 255
127 905
76 222
403 447
39 173
204 226
487 623
517 957
66 949
534 574
339 465
713 875
412 957
628 785
681 827
7 120
53 167
65 85
127 616
578 739
702 872
700 777
746 890
867 941
742 803
508 547
776 794
293 407
252 333
372 393
611 986
207 649
407 447
254 284
567 667
550 642
726 734
224 960
243 284
280 370
693 742
8 32
778 789
150 256
496 610
111 720
86 103
232 913
220 289
573 648
789 926
44 103
306 449
553 570
393 511
121 480
8 942
644 921
617 709
542 999
69 754
732 876
778 854
693 700
212 998
625 664
7 581
91 587
26 134
176 859
579 604
672 678
415 943
95 298
168 209
624 740
341 466
446 474
122 257
231 901
184 241
53 64
664 785
305 395
144 228
37 799
151 230
625 990
700 848
403 536
34 882
22 677
161 930
63 378
10 92
549 643
85 209
330 839
370 744
755 759
457 633
665 964
708 809
36 757
426 530
140 226
765 818
399 490
312 351
612 863
96 187
169 278
308 431
957 999
193 911
177 483
274 323
902 963
15 64
556 576
618 714
15 471
13 841
193 222
148 164
251 784
749 884
431 458
184 332
475 861
540 619
654 665
127 510
558 951
251 569
119 910
489 621
119 228
271 330
183 219
442 467
27 171
851 912
554 601
522 534
896 944
425 714
304 446
547 643
258 270
804 854
368 591
41 332
795 942
79 121
804 945
154 295
260 426
543 693
107 355
683 709
684 779
13 404
499 503
582 736
254 988
614 638
270 887
419 841
567 877
146 213
365 464
442 516
651 800
260 549
772 781
885 988
517 789
947 987
642 928
92 362
322 710
206 318
585 595
26 841
431 655
121 135
205 451
602 693
565 994
1 1000
598 602
901 983
7 32
76 843
515 634
711 834
876 894
227 965
93 941
695 765
722 741
101 977
879 963
291 440
644 777
404 822
710 820
241 345
470 509
386 528
338 897
285 398
191 972
368 418
752 780
44 955
415 424
216 255
593 691
191 288
57 507
802 868
143 187
122 139
582 669
236 334
619 707
88 992
310 799
443 999
437 534
951 981
134 373
169 414
824 921
701 816
228 422
467 587
645 671
704 758
133 259
186 790
366 401
633 790
509 583
21 46
2 146
135 631
585 684
481 512
194 406
39 761
727 869
591 637
720 724
117 245
105 748
97 230
684 834
136 145
150 162
775 796
793 936
950 997
288 448
385 521
70 992
406 558
500 571
226 516
765 793
235 678
208 546
446 515
606 705
301 449
226 696
701 732
574 689
697 800
719 772
454 458
225 441
236 281
112 849
485 585
225 282
52 192
512 581
7 76
86 145
107 151
499 519
240 258
828 909
23 88
728 742
524 677
738 847
690 769
506 579
619 875
197 453
628 823
457 733
471 483
163 743
629 682
494 622
55 151
600 811
36 38
598 726
364 470
283 702
865 914
668 787
586 812
348 697
330 346
636 747
588 748
807 961
828 862
245 946
137 821
279 431
673 759
278 296
46 149
35 108
659 744
15 64
813 902
480 669
481 733
263 343
848 949
14 102
552 675
320 990
594 712
237 681
127 967
309 939
344 994
959 971
201 535
557 994
891 930
180 285
535 685
689 822
809 854
401 541
3 56
315 389
263 829
276 951
698 957
104 963
437 934
241 609
743 823
450 545
584 929
419 522
703 811
55 92
494 622
530 673
478 561
151 909
177 844
295 672
257 838
507 728
69 190
770 854
291 309
156 904
327 578
27 750
556 604
307 307
800 811
373 509
191 219
497 823
163 499
85 446
68 752
399 803
520 562
516 815
935 995
496 555
256 413
60 102
485 950
312 462
72 431
801 817
145 270
865 926
434 543
229 916
306 831
258 376
922 959
306 477
123 893
211 634
226 434
164 524
698 811
665 685
468 602
728 859
306 520
93 205
755 828
483 870
878 990
52 352
592 598
399 478
439 722
898 966
326 898
381 427
45 231
99 194
738 888
40 708
789 936
369 973
738 785
184 425
142 891
461 521
221 231
871 925
862 882
506 549
105 546
638 788
80 402
263 468
552 868
740 820
553 707
73 214
279 993
505 569
219 899
52 193
903 931
290 913
153 261
136 584
337 440
365 700
114 171
267 420
774 893
504 544
117 396
600 601
432 605
705 758
495 993
