1000 1000000000 999
902902902 816816817
709709709 65065066
516516516 314314315
323323323 563563564
130130130 812812813
937937937 61061062
744744744 310310311
551551551 559559560
358358358 808808809
165165165 57057058
972972972 306306307
779779779 555555556
586586586 804804805
393393393 53053054
200200200 302302303
7007007 551551552
814814814 800800801
621621621 49049050
428428428 298298299
235235235 547547548
42042042 796796797
849849849 45045046
656656656 294294295
463463463 543543544
270270270 792792793
77077077 41041042
884884884 290290291
691691691 539539540
498498498 788788789
305305305 37037038
112112112 286286287
919919919 535535536
726726726 784784785
533533533 33033034
340340340 282282283
147147147 531531532
954954954 780780781
761761761 29029030
568568568 278278279
375375375 527527528
182182182 776776777
989989989 25025026
796796796 274274275
603603603 523523524
410410410 772772773
217217217 21021022
24024024 270270271
831831831 519519520
638638638 768768769
445445445 17017018
252252252 266266267
59059059 515515516
866866866 764764765
673673673 13013014
480480480 262262263
287287287 511511512
94094094 760760761
901901901 9009010
708708708 258258259
515515515 507507508
322322322 756756757
129129129 5005006
936936936 254254255
743743743 503503504
550550550 752752753
357357357 1001002
164164164 250250251
971971971 499499500
778778778 748748749
585585585 997997998
392392392 246246247
199199199 495495496
6006006 744744745
813813813 993993994
620620620 242242243
427427427 491491492
234234234 740740741
41041041 989989990
848848848 238238239
655655655 487487488
462462462 736736737
269269269 985985986
76076076 234234235
883883883 483483484
690690690 732732733
497497497 981981982
304304304 230230231
111111111 479479480
918918918 728728729
725725725 977977978
532532532 226226227
339339339 475475476
146146146 724724725
953953953 973973974
760760760 222222223
567567567 471471472
374374374 720720721
181181181 969969970
988988988 218218219
795795795 467467468
602602602 716716717
409409409 965965966
216216216 214214215
23023023 463463464
830830830 712712713
637637637 961961962
444444444 210210211
251251251 459459460
58058058 708708709
865865865 957957958
672672672 206206207
479479479 455455456
286286286 704704705
93093093 953953954
900900900 202202203
707707707 451451452
514514514 700700701
321321321 949949950
128128128 198198199
935935935 447447448
742742742 696696697
549549549 945945946
356356356 194194195
163163163 443443444
970970970 692692693
777777777 941941942
584584584 190190191
391391391 439439440
198198198 688688689
5005005 937937938
812812812 186186187
619619619 435435436
426426426 684684685
233233233 933933934
40040040 182182183
847847847 431431432
654654654 680680681
461461461 929929930
268268268 178178179
75075075 427427428
882882882 676676677
689689689 925925926
496496496 174174175
303303303 423423424
110110110 672672673
917917917 921921922
724724724 170170171
531531531 419419420
338338338 668668669
145145145 917917918
952952952 166166167
759759759 415415416
566566566 664664665
373373373 913913914
180180180 162162163
987987987 411411412
794794794 660660661
601601601 909909910
408408408 158158159
215215215 407407408
22022022 656656657
829829829 905905906
636636636 154154155
443443443 403403404
250250250 652652653
57057057 901901902
864864864 150150151
671671671 399399400
478478478 648648649
285285285 897897898
92092092 146146147
899899899 395395396
706706706 644644645
513513513 893893894
320320320 142142143
127127127 391391392
934934934 640640641
741741741 889889890
548548548 138138139
355355355 387387388
162162162 636636637
969969969 885885886
776776776 134134135
583583583 383383384
390390390 632632633
197197197 881881882
4004004 130130131
811811811 379379380
618618618 628628629
425425425 877877878
232232232 126126127
39039039 375375376
846846846 624624625
653653653 873873874
460460460 122122123
267267267 371371372
74074074 620620621
881881881 869869870
688688688 118118119
495495495 367367368
302302302 616616617
109109109 865865866
916916916 114114115
723723723 363363364
530530530 612612613
337337337 861861862
144144144 110110111
951951951 359359360
758758758 608608609
565565565 857857858
372372372 106106107
179179179 355355356
986986986 604604605
793793793 853853854
600600600 102102103
407407407 351351352
214214214 600600601
21021021 849849850
828828828 98098099
635635635 347347348
442442442 596596597
249249249 845845846
56056056 94094095
863863863 343343344
670670670 592592593
477477477 841841842
284284284 90090091
91091091 339339340
898898898 588588589
705705705 837837838
512512512 86086087
319319319 335335336
126126126 584584585
933933933 833833834
740740740 82082083
547547547 331331332
354354354 580580581
161161161 829829830
968968968 78078079
775775775 327327328
582582582 576576577
389389389 825825826
196196196 74074075
3003003 323323324
810810810 572572573
617617617 821821822
424424424 70070071
231231231 319319320
38038038 568568569
845845845 817817818
652652652 66066067
459459459 315315316
266266266 564564565
73073073 813813814
880880880 62062063
687687687 311311312
494494494 560560561
301301301 809809810
108108108 58058059
915915915 307307308
722722722 556556557
529529529 805805806
336336336 54054055
143143143 303303304
950950950 552552553
757757757 801801802
564564564 50050051
371371371 299299300
178178178 548548549
985985985 797797798
792792792 46046047
599599599 295295296
406406406 544544545
213213213 793793794
20020020 42042043
827827827 291291292
634634634 540540541
441441441 789789790
248248248 38038039
55055055 287287288
862862862 536536537
669669669 785785786
476476476 34034035
283283283 283283284
90090090 532532533
897897897 781781782
704704704 30030031
511511511 279279280
318318318 528528529
125125125 777777778
932932932 26026027
739739739 275275276
546546546 524524525
353353353 773773774
160160160 22022023
967967967 271271272
774774774 520520521
581581581 769769770
388388388 18018019
195195195 267267268
2002002 516516517
809809809 765765766
616616616 14014015
423423423 263263264
230230230 512512513
37037037 761761762
844844844 10010011
651651651 259259260
458458458 508508509
265265265 757757758
72072072 6006007
879879879 255255256
686686686 504504505
493493493 753753754
300300300 2002003
107107107 251251252
914914914 500500501
721721721 749749750
528528528 998998999
335335335 247247248
142142142 496496497
949949949 745745746
756756756 994994995
563563563 243243244
370370370 492492493
177177177 741741742
984984984 990990991
791791791 239239240
598598598 488488489
405405405 737737738
212212212 986986987
19019019 235235236
826826826 484484485
633633633 733733734
440440440 982982983
247247247 231231232
54054054 480480481
861861861 729729730
668668668 978978979
475475475 227227228
282282282 476476477
89089089 725725726
896896896 974974975
703703703 223223224
510510510 472472473
317317317 721721722
124124124 970970971
931931931 219219220
738738738 468468469
545545545 717717718
352352352 966966967
159159159 215215216
966966966 464464465
773773773 713713714
580580580 962962963
387387387 211211212
194194194 460460461
1001001 709709710
808808808 958958959
615615615 207207208
422422422 456456457
229229229 705705706
36036036 954954955
843843843 203203204
650650650 452452453
457457457 701701702
264264264 950950951
71071071 199199200
878878878 448448449
685685685 697697698
492492492 946946947
299299299 195195196
106106106 444444445
913913913 693693694
720720720 942942943
527527527 191191192
334334334 440440441
141141141 689689690
948948948 938938939
755755755 187187188
562562562 436436437
369369369 685685686
176176176 934934935
983983983 183183184
790790790 432432433
597597597 681681682
404404404 930930931
211211211 179179180
18018018 428428429
825825825 677677678
632632632 926926927
439439439 175175176
246246246 424424425
53053053 673673674
860860860 922922923
667667667 171171172
474474474 420420421
281281281 669669670
88088088 918918919
895895895 167167168
702702702 416416417
509509509 665665666
316316316 914914915
123123123 163163164
930930930 412412413
737737737 661661662
544544544 910910911
351351351 159159160
158158158 408408409
965965965 657657658
772772772 906906907
579579579 155155156
386386386 404404405
193193193 653653654
0 902902903
807807807 151151152
614614614 400400401
421421421 649649650
228228228 898898899
35035035 147147148
842842842 396396397
649649649 645645646
456456456 894894895
263263263 143143144
70070070 392392393
877877877 641641642
684684684 890890891
491491491 139139140
298298298 388388389
105105105 637637638
912912912 886886887
719719719 135135136
526526526 384384385
333333333 633633634
140140140 882882883
947947947 131131132
754754754 380380381
561561561 629629630
368368368 878878879
175175175 127127128
982982982 376376377
789789789 625625626
596596596 874874875
403403403 123123124
210210210 372372373
17017017 621621622
824824824 870870871
631631631 119119120
438438438 368368369
245245245 617617618
52052052 866866867
859859859 115115116
666666666 364364365
473473473 613613614
280280280 862862863
87087087 111111112
894894894 360360361
701701701 609609610
508508508 858858859
315315315 107107108
122122122 356356357
929929929 605605606
736736736 854854855
543543543 103103104
350350350 352352353
157157157 601601602
964964964 850850851
771771771 99099100
578578578 348348349
385385385 597597598
192192192 846846847
1000000000 95095096
806806806 344344345
613613613 593593594
420420420 842842843
227227227 91091092
34034034 340340341
841841841 589589590
648648648 838838839
455455455 87087088
262262262 336336337
69069069 585585586
876876876 834834835
683683683 83083084
490490490 332332333
297297297 581581582
104104104 830830831
911911911 79079080
718718718 328328329
525525525 577577578
332332332 826826827
139139139 75075076
946946946 324324325
753753753 573573574
560560560 822822823
367367367 71071072
174174174 320320321
981981981 569569570
788788788 818818819
595595595 67067068
402402402 316316317
209209209 565565566
16016016 814814815
823823823 63063064
630630630 312312313
437437437 561561562
244244244 810810811
51051051 59059060
858858858 308308309
665665665 557557558
472472472 806806807
279279279 55055056
86086086 304304305
893893893 553553554
700700700 802802803
507507507 51051052
314314314 300300301
121121121 549549550
928928928 798798799
735735735 47047048
542542542 296296297
349349349 545545546
156156156 794794795
963963963 43043044
770770770 292292293
577577577 541541542
384384384 790790791
191191191 39039040
998998998 288288289
805805805 537537538
612612612 786786787
419419419 35035036
226226226 284284285
33033033 533533534
840840840 782782783
647647647 31031032
454454454 280280281
261261261 529529530
68068068 778778779
875875875 27027028
682682682 276276277
489489489 525525526
296296296 774774775
103103103 23023024
910910910 272272273
717717717 521521522
524524524 770770771
331331331 19019020
138138138 268268269
945945945 517517518
752752752 766766767
559559559 15015016
366366366 264264265
173173173 513513514
980980980 762762763
787787787 11011012
594594594 260260261
401401401 509509510
208208208 758758759
15015015 7007008
822822822 256256257
629629629 505505506
436436436 754754755
243243243 3003004
50050050 252252253
857857857 501501502
664664664 750750751
471471471 1000000000
278278278 248248249
85085085 497497498
892892892 746746747
699699699 995995996
506506506 244244245
313313313 493493494
120120120 742742743
927927927 991991992
734734734 240240241
541541541 489489490
348348348 738738739
155155155 987987988
962962962 236236237
769769769 485485486
576576576 734734735
383383383 983983984
190190190 232232233
997997997 481481482
804804804 730730731
611611611 979979980
418418418 228228229
225225225 477477478
32032032 726726727
839839839 975975976
646646646 224224225
453453453 473473474
260260260 722722723
67067067 971971972
874874874 220220221
681681681 469469470
488488488 718718719
295295295 967967968
102102102 216216217
909909909 465465466
716716716 714714715
523523523 963963964
330330330 212212213
137137137 461461462
944944944 710710711
751751751 959959960
558558558 208208209
365365365 457457458
172172172 706706707
979979979 955955956
786786786 204204205
593593593 453453454
400400400 702702703
207207207 951951952
14014014 200200201
821821821 449449450
628628628 698698699
435435435 947947948
242242242 196196197
49049049 445445446
856856856 694694695
663663663 943943944
470470470 192192193
277277277 441441442
84084084 690690691
891891891 939939940
698698698 188188189
505505505 437437438
312312312 686686687
119119119 935935936
926926926 184184185
733733733 433433434
540540540 682682683
347347347 931931932
154154154 180180181
961961961 429429430
768768768 678678679
575575575 927927928
382382382 176176177
189189189 425425426
996996996 674674675
803803803 923923924
610610610 172172173
417417417 421421422
224224224 670670671
31031031 919919920
838838838 168168169
645645645 417417418
452452452 666666667
259259259 915915916
66066066 164164165
873873873 413413414
680680680 662662663
487487487 911911912
294294294 160160161
101101101 409409410
908908908 658658659
715715715 907907908
522522522 156156157
329329329 405405406
136136136 654654655
943943943 903903904
750750750 152152153
557557557 401401402
364364364 650650651
171171171 899899900
978978978 148148149
785785785 397397398
592592592 646646647
399399399 895895896
206206206 144144145
13013013 393393394
820820820 642642643
627627627 891891892
434434434 140140141
241241241 389389390
48048048 638638639
855855855 887887888
662662662 136136137
469469469 385385386
276276276 634634635
83083083 883883884
890890890 132132133
697697697 381381382
504504504 630630631
311311311 879879880
118118118 128128129
925925925 377377378
732732732 626626627
539539539 875875876
346346346 124124125
153153153 373373374
960960960 622622623
767767767 871871872
574574574 120120121
381381381 369369370
188188188 618618619
995995995 867867868
802802802 116116117
609609609 365365366
416416416 614614615
223223223 863863864
30030030 112112113
837837837 361361362
644644644 610610611
451451451 859859860
258258258 108108109
65065065 357357358
872872872 606606607
679679679 855855856
486486486 104104105
293293293 353353354
100100100 602602603
907907907 851851852
714714714 100100101
521521521 349349350
328328328 598598599
135135135 847847848
942942942 96096097
749749749 345345346
556556556 594594595
363363363 843843844
170170170 92092093
977977977 341341342
784784784 590590591
591591591 839839840
398398398 88088089
205205205 337337338
12012012 586586587
819819819 835835836
626626626 84084085
433433433 333333334
240240240 582582583
47047047 831831832
854854854 80080081
661661661 329329330
468468468 578578579
275275275 827827828
82082082 76076077
889889889 325325326
696696696 574574575
503503503 823823824
310310310 72072073
117117117 321321322
924924924 570570571
731731731 819819820
538538538 68068069
345345345 317317318
152152152 566566567
959959959 815815816
766766766 64064065
573573573 313313314
380380380 562562563
187187187 811811812
994994994 60060061
801801801 309309310
608608608 558558559
415415415 807807808
222222222 56056057
29029029 305305306
836836836 554554555
643643643 803803804
450450450 52052053
257257257 301301302
64064064 550550551
871871871 799799800
678678678 48048049
485485485 297297298
292292292 546546547
99099099 795795796
906906906 44044045
713713713 293293294
520520520 542542543
327327327 791791792
134134134 40040041
941941941 289289290
748748748 538538539
555555555 787787788
362362362 36036037
169169169 285285286
976976976 534534535
783783783 783783784
590590590 32032033
397397397 281281282
204204204 530530531
11011011 779779780
818818818 28028029
625625625 277277278
432432432 526526527
239239239 775775776
46046046 24024025
853853853 273273274
660660660 522522523
467467467 771771772
274274274 20020021
81081081 269269270
888888888 518518519
695695695 767767768
502502502 16016017
309309309 265265266
116116116 514514515
923923923 763763764
730730730 12012013
537537537 261261262
344344344 510510511
151151151 759759760
958958958 8008009
765765765 257257258
572572572 506506507
379379379 755755756
186186186 4004005
993993993 253253254
800800800 502502503
607607607 751751752
414414414 1
221221221 249249250
28028028 498498499
835835835 747747748
642642642 996996997
449449449 245245246
256256256 494494495
63063063 743743744
870870870 992992993
677677677 241241242
484484484 490490491
291291291 739739740
98098098 988988989
905905905 237237238
712712712 486486487
519519519 735735736
326326326 984984985
133133133 233233234
940940940 482482483
747747747 731731732
554554554 980980981
361361361 229229230
168168168 478478479
975975975 727727728
782782782 976976977
589589589 225225226
396396396 474474475
203203203 723723724
10010010 972972973
817817817 221221222
624624624 470470471
431431431 719719720
238238238 968968969
45045045 217217218
852852852 466466467
659659659 715715716
466466466 964964965
273273273 213213214
80080080 462462463
887887887 711711712
694694694 960960961
501501501 209209210
308308308 458458459
115115115 707707708
922922922 956956957
729729729 205205206
536536536 454454455
343343343 703703704
150150150 952952953
957957957 201201202
764764764 450450451
571571571 699699700
378378378 948948949
185185185 197197198
992992992 446446447
799799799 695695696
606606606 944944945
413413413 193193194
220220220 442442443
27027027 691691692
834834834 940940941
641641641 189189190
448448448 438438439
255255255 687687688
62062062 936936937
869869869 185185186
676676676 434434435
483483483 683683684
290290290 932932933
97097097 181181182
904904904 430430431
711711711 679679680
518518518 928928929
325325325 177177178
132132132 426426427
939939939 675675676
746746746 924924925
553553553 173173174
360360360 422422423
167167167 671671672
974974974 920920921
781781781 169169170
588588588 418418419
395395395 667667668
202202202 916916917
9009009 165165166
816816816 414414415
623623623 663663664
430430430 912912913
237237237 161161162
44044044 410410411
851851851 659659660
658658658 908908909
465465465 157157158
272272272 406406407
79079079 655655656
886886886 904904905
693693693 153153154
500500500 402402403
307307307 651651652
114114114 900900901
921921921 149149150
728728728 398398399
535535535 647647648
342342342 896896897
149149149 145145146
956956956 394394395
763763763 643643644
570570570 892892893
377377377 141141142
184184184 390390391
991991991 639639640
798798798 888888889
605605605 137137138
412412412 386386387
219219219 635635636
26026026 884884885
833833833 133133134
640640640 382382383
447447447 631631632
254254254 880880881
61061061 129129130
868868868 378378379
675675675 627627628
482482482 876876877
289289289 125125126
96096096 374374375
903903903 623623624
710710710 872872873
517517517 121121122
324324324 370370371
131131131 619619620
938938938 868868869
745745745 117117118
552552552 366366367
359359359 615615616
166166166 864864865
973973973 113113114
780780780 362362363
587587587 611611612
394394394 860860861
201201201 109109110
8008008 358358359
815815815 607607608
622622622 856856857
429429429 105105106
236236236 354354355
43043043 603603604
850850850 852852853
657657657 101101102
464464464 350350351
271271271 599599600
78078078 848848849
885885885 97097098
692692692 346346347
499499499 595595596
306306306 844844845
113113113 93093094
920920920 342342343
727727727 591591592
534534534 840840841
341341341 89089090
148148148 338338339
955955955 587587588
762762762 836836837
569569569 85085086
376376376 334334335
183183183 583583584
990990990 832832833
797797797 81081082
604604604 330330331
411411411 579579580
218218218 828828829
25025025 77077078
832832832 326326327
639639639 575575576
446446446 824824825
253253253 73073074
60060060 322322323
867867867 571571572
674674674 820820821
481481481 69069070
288288288 318318319
95095095 567567568
1000
0 0
0 1000000000
1000000000 0
1000000000 1000000000
500000000 0
500000000 1000000000
0 0
1000000000 902902903
500000000 451451451
0 500500500
1000000000 402402403
500000000 451451451
0 1000000000
1000000000 95095096
500000000 547547548
955501288 818562370
0 541541541
976819026 542721734
344324491 513459479
587965292 531394196
7034621 322161829
333333333 949282615
89315700 662727799
745162129 462197292
828231188 706087033
354300687 78869581
500000000 363363363
755389519 241908736
193274110 442818958
920109838 965050303
744423524 749202710
500000000 683683683
48180900 919593165
379960180 530431295
865492584 460209574
709926107 923282145
333333333 655989322
220494342 725839121
576940601 612089223
829274878 869360154
721285597 361748412
0 766766766
699372619 573604975
286078423 325600887
825659548 841573043
841358486 635606341
1000000000 198198199
258287951 458624384
309205557 433720231
596803622 440916724
741056834 609526570
1000000000 556556557
146812818 493315643
350168317 58772573
364401687 612360404
291641847 1415281
500000000 799799799
992214504 320829472
102150708 813383208
843522133 594727083
587244660 199523176
500000000 483483483
649310732 344068546
393955396 441936064
940715808 635357965
897312500 134012756
0 923923923
716908465 235765231
407821214 582381259
597845349 32574782
767819152 218254901
500000000 839839839
940696566 247587092
720105505 163561570
76818537 131389739
921865675 968733971
333333333 504504504
513312054 382050846
398829814 605319131
507762251 508010115
498642920 472288675
0 802802802
28037330 932296833
868589490 505011530
754020860 590678699
143380730 448456190
0 555555555
605348383 760600149
172668157 438882246
437830812 127169513
885432488 18301053
333333333 249249249
951730127 965801794
989482175 160399889
458455377 619394635
108111012 674471863
333333333 583583583
406740546 515247477
381006406 496989247
928065239 638555652
383564258 708966970
500000000 491491491
484224957 543778351
823947808 221699477
994934089 528170506
289373165 213049475
333333333 264264264
281299209 93476942
367320423 474314813
468166069 416160808
700397405 918433469
0 903903903
777125448 393642604
287055920 458230795
956101632 302463146
650004978 399865489
0 470470470
832872652 204773977
595531243 673004060
865198342 300073597
727814479 867608852
333333333 301301301
567070337 493140089
455551083 269759703
991554445 526753187
24118421 61352734
1000000000 49049050
902663188 439632427
339417905 736642430
848077337 364179475
691364211 55226951
0 180180180
255068350 475576481
98154293 440180079
184790105 559474136
275638048 40759894
1000000000 917917918
635324051 317757394
678543015 601665762
7203016 10133804
342364110 620887826
500000000 319319319
206689288 423746190
664412944 558755994
478883525 278349224
157195759 383321981
500000000 291291291
680436666 353876143
111564101 675165164
611367727 593264289
633710339 285052245
500000000 655655655
366570287 563348534
139378906 310854955
320512653 280562626
270829753 794131465
1000000000 647647648
597297611 442188118
320307473 50910616
391763736 427757207
990217742 295343867
0 8008008
503577819 424175518
306323494 169652012
479804746 361418655
860411207 454169313
333333333 644978311
847507610 460072897
176968903 944770313
354922027 767975284
480628419 869692031
0 212212212
146851235 219511574
57199560 807199479
196786690 571937708
103428587 124497273
500000000 247247247
580754046 691767172
949222265 141044116
347922110 146555912
346005664 377351430
333333333 881881881
135406351 764248635
478853472 442228954
479100994 667429250
871818284 150111267
1000000000 934934935
191592651 548126104
30652587 778832228
876674067 239901722
759036509 134427186
500000000 719719719
975936003 591302601
138742384 146758515
775437012 396448890
943650149 518938467
0 110110110
634717490 76340467
334259765 204069173
297456308 340046570
494379593 782233089
333333333 719386052
269198553 867719995
443258967 695783078
870232595 678066899
521866473 336123014
1000000000 805805806
921955751 674659156
91011860 149424144
483244408 530613642
616136289 737722225
333333333 136136136
3914574 898406606
108529918 318715433
312808980 490663245
176225096 163870539
1000000000 370370371
971084250 715450396
222214333 713715133
228805153 713210485
613580872 536720917
1000000000 334334335
574516452 449917515
525910185 569318715
969381770 474413764
465438739 778107490
0 301301301
365367722 444376103
714520643 201617993
651234428 303179782
33590506 711071365
0 427427427
910617996 408498503
671312788 185790973
805451651 687601011
739535344 131105671
333333333 553553553
917449103 752665002
353328595 491435902
908754959 544829651
522530355 515861560
333333333 189522856
778853769 247858126
835593021 790481945
237314730 307546430
241099965 107056232
500000000 599599599
416560058 401571010
94024943 142545038
376553534 759763107
396823180 89595434
333333333 689689689
613553050 497145472
288239147 619853759
676261497 149198963
134237298 578638060
333333333 392058725
499807503 639527109
510480795 404508144
912292822 743200383
467168610 122864042
0 992992992
57371631 61650721
959939482 71986602
484227415 89322793
318764375 338272743
500000000 687687687
171042545 307146549
490541669 465954368
161911557 870909425
204243380 431282357
500000000 591591591
255119116 872521074
870196124 875656065
930269251 301858229
525430560 242005564
333333333 128795462
393207814 512366705
629599641 271299999
950867560 70584576
642452220 242689047
1000000000 691691692
647520598 551266174
454807899 368564657
280336478 893214773
927164364 459765082
333333333 674341007
640170024 563550163
447599304 486683365
740689487 808451130
786436739 612884470
1000000000 775775776
862144987 243733425
528784005 438688349
579905728 328607098
194764425 419466841
0 516516516
890612280 831583416
61894622 637120460
542113260 376811701
651690247 341916041
1000000000 357357358
882653034 354252227
351806917 751737176
440013019 570086936
907474809 703725901
500000000 415415415
93193121 932765649
38495673 514266428
767408552 789873170
166176950 739154136
1000000000 301301302
437394154 735796764
168125443 634463058
886794548 87898964
988441341 350252551
500000000 847847847
315752214 283004422
275882136 756618967
939653955 57886418
286258234 24872991
500000000 487487487
97058543 374191955
818044005 388476400
847148500 606891362
46050163 664336379
500000000 227227227
434132736 415368072
640042319 675219255
165712535 934838128
502895844 831267186
1000000000 261261262
266983464 488576925
911203527 354684918
584737370 509201968
587546225 770936794
0 397397397
859774680 809555609
907577001 172557238
328231882 167589617
986548325 465740472
500000000 447447447
272423598 634531476
81034313 133523119
306836995 432865323
844018711 969476320
1000000000 390390391
912267062 127249922
27422612 462651075
638405996 842596274
879639147 724207627
0 862862862
180106940 821660814
505259480 759833464
619267412 781285753
954129139 26524159
333333333 343009676
772261168 605180989
891975416 837158245
89113863 900085935
218982339 746958006
0 628628628
29547425 87796936
948649405 236100480
920317048 112822043
97985659 14917984
1000000000 446446447
657753211 550930674
495067817 287504519
436146890 555267517
552927819 862804248
500000000 351351351
586791691 10315984
975065295 150604898
173805667 197497335
931491319 598607922
1000000000 7007008
793885235 519286736
371871354 383439462
380097996 215455259
360796983 555959914
0 194194194
837632339 838117232
95528499 259662096
825118453 518060242
808986343 479814934
333333333 291291291
386477452 491618494
573506051 729364461
496026986 59202231
453172427 296569823
333333333 399065732
325822117 886529654
726556709 116490841
636539599 484291324
431749383 73047825
1000000000 209209210
367636518 682856713
250621468 898771990
197564305 554088576
2231275 304595506
0 858858858
135326949 233512298
461005828 427686429
365661055 155396743
718260901 102034603
0 445445445
110191726 702862297
746303994 297209661
333783027 599096117
540713136 863915054
0 160160160
86798884 596021060
366875069 632158404
997157389 729269365
954796329 503063355
333333333 422756089
626111491 374410834
846215027 837983018
796365899 928383267
139850043 131752423
1000000000 341341342
641861355 192489772
500553544 871889601
44229712 417594512
812927720 290011990
333333333 219552886
818092232 222355192
18431563 817134814
670348285 225370648
393153508 549400867
500000000 571571571
196905014 713792769
979831016 93836818
828655903 577805325
311046275 227246331
333333333 663663663
221030822 520782996
768025769 447030296
24964555 586279615
927112640 738275891
333333333 712379045
121656451 780432703
349740657 971577800
532743987 752024443
182788990 431029257
1000000000 961961962
128484135 763416719
441172781 492197621
220122316 802646440
838572960 405949396
500000000 539539539
306057392 708507659
682695129 678966303
377580941 671033770
576879819 971003659
333333333 791458124
180570846 822711845
235647128 446089617
976185706 250108224
987094207 479740256
0 588588588
709811587 404820535
753994284 318791123
23873226 647467182
935624790 604859152
0 233233233
305228396 236004746
859026532 548688684
586597159 147180242
426032706 537037195
1000000000 460460461
62491277 479602212
409485045 492226076
47287735 713710879
36570851 157340611
333333333 690690690
184248275 740552912
548040360 536365700
774989782 687480205
510394395 774947860
1000000000 847847848
896078972 73324216
404067553 552064718
180046255 334843927
425407008 585531034
333333333 283616950
41253495 104397557
509156879 490816318
689367791 869577043
809123666 889973942
0 899899899
710914229 615237632
808787893 586312982
276307218 564297642
559751871 204496291
500000000 295295295
272331106 973437491
168417867 500109525
257220779 272521560
582527875 879314934
500000000 531531531
741095076 237780617
154765753 918154662
413089432 224967406
163396319 71945901
1000000000 824824825
757949994 692420118
270061719 462925890
687872840 338915446
585628678 897163406
0 15015015
987447303 718006435
304602559 596720542
384484850 242721751
828310960 116450662
500000000 931931931
480147362 541120325
508711748 531723380
530470603 591985169
882389280 379825737
0 148148148
724721429 703478550
116823902 503822375
962598634 321876953
743348740 303523140
500000000 487487487
46949512 154065428
850485928 432255579
993734097 634938055
811593678 846788981
333333333 267600934
275204084 299094809
34955578 98966092
62343481 566873846
398844889 55465994
0 588588588
90060132 840114257
136461066 758231196
464887396 235173459
873914888 950004182
1000000000 628628629
181519276 721047578
282470626 784561949
295765891 748021984
785494812 13488535
0 907907907
255901963 99728671
184408650 707988649
643148696 341124216
969834193 185737390
1000000000 960960961
67001432 717660847
439850411 508831912
952256788 64012044
952020111 395885607
500000000 743743743
383253521 519814547
947925009 440982080
300162652 667992847
938203607 89322861
0 782782782
809139315 438944182
174590205 643021715
872364334 391396750
38990649 648915579
333333333 312979646
942501460 686195981
147886719 196407648
588931784 533402900
292653796 484110709
1000000000 810810811
507662561 818699966
740802110 218108071
586815655 238029090
262641186 21797190
333333333 515849182
484188830 424056504
774884993 376210799
238427258 226629879
937617829 667459796
0 153153153
716445475 562817983
674171890 715787227
99290318 393854887
215402255 852901773
500000000 211211211
869145023 907267875
925740217 332640183
9093218 642805466
225806540 165052565
333333333 263596930
777307014 877809089
347568369 528174677
100123828 951120410
979734612 40394884
333333333 433433433
621882177 756011099
790672035 197036552
648722883 524621297
767150617 840648160
333333333 633967300
330129387 396954442
219532631 387059900
953685339 369139013
326739113 253503892
0 229229229
438481325 655417059
601057808 283730273
619968556 237317821
161739963 733292405
0 620620620
15932565 863147108
354777782 424566569
843918082 320504616
396620732 649604199
500000000 131131131
858110125 786488869
935550078 821099422
557777000 851967521
474146636 453613055
0 514514514
978675708 593072323
131504109 150598986
847765502 492165401
104476987 39348291
333333333 554888221
899527683 517976545
386593509 378819752
228895572 800046957
612310091 60064799
0 353353353
985701276 265553350
864346325 876667836
175832045 254745265
461185137 189169697
0 942942942
607250289 614411635
433131021 667205296
789013926 279604151
223646785 363944957
1000000000 55055056
971434590 528440850
735720819 452221009
487735347 284758239
108866371 249019176
333333333 672005338
317070308 356183838
758096139 427816430
236634589 730438538
665723872 864161716
333333333 426426426
836462247 372863059
319566979 397445563
245654566 236579593
362114468 376950330
0 654654654
839793074 712058258
55646366 252614279
422448350 227358101
248691004 644360073
1000000000 114114115
596110646 763855826
433249443 108567011
287036450 567956736
643845542 961927215
1000000000 972972973
512583989 382724941
186470377 179385129
895148210 951528877
839484255 584170314
333333333 385385385
878051716 922899931
561603969 191931178
640440862 616303120
840380045 391861799
0 125125125
243401115 302278474
185602920 465102520
315993706 421068577
708560163 584419638
0 912912912
274405107 515402228
121839352 949061607
281996462 485780974
905965094 160993754
500000000 127127127
556983942 218089536
329685384 193850480
844268263 561919496
811606919 450475106
1000000000 81081082
209271495 625230551
298604642 727895336
397820473 478426634
729043716 247752126
333333333 448114781
164423738 329660922
877518872 233192890
983795881 645830969
56474 110814130
333333333 870203536
63125955 63897288
276447478 768846761
631550898 139460299
50333939 300891343
500000000 791791791
670102920 501109478
489111929 445311248
251202324 338304639
150510379 338335923
1000000000 453453454
182066332 816860124
690754948 227388873
193620474 381593703
361090715 62818118
0 419419419
524733392 526607167
483369833 847082093
221623923 365204515
333858224 513977094
0 535535535
987256305 280410890
784666979 612005390
545124001 665616015
180391889 875916365
333333333 724391057
88478679 95211701
887546412 437554664
310465854 432495671
644688833 288374094
333333333 102435769
363267450 688300159
317761225 645860483
783892575 331235918
564295464 916805006
1000000000 883883884
638283339 462924761
267644171 366211166
28934821 297543010
948257436 373564623
0 90090090
304471073 357446224
149634339 811840901
427649269 583997124
440802275 268831766
0 658658658
950567169 412858590
292953120 732649458
528959787 662026080
748016403 778951500
500000000 403403403
184859274 538376423
784356370 895022135
969963516 493281527
114768813 611759657
0 590590590
287189654 444564531
366433534 457024851
306021004 693673229
312483553 199847066
500000000 207207207
560988024 598429088
173724171 389516550
949705906 811551556
994380761 124090920
333333333 249249249
406331559 393707676
944454405 839393952
617757850 580054853
566816343 884688720
0 635635635
200884618 593657426
546372515 402280340
669721453 147285836
623810123 594905743
500000000 311311311
453861402 495876880
578826030 524220262
959379969 299571113
951900504 610097158
1000000000 251251252
827291657 367288543
522695511 639202060
373026350 774826153
976858749 148388286
500000000 275275275
870101132 352092296
665623456 404255514
712248310 614404678
80732708 608577662
0 336336336
801646749 621710052
214669986 366138740
788763109 284351440
799897012 240680190
500000000 483483483
435533607 376149747
951216652 177691264
965972344 577755525
969456733 100679588
1000000000 925925926
292940445 502758987
146771390 530955740
544132214 467150117
719609381 777816315
500000000 431431431
881119268 838832155
161991405 909544872
731785165 665054004
974932324 717148227
500000000 603603603
483168007 948857785
920744251 348593247
818236309 280059335
506975476 11046893
500000000 627627627
477663791 434895190
197740915 531248719
398548424 257751287
720258125 858151530
1000000000 338338339
749550444 309927712
782531933 654956232
434627048 856011256
130015874 801190823
0 472472472
829153967 889758051
853845963 469130764
607304578 470666568
367538074 337229957
0 508508508
209790203 24640025
677072648 599945883
181425795 540711417
151845905 802710620
1000000000 778778779
595606404 375468283
850704009 367618460
593468418 350523967
376103642 526309451
500000000 643643643
20990232 590652019
731608277 214751534
190426480 612908465
696015686 422813023
500000000 751751751
267269530 635548384
831189023 128105911
518301268 428652491
529138396 348611416
1000000000 728728729
318281307 437596333
105318676 534123395
118098756 330870917
278087870 961937253
0 840840840
82237389 141464254
664997426 577586056
41177821 869658016
978169563 946233723
1000000000 806806807
556389043 407054232
876093291 451889207
616638232 787183429
14803880 709906228
1000000000 629629630
553058744 386348915
551471609 391111852
831413743 466486358
387523208 649068281
1000000000 417417418
815856543 714865786
49706583 803348056
499072374 394682265
797277839 699373473
1000000000 135135136
143636984 333063873
716419131 643494645
802321480 289105150
903342307 861764890
1000000000 101101102
131271381 844516694
123642101 492230926
775936545 812090186
365573239 619082728
0 107107107
310071019 425761725
364946687 795604475
928733510 487729682
771489152 172261925
1000000000 272272273
852561725 210915669
495920181 750314216
316804921 800748459
550997393 763307775
500000000 379379379
147837706 207726678
77189084 88941478
731365973 659575918
208685424 590049688
1000000000 775775776
459463670 818520111
518580599 582396303
458146048 328841773
893183398 970883517
0 736736736
155779906 111202266
72333683 110990607
942518766 46316108
702817153 351985590
500000000 439439439
665866224 538966403
955986582 729864148
437247980 652498768
103567004 800158080
333333333 712379045
692494090 685055505
875382498 777672255
460377612 776451893
577056951 944087300
500000000 363363363
819571442 253069640
688208190 745418556
199216676 416674108
740275248 804095666
333333333 543209876
214803064 802986334
946198768 403435012
893306942 392095225
547140474 852171870
0 823823823
221881018 851295057
791646719 298711587
311340446 691466744
184140397 992131964
0 294294294
511957726 358329966
914561570 535907416
579259124 713504592
528949540 562340825
333333333 697030363
698638460 755314762
287180923 878180619
707177282 605850738
635460184 189086168
0 369369369
16995581 923501351
432092943 612945019
554399427 652253931
210777785 36218358
0 526526526
196404985 541874672
249308891 716494318
984861136 109526735
971723470 86069113
500000000 731731731
633163321 542082941
890900839 526927108
122264179 43353541
514386295 674316425
0 679679679
766397685 687162437
358828562 438218724
303425355 784806280
336639085 466645175
0 8008008
942432093 60939336
628152429 718739847
404944141 484564002
551896820 836326964
1000000000 973973974
585141054 552934747
657396534 257217004
119826810 732163336
14974151 229290065
333333333 874207540
842942145 684710563
879071082 256595593
113680482 182481326
330628812 136340115
333333333 437771104
713973793 441957241
184682749 341089436
544643568 222222461
580415569 19773135
500000000 335335335
300849756 570528583
310331637 548137165
724831263 739316652
7873638 978588210
333333333 513179846
198750977 286531184
233847389 238895375
628470433 506456969
331521481 413390469
333333333 621287954
516023058 681277819
996930882 457174815
674237587 301633903
