1997
204600 204466
624600 624336
141114 141128
344600 344336
452800 452810
255203 255600
505466 505600
202800 202803
122849 122863
942800 942807
451114 451123
481114 481136
922807 922820
982821 982845
104600 104463
572800 572805
942814 942825
591121 591142
782807 782810
882828 882836
675461 675600
644600 644201
72828 72846
921135 921151
54600 54465
792828 792854
372800 372807
835466 835600
371142 371156
942835 942852
191114 191118
81121 81130
151128 151144
332828 332851
482807 482813
511128 511148
722800 722813
891128 891148
802828 802852
512828 512853
631107 631116
802807 802825
732800 732811
661114 661119
581121 581144
685202 685600
944600 944203
624600 624466
65336 65600
951100 951100
264600 264335
912821 912840
662807 662815
22807 22810
165335 165600
2821 2832
851149 851164
671121 671145
862828 862840
362814 362827
822800 822812
901128 901146
865209 865600
242800 242814
121114 121132
525468 525600
171100 171104
81114 81121
722849 722876
61107 61116
562800 562807
502800 502800
151107 151117
111121 111143
832814 832828
762807 762814
962821 962830
131142 131166
282835 282851
805333 805600
662842 662860
711142 711164
92821 92833
512800 512817
182828 182843
972800 972801
262835 262855
664600 664203
994600 994461
332835 332860
971142 971169
542828 542847
44600 44204
632807 632821
541100 541106
25202 25600
281107 281110
61100 61107
701107 701121
535209 535600
372835 372852
451142 451159
604600 604204
251107 251116
981128 981149
771114 771135
944600 944333
895331 895600
201114 201135
171135 171149
281114 281119
252800 252812
441128 441143
705334 705600
512807 512826
141107 141119
262814 262828
54600 54205
362800 362809
731107 731115
774600 774200
521114 521128
594600 594463
825335 825600
401114 401133
572814 572823
961100 961117
192807 192814
554600 554336
62807 62821
235461 235600
875340 875600
122807 122809
691149 691177
84600 84201
461114 461121
671114 671136
951142 951154
312807 312809
751114 751120
631128 631143
121121 121141
32814 32836
611128 611147
342842 342867
31107 31122
482828 482840
602849 602881
145463 145600
822835 822857
534600 534464
515467 515600
65466 65600
262800 262810
324600 324204
622828 622850
142800 142815
401121 401142
725206 725600
865469 865600
415208 415600
584600 584462
75467 75600
791114 791131
681128 681152
451128 451141
925464 925600
811121 811136
492835 492847
991135 991156
841114 841121
742849 742872
705464 705600
952814 952823
692821 692827
415468 415600
802800 802816
221128 221149
404600 404465
842835 842853
891135 891157
112835 112847
361114 361122
231121 231138
772828 772839
555460 555600
994600 994201
364600 364201
682828 682838
412828 412854
265464 265600
701121 701139
62842 62866
802835 802861
491135 491161
162835 162856
361121 361131
141128 141146
442814 442830
434600 434461
785461 785600
182807 182816
374600 374332
272835 272853
745468 745600
222849 222881
351114 351124
102821 102831
585463 585600
941135 941147
834600 834206
912835 912858
924600 924201
851135 851146
422800 422816
384600 384333
44600 44334
135202 135600
92800 92806
394600 394334
571121 571127
391128 391153
262849 262873
854600 854201
472828 472842
691114 691132
455331 455600
521121 521137
655470 655600
294600 294331
454600 454463
71100 71105
221107 221122
252807 252821
914600 914460
42800 42816
182842 182861
732835 732856
131128 131148
821107 821116
215340 215600
891142 891166
672807 672813
602835 602863
281121 281128
965338 965600
721100 721108
841107 841112
754600 754335
651100 651103
691121 691141
861128 861154
381100 381100
152800 152813
211149 211178
612828 612852
272828 272844
201128 201153
425339 425600
682800 682802
362842 362863
522807 522824
411100 411113
645469 645600
15201 15600
114600 114334
461128 461139
152828 152849
771128 771153
61135 61152
684600 684205
2842 2859
101121 101145
164600 164332
85468 85600
782821 782828
52800 52814
991100 991111
514600 514462
291128 291154
331121 331137
365463 365600
481135 481163
752828 752843
781121 781142
282814 282824
121107 121123
325210 325600
792821 792845
242849 242877
131149 131175
762835 762850
445330 445600
614600 614335
411128 411149
795202 795600
961121 961144
231107 231120
612821 612843
1121 1127
901107 901119
22800 22801
764600 764336
501121 501141
652835 652853
222800 222818
555330 555600
151142 151162
941114 941120
871121 871143
574600 574331
891121 891139
771100 771117
955337 955600
511135 511157
592821 592828
702821 702844
971135 971160
175206 175600
142828 142851
481121 481145
502814 502818
161100 161106
644600 644461
932814 932827
301100 301116
111149 111179
225200 225600
784600 784461
671128 671154
582821 582830
235331 235600
201100 201117
774600 774460
411121 411140
892814 892835
224600 224201
452814 452828
462821 462835
392835 392848
922821 922838
101100 101118
21107 21124
685332 685600
251100 251107
991121 991138
502849 502863
812821 812841
311142 311168
851100 851101
855468 855600
804600 804203
12828 12839
645339 645600
31128 31149
964600 964205
891149 891175
532835 532858
841100 841103
22828 22837
302821 302829
202821 202830
432821 432841
795462 795600
992800 992816
595334 595600
715205 715600
701128 701148
562842 562861
62849 62875
414600 414336
82842 82862
442835 442857
211128 211151
921128 921142
622842 622868
265204 265600
245202 245600
572828 572841
485204 485600
471128 471137
635468 635600
421135 421156
181128 181138
882842 882854
911142 911162
822821 822839
354600 354330
202849 202866
12821 12830
91100 91101
545340 545600
892828 892853
605205 605600
192821 192832
872800 872802
374600 374202
2828 2841
732828 732847
181121 181129
801121 801138
72807 72819
282849 282869
462842 462862
445200 445600
392807 392812
391121 391144
634600 634330
135332 135600
124600 124335
445460 445600
1114 1118
231114 231129
211100 211115
85208 85600
421100 421111
511107 511121
592835 592846
971149 971178
782800 782801
965468 965600
682849 682865
782849 782864
671135 671163
662814 662824
232821 232843
832828 832846
52835 52859
831135 831150
842842 842862
245462 245600
874600 874203
342821 342840
915463 915600
694600 694206
402849 402864
331149 331173
284600 284200
714600 714331
21121 21142
471121 471128
931128 931140
22814 22819
674600 674334
642800 642810
112807 112811
424600 424200
522835 522860
712828 712851
342814 342831
141121 141137
881114 881132
221114 221131
34600 34463
534600 534334
472807 472815
312821 312827
761100 761100
884600 884204
501114 501132
434600 434201
362807 362818
322828 322853
242807 242823
55335 55600
631114 631125
521135 521155
795332 795600
411149 411176
391107 391126
564600 564460
475203 475600
94600 94462
852835 852851
901100 901110
931135 931149
351142 351160
872835 872847
582828 582839
295467 295600
302814 302820
981121 981140
352800 352811
931142 931158
691107 691123
291149 291181
715335 715600
802814 802834
551114 551122
651107 651112
595464 595600
244600 244203
382800 382805
402814 402819
95469 95600
884600 884334
351135 351151
372814 372825
674600 674464
742828 742845
464600 464204
292828 292840
92814 92824
435470 435600
431149 431172
622807 622823
864600 864202
341107 341117
801100 801111
532800 532813
964600 964465
191142 191154
922835 922856
702835 702862
692807 692809
192835 192850
295207 295600
871149 871179
975469 975600
492807 492811
831121 831132
472814 472824
375464 375600
81128 81139
612807 612825
71142 71159
154600 154201
991142 991165
971114 971133
462800 462808
72814 72828
471142 471155
991114 991129
94600 94332
544600 544335
992814 992834
974600 974336
911114 911126
575462 575600
942828 942843
521107 521119
221121 221140
952821 952832
812807 812823
865339 865600
382807 382814
385335 385600
2814 2823
841121 841130
451149 451168
661100 661101
764600 764466
24600 24332
114600 114204
852828 852842
815204 815600
945336 945600
42849 42879
782842 782855
521128 521146
124600 124205
652821 652835
255333 255600
42807 42825
12835 12848
861135 861163
231135 231156
641107 641114
595204 595600
414600 414206
872828 872838
312800 312800
451135 451150
161114 161124
62800 62812
115460 115600
582800 582803
152835 152858
811128 811145
35333 35600
781107 781124
651128 651139
241135 241154
785201 785600
902828 902851
351149 351169
662821 662833
432814 432832
305338 305600
194600 194205
472800 472806
55205 55600
494600 494460
372828 372843
522842 522869
442828 442848
61128 61143
605465 605600
225460 225600
624600 624206
182814 182825
821114 821125
731121 731133
522849 522878
162828 162847
311135 311159
181114 181120
332807 332824
775330 775600
671107 671127
552828 552845
921121 921133
131121 131139
614600 614205
224600 224331
131107 131121
72821 72837
815334 815600
784600 784201
202828 202839
762828 762841
901121 901137
611100 611111
345461 345600
425469 425600
561128 561138
962849 962866
251142 251161
131100 131112
765470 765600
211142 211169
202814 202821
174600 174203
75337 75600
72800 72810
704600 704200
145333 145600
205339 205600
311149 311177
311128 311150
851107 851110
611107 611120
822814 822830
502828 502836
485334 485600
402821 402828
362821 362836
971121 971142
491128 491152
401100 401115
722828 722849
335330 335600
51142 51163
181107 181111
34600 34333
611135 611156
302828 302838
622835 622859
151149 151171
522800 522815
932835 932854
74600 74460
112814 112820
834600 834336
325470 325600
591142 591169
344600 344466
654600 654332
401135 401160
162849 162874
191121 191127
814600 814204
431142 431163
251149 251170
152807 152822
405207 405600
142814 142833
391100 391117
455461 455600
835206 835600
212821 212828
791142 791167
582849 582866
882835 882845
611142 611165
844600 844460
951135 951145
721128 721144
612835 612861
752835 752852
222814 222836
652814 652826
111107 111125
335460 335600
884600 884464
962814 962821
974600 974466
342849 342876
91135 91146
731135 731151
955467 955600
431100 431109
224600 224461
681114 681134
171114 171122
801135 801156
894600 894205
444600 444462
881107 881123
122842 122854
585333 585600
204600 204336
562821 562834
282807 282815
905462 905600
561114 561120
154600 154331
314600 314333
712814 712833
531128 531144
665200 665600
32835 32863
715465 715600
634600 634200
682814 682820
362835 362854
952807 952814
372807 372816
304600 304462
934600 934462
735207 735600
942821 942834
11128 11153
854600 854331
5330 5600
742807 742818
371128 371138
242828 242850
922842 922865
652807 652817
942842 942861
664600 664333
802842 802870
301114 301134
281135 281146
251121 251134
781135 781160
552821 552836
41100 41111
651142 651157
322835 322862
545470 545600
201107 201126
632821 632839
991128 991147
822849 822875
494600 494330
585203 585600
584600 584202
272814 272826
755469 755600
381107 381109
801114 801129
72835 72855
322849 322880
992821 992843
982807 982827
942807 942816
315339 315600
802849 802879
592814 592819
765210 765600
111135 111161
112800 112802
261135 261150
102800 102804
324600 324334
665330 665600
791100 791113
851128 851137
655210 655600
41114 41129
292814 292822
945466 945600
602807 602827
465332 465600
82800 82808
962807 962812
222842 222872
104600 104203
74600 74330
842821 842835
501107 501123
971128 971151
804600 804333
965208 965600
92807 92815
722807 722822
332800 332815
695203 695600
951128 951136
752814 752825
381128 381136
481100 481118
904600 904336
621114 621127
261114 261123
962800 962803
955207 955600
731142 731160
281128 281137
292800 292804
212835 212846
744600 744334
465462 465600
325340 325600
151114 151126
144600 144330
495205 495600
762842 762859
155464 155600
985470 985600
304600 304332
291135 291163
801128 801147
982800 982818
751121 751129
931100 931104
641128 641141
621100 621109
422807 422825
341128 341144
302800 302802
692800 692800
241114 241127
902800 902815
482835 482849
405467 405600
164600 164462
512814 512835
791128 791149
331114 331128
741107 741113
352835 352856
361100 361104
251114 251125
862842 862858
205469 205600
811100 811109
484600 484206
742835 742854
331100 331110
751128 751138
852821 852833
944600 944463
812814 812832
62835 62857
125461 125600
175466 175600
885460 885600
245332 245600
811107 811118
342807 342822
132807 132826
772821 772830
304600 304202
321107 321121
711114 711128
234600 234462
392814 392821
191149 191163
402828 402837
185467 185600
504600 504331
691135 691159
622800 622814
121100 121114
271107 271112
375334 375600
792835 792863
435210 435600
945206 945600
832807 832819
711100 711110
421107 421120
504600 504461
144600 144460
635208 635600
562814 562825
581100 581117
912807 912822
935465 935600
722821 722840
875470 875600
402800 402801
992835 992861
451100 451105
842800 842808
181135 181147
572807 572814
851142 851155
411142 411167
902842 902869
802821 802843
155204 155600
542807 542820
911107 911117
461135 461148
91114 91119
322807 322826
412814 412836
394600 394204
141100 141110
835336 835600
165205 165600
271142 271157
354600 354460
575202 575600
602800 602818
441135 441152
751149 751165
534600 534204
152821 152840
661107 661110
582814 582821
551135 551149
924600 924331
951107 951109
4600 4330
342835 342858
395336 395600
531114 531126
641135 641150
841128 841139
41128 41147
182835 182852
991149 991174
751142 751156
102835 102849
24600 24462
621135 621154
641121 641132
241107 241118
272821 272835
971107 971124
751107 751111
801107 801120
744600 744204
911149 911171
745208 745600
212800 212801
572835 572850
972821 972828
632835 632857
382828 382841
861107 861127
731100 731106
714600 714461
214600 214330
441100 441107
52814 52832
571128 571136
761135 761145
892807 892826
524600 524203
271100 271103
625467 625600
474600 474335
592828 592837
711128 711146
305468 305600
492814 492820
702849 702880
11142 11171
901114 901128
42814 42834
652800 652808
941121 941129
424600 424330
985210 985600
881100 881114
771142 771171
882849 882863
271135 271148
511100 511112
381121 381127
51128 51145
632828 632848
702814 702835
52807 52823
542849 542874
791149 791176
602814 602836
892821 892844
755209 755600
551128 551140
324600 324464
252835 252857
461121 461130
54600 54335
985340 985600
301121 301143
312835 312845
114600 114464
381114 381118
845337 845600
231128 231147
15461 15600
284600 284460
981100 981113
772807 772812
392800 392803
695333 695600
594600 594203
342800 342813
385205 385600
851114 851119
25332 25600
811114 811127
551142 551158
682807 682811
651121 651130
152814 152831
625337 625600
941128 941138
294600 294201
111128 111152
91107 91110
491121 491143
651135 651148
501100 501114
371135 371147
525208 525600
264600 264465
192814 192823
902814 902833
291142 291172
454600 454333
115330 115600
41135 41156
764600 764206
582807 582812
251135 251152
551149 551167
571107 571109
231100 231111
592807 592810
724600 724462
591114 591133
762814 762823
505336 505600
372821 372834
895461 895600
544600 544465
915333 915600
562849 562870
285336 285600
242835 242859
195338 195600
102849 102867
755339 755600
1107 1109
974600 974206
452835 452855
334600 334205
414600 414466
422849 422879
431121 431136
401128 401151
62828 62848
232814 232834
611149 611174
332814 332833
905202 905600
14600 14461
512821 512844
375204 375600
334600 334465
782835 782846
811142 811163
994600 994331
251128 251143
791121 791140
305208 305600
194600 194335
282821 282833
711107 711119
931107 931113
932807 932818
824600 824335
671142 671172
161107 161115
734600 734203
91121 91128
64600 64466
902849 902878
761114 761118
621121 621136
431114 431127
531142 531162
295337 295600
142835 142860
91149 91164
234600 234332
85338 85600
11135 11162
334600 334335
825465 825600
761121 761127
411114 411131
4600 4200
602828 602854
522821 522842
831149 831168
42828 42852
371114 371120
171149 171167
602842 602872
171142 171158
825205 825600
771107 771126
202842 202857
772800 772803
351121 351133
231149 231174
584600 584332
514600 514202
691142 691168
121135 121159
291107 291127
744600 744464
2849 2868
741135 741149
475463 475600
831114 831123
271121 271130
381135 381145
244600 244463
81107 81112
735467 735600
382835 382850
404600 404335
984600 984200
654600 654202
851121 851128
241100 241109
962828 962839
932800 932809
102828 102840
31100 31113
631135 631152
692828 692836
541114 541124
21128 21151
582842 582857
754600 754205
425209 425600
674600 674204
931121 931131
565461 565600
122814 122818
845207 845600
231142 231165
142821 142842
502842 502854
725336 725600
982835 982863
71128 71141
651114 651121
821100 821107
542814 542829
554600 554206
361107 361113
941100 941102
872807 872811
852814 852824
532828 532849
662828 662842
192800 192805
391114 391135
21100 21115
881121 881141
902821 902842
855208 855600
741121 741131
174600 174463
21114 21133
172807 172818
914600 914330
81135 81148
331128 331146
471135 471146
541128 541142
981135 981158
492821 492829
704600 704330
501128 501150
82814 82826
71114 71123
262821 262837
341100 341108
102807 102813
24600 24202
582835 582848
861114 861136
315209 315600
812835 812859
384600 384203
785331 785600
432828 432850
31121 31140
51121 51136
172828 172845
462807 462817
455201 455600
842849 842871
1100 1100
484600 484466
775200 775600
314600 314463
361128 361140
275205 275600
452807 452819
975209 975600
101128 101154
161128 161142
474600 474465
431128 431145
274600 274206
591128 591151
541107 541115
322800 322817
321128 321148
621107 621118
722842 722867
952835 952850
464600 464334
652828 652844
12800 12803
341135 341153
781128 781151
862835 862849
554600 554466
45204 45600
594600 594333
891114 891130
905332 905600
561100 561102
574600 574461
482842 482858
754600 754465
82835 82853
862807 862813
134600 134206
784600 784331
604600 604334
412835 412863
355332 355600
894600 894465
581128 581153
951121 951127
261128 261141
531135 531153
814600 814464
194600 194465
184600 184334
622849 622877
852800 852806
111114 111134
824600 824205
871100 871116
302849 302865
711135 711155
684600 684335
684600 684465
822828 822848
542821 542838
911100 911108
322842 322871
824600 824465
302842 302856
491100 491116
124600 124465
961135 961162
591107 591124
212807 212810
614600 614465
481128 481154
721121 721135
214600 214460
885330 885600
972807 972810
821135 821152
314600 314203
814600 814334
885200 885600
891107 891121
422842 422870
331135 331155
484600 484336
571100 571100
22842 22855
302835 302847
842814 842826
664600 664463
462814 462826
132814 132835
131114 131130
931114 931122
992807 992825
692835 692845
562807 562816
672814 672822
464600 464464
412821 412845
761128 761136
291114 291136
882821 882827
392828 392839
222835 222863
2800 2805
41121 41138
254600 254334
105210 105600
61121 61134
831142 831159
545210 545600
134600 134336
805203 805600
892835 892862
794600 794332
22821 22828
751100 751102
232828 232852
564600 564200
214600 214200
991107 991120
502807 502809
52821 52841
321100 321112
511121 511139
275335 275600
731149 731169
64600 64336
642842 642864
74600 74200
475333 475600
792814 792836
505206 505600
481107 481127
202835 202848
32807 32827
642821 642837
404600 404205
355462 355600
601135 601158
115200 115600
805463 805600
294600 294461
864600 864332
575332 575600
331107 331119
141135 141155
535339 535600
625207 625600
312828 312836
122821 122827
394600 394464
275465 275600
804600 804463
262842 262864
252828 252848
601128 601149
572821 572832
335200 335600
101135 101163
11100 11117
782828 782837
371107 371111
665460 665600
351100 351106
742821 742836
235201 235600
685462 685600
62814 62830
571114 571118
121128 121150
675331 675600
731114 731124
771149 771180
422814 422834
434600 434331
84600 84331
542842 542865
132800 132817
191128 191136
382821 382832
494600 494200
961128 961153
391135 391162
342828 342849
942849 942870
432807 432823
452821 452837
271114 271121
904600 904206
832800 832810
954600 954464
862814 862822
821128 821143
261121 261132
105340 105600
182821 182834
452828 452846
712821 712842
721135 721153
735337 735600
522828 522851
511142 511166
345331 345600
565331 565600
951149 951163
274600 274466
672835 672849
292807 292813
374600 374462
532821 532840
181100 181102
551100 551104
451121 451132
151135 151153
432835 432859
642835 642855
704600 704460
792800 792818
642807 642819
712835 712860
131135 131157
832821 832837
395206 395600
225330 225600
632800 632812
191100 191100
731128 731142
191107 191109
352814 352829
854600 854461
402807 402810
722814 722831
765340 765600
492800 492802
752821 752834
471114 471119
874600 874333
182849 182870
654600 654462
32800 32818
571142 571154
694600 694466
951114 951118
705204 705600
742842 742863
525338 525600
882807 882809
622814 622832
694600 694336
341121 341135
142849 142878
465202 465600
125201 125600
661135 661146
922800 922811
242814 242832
701135 701157
431107 431118
474600 474205
491149 491179
471107 471110
562835 562852
291121 291145
702828 702853
351128 351142
101107 101127
541135 541151
184600 184464
361135 361149
721107 721117
274600 274336
921100 921106
201121 201144
182800 182807
881135 881159
591100 591115
912814 912831
701114 701130
472835 472851
242821 242841
695463 695600
611121 611138
321121 321139
591135 591160
415338 415600
111142 111170
12807 12812
952800 952805
485464 485600
932821 932836
862821 862831
362849 362872
882800 882800
51100 51109
321114 321130
914600 914200
502821 502827
661121 661128
642814 642828
762800 762805
832835 832855
655340 655600
301107 301125
491107 491125
741114 741122
631142 631161
65206 65600
822807 822821
211121 211142
911121 911135
315469 315600
662849 662869
845467 845600
184600 184204
31149 31176
431135 431154
515207 515600
912828 912849
962835 962848
364600 364461
925334 925600
322821 322844
892800 892817
542800 542811
35463 35600
601121 601140
14600 14201
55465 55600
161121 161133
861121 861145
95209 95600
524600 524463
171128 171140
285466 285600
95339 95600
135462 135600
285206 285600
891100 891112
791107 791122
682821 682829
151121 151135
781114 781133
4600 4460
345201 345600
842828 842844
772814 772821
442800 442812
352821 352838
911128 911144
972835 972846
524600 524333
174600 174333
461107 461112
642828 642846
871114 871134
981107 981122
112828 112838
102814 102822
902807 902824
101114 101136
71107 71114
642849 642873
641114 641123
62821 62839
521100 521110
615466 615600
312814 312818
771135 771162
215470 215600
722835 722858
502835 502845
631100 631107
162842 162865
382842 382859
561107 561111
212814 212819
262807 262819
42821 42843
332821 332842
215210 215600
21135 21160
51107 51118
441114 441125
162807 162820
592800 592801
94600 94202
925204 925600
561121 561129
311114 311132
551121 551131
265334 265600
402842 402855
282828 282842
162814 162829
601114 601131
11114 11135
861100 861118
881128 881150
714600 714201
272800 272808
432800 432814
352828 352847
821121 821134
794600 794462
581107 581126
631149 631170
44600 44464
522814 522833
922814 922829
322814 322835
241121 241136
531107 531117
311100 311114
495335 495600
75207 75600
195468 195600
222821 222845
242842 242868
172835 172854
311107 311123
682842 682856
134600 134466
971100 971115
234600 234202
271128 271139
441107 441116
421121 421138
382814 382823
675201 675600
874600 874463
254600 254204
902835 902860
745338 745600
602821 602845
172800 172809
975339 975600
531100 531108
355202 355600
612814 612834
364600 364331
831107 831114
161135 161151
882814 882818
922828 922847
211107 211124
581114 581135
771121 771144
691128 691150
205209 205600
371121 371129
162800 162811
81100 81103
461100 461103
451107 451114
672821 672831
532814 532831
221100 221113
604600 604464
615206 615600
632814 632830
64600 64206
51135 51154
511114 511130
341114 341126
2807 2814
542835 542856
501135 501159
34600 34203
622821 622841
395466 395600
812800 812814
972828 972837
612800 612816
185207 185600
912800 912813
261107 261114
221135 221158
984600 984460
565201 565600
915203 915600
32828 32854
681100 681116
601107 601122
422835 422861
934600 934332
424600 424460
961114 961135
145203 145600
291100 291118
535469 535600
712800 712815
11149 11180
442849 442875
871128 871152
702807 702826
252814 252830
564600 564330
302807 302811
391142 391171
571149 571163
794600 794202
195208 195600
855338 855600
202807 202812
681121 681143
605335 605600
45334 45600
222807 222827
462849 462871
422821 422843
741100 741104
391149 391180
671149 671181
442842 442866
711149 711173
781100 781115
862849 862867
842807 842817
282842 282860
782814 782819
282800 282806
775460 775600
321135 321157
444600 444202
51114 51127
762849 762868
42835 42861
11107 11126
811135 811154
831100 831105
871142 871170
164600 164202
491114 491134
201135 201162
551107 551113
232807 232825
442807 442821
91142 91155
35203 35600
561135 561147
271149 271166
241128 241145
864600 864462
52828 52850
921114 921124
32821 32845
935205 935600
31114 31131
844600 844200
252821 252839
22835 22846
862800 862804
212828 212837
562828 562843
292821 292831
512835 512862
871135 871161
122828 122836
702800 702817
122835 122845
992828 992852
904600 904466
872814 872820
441121 441134
31142 31167
651149 651166
162821 162838
831128 831141
552800 552809
895201 895600
405337 405600
711121 711137
954600 954204
761107 761109
422828 422852
351107 351115
421114 421129
71149 71168
82849 82871
384600 384463
51149 51172
1128 1136
922849 922874
712807 712824
5200 5600
721114 721126
151100 151108
772835 772848
662800 662806
482814 482822
331142 331164
61114 61125
92828 92842
621128 621145
672800 672804
752800 752807
154600 154461
104600 104333
941107 941111
261100 261105
172814 172827
645209 645600
581135 581162
444600 444332
354600 354200
171107 171113
982828 982854
751135 751147
762821 762832
1135 1145
791135 791158
702842 702871
191135 191145
911135 911153
385465 385600
792807 792827
12814 12821
211114 211133
544600 544205
962842 962857
635338 635600
725466 725600
724600 724202
392821 392830
924600 924461
92835 92851
742800 742809
165465 165600
411135 411158
492828 492838
541121 541133
11121 11144
934600 934202
185337 185600
471100 471101
232800 232816
961107 961126
125331 125600
515337 515600
412800 412818
514600 514332
22849 22864
932828 932845
531121 531135
71121 71132
132828 132853
142807 142824
872821 872829
982814 982836
935335 935600
601100 601113
2835 2850
272807 272817
734600 734463
132821 132844
701100 701112
41107 41120
844600 844330
841135 841148
71135 71150
15331 15600
752807 752816
615336 615600
491142 491170
371100 371102
365203 365600
105470 105600
122800 122800
472821 472833
641100 641105
255463 255600
812828 812850
644600 644331
531149 531171
204600 204206
532807 532822
482821 482831
222828 222854
411107 411122
671100 671118
171121 171131
82807 82817
742814 742827
982842 982872
732814 732829
681135 681161
952828 952841
901135 901155
362828 362845
852807 852815
682835 682847
552814 552827
371149 371165
552807 552818
681107 681125
232835 232861
982849 982881
482849 482867
401107 401124
724600 724332
42842 42870
301128 301152
734600 734333
894600 894335
634600 634460
504600 504201
984600 984330
91128 91137
442821 442839
555200 555600
31135 31158
454600 454203
132835 132862
871107 871125
662835 662851
82821 82835
574600 574201
811149 811172
412807 412827
382849 382868
471149 471164
462835 462853
834600 834466
175336 175600
192828 192841
822842 822866
5460 5600
144600 144200
435340 435600
921107 921115
142842 142869
954600 954334
972814 972819
172821 172836
774600 774330
244600 244333
631121 631134
262828 262846
511149 511175
732807 732820
155334 155600
352807 352820
692814 692818
284600 284330
14600 14331
732821 732838
402835 402846
254600 254464
495465 495600
84600 84461
462828 462844
552835 552854
611114 611129
875210 875600
482800 482804
82828 82844
111100 111116
45464 45600
25462 25600
264600 264205
211135 211160
292835 292849
815464 815600
281100 281101
102842 102858
964600 964335
301135 301161
981114 981131
591149 591178
741128 741140
672828 672840
365333 365600
931149 931167
311121 311141
112821 112829
661128 661137
691100 691114
344600 344206
421128 421147
571135 571145
321765 321967
703451 703654
111765 111971
571800 572000
481765 481973
445416 445600
643465 643665
224600 224532
981772 981977
563465 563662
313465 313655
394600 394421
294600 294408
601765 601968
183486 183689
3472 3669
573465 573660
584600 584284
51786 51991
691793 692005
813465 813669
731793 731997
471793 471992
491786 491998
543493 543702
413493 413709
643451 643647
255298 255600
1800 2000
131800 132012
784600 784411
923500 923711
3486 3687
61793 61998
241800 242009
873500 873702
893500 893717
763465 763660
561772 561966
323500 323717
93493 93697
901786 901992
31758 31959
554600 554416
701779 701985
971793 972006
751758 751948
313486 313682
691758 691960
263493 263701
464600 464274
795293 795600
291758 291964
271786 271985
455549 455600
601779 601986
681800 682016
333500 333715
891758 891958
623493 623705
463500 463708
741793 741995
791765 791968
284600 284406
231772 231975
283500 283706
75546 75600
395417 395600
691779 691987
381800 382000
4600 4270
664600 664293
993472 993680
953465 953660
25405 25600
971772 971979
571758 571946
855538 855600
204600 204427
905537 905600
863479 863677
491765 491971
551793 551995
103500 103704
313479 313673
875411 875600
463451 463645
424600 424420
421793 422002
321779 321985
611800 612011
3479 3678
525432 525600
721765 721963
375282 375600
231751 231948
831765 831960
955416 955600
264600 264278
383493 383696
901779 901983
273500 273708
971751 971952
791758 791959
581793 582008
994600 994540
13486 13685
423472 423680
423500 423716
801793 802002
553479 553682
751800 752002
674600 674534
881786 881996
223472 223682
274600 274411
923458 923657
341793 341999
553472 553673
63465 63667
681772 681980
593493 593692
923472 923675
981779 981986
745556 745600
321786 321994
241765 241964
221793 222004
344600 344287
205299 205600
963465 963658
565531 565600
933493 933700
343472 343677
563451 563644
245296 245600
395548 395600
334600 334285
373493 373698
153479 153686
31793 32004
175293 175600
491772 491980
514600 514539
65544 65600
83472 83672
903458 903661
143465 143670
284600 284275
795424 795600
911758 911954
601793 602004
845565 845600
445547 445600
11765 11972
933486 933691
791751 791950
171779 171977
404600 404423
733472 733675
604600 604550
451779 451978
594600 594286
564600 564411
503465 503655
883451 883637
423458 423662
751779 751975
695546 695600
651772 651967
301800 302016
734600 734539
341765 341963
945545 945600
665278 665600
703458 703663
631772 631971
953472 953669
391772 391981
73493 73701
251779 251980
863486 863686
64600 64544
741786 741986
393493 393694
173486 173691
631751 631944
451751 451942
443479 443685
865540 865600
644600 644420
355278 355600
144600 144284
541765 541961
743479 743682
34600 34407
993500 993716
154600 154548
231765 231966
344600 344418
911786 911990
411772 411977
231800 232011
904600 904428
763493 763696
411758 411959
363458 363655
621800 622009
701786 701994
883500 883700
993493 993707
344600 344549
454600 454534
585535 585600
875542 875600
15403 15600
913465 913668
991765 991966
724600 724406
874600 874291
951751 951937
883472 883664
273486 273690
791786 791995
235556 235600
633472 633676
305410 305600
811765 811964
425554 425600
41772 41975
53465 53669
551800 552004
494600 494273
231779 231984
304600 304279
685282 685600
804600 804546
195428 195600
825430 825600
323479 323690
391800 392017
185557 185600
223465 223673
214600 214530
694600 694276
481779 481991
951793 951991
801772 801975
515430 515600
795555 795600
415290 415600
413479 413691
525301 525600
924600 924402
905406 905600
231758 231957
351772 351970
635414 635600
135547 135600
883458 883646
774600 774278
451786 451987
183451 183644
631765 631962
641779 641978
353486 353693
261772 261969
261765 261960
823472 823676
983486 983700
801779 801984
803465 803671
171793 171995
341779 341981
323465 323672
191779 191973
984600 984538
941800 942002
123451 123637
271800 272003
101786 102000
734600 734277
473479 473679
63479 63685
834600 834290
803451 803653
281765 281956
241772 241973
334600 334416
303500 303702
773465 773658
145418 145600
541779 541979
65282 65600
953486 953687
901800 902010
913472 913677
313493 313691
683451 683639
281779 281974
565298 565600
213493 213692
593500 593701
921765 921961
681786 681998
324600 324545
944600 944537
871751 871953
931772 931968
385284 385600
661765 661956
435294 435600
343465 343668
814600 814548
663465 663661
983458 983664
911751 911945
113479 113675
153465 153668
611786 611993
225292 225600
124600 124549
321800 322012
51758 51955
191758 191946
904600 904297
455418 455600
643486 643692
824600 824550
791793 792004
335536 335600
563479 563680
303472 303666
443486 443694
803500 803716
25536 25600
903465 903670
351751 351943
61772 61971
21800 22015
405419 405600
434600 434553
13493 13694
593486 593683
903451 903652
864600 864289
681765 681971
104600 104283
454600 454295
424600 424289
695415 695600
271772 271967
293465 293659
165553 165600
981793 982004
895404 895600
861779 861991
701765 701967
621772 621973
584600 584546
504600 504406
911793 911999
131758 131958
781779 781988
931786 931986
664600 664424
391779 391990
135416 135600
644600 644551
691772 691978
283472 283670
643500 643710
261786 261987
783465 783656
683500 683702
861765 861973
151786 151990
583493 583694
223458 223664
371793 371993
31800 32013
935281 935600
871772 871980
111786 111998
65413 65600
34600 34538
275302 275600
683472 683666
191800 192000
763486 763687
503486 503682
993465 993671
241786 241991
254600 254276
723500 723713
324600 324414
563493 563698
653479 653681
703500 703717
354600 354413
103472 103668
551765 551959
663500 663706
815297 815600
305279 305600
774600 774409
301765 301971
383486 383687
964600 964541
801800 802011
433465 433669
104600 104545
694600 694538
633500 633712
723465 723668
45409 45600
273493 273699
594600 594417
291772 291982
401772 401979
931779 931977
64600 64282
611772 611975
203451 203640
425423 425600
244600 244405
194600 194556
161800 162006
304600 304541
895535 895600
554600 554285
641793 641996
141800 142010
475291 475600
833472 833674
424600 424551
831758 831951
465289 465600
443493 443703
243458 243660
963458 963649
563472 563671
133500 133717
395286 395600
975551 975600
123472 123664
571772 571964
771758 771963
864600 864420
181786 181984
413486 413700
893479 893690
145287 145600
863472 863668
625281 625600
203472 203667
185295 185600
495557 495600
94600 94412
55542 55600
133465 133672
411765 411968
143500 143715
635545 635600
311772 311978
745294 745600
863465 863659
325283 325600
265431 265600
684600 684405
91751 91938
83451 83645
634600 634549
81800 82003
985291 985600
35407 35600
711786 711992
991786 991993
843486 843690
743458 743655
711793 712001
5532 5600
353500 353711
605539 605600
461786 461985
443458 443658
643458 643656
13472 13667
704600 704402
755558 755600
63458 63658
43472 43680
723479 723686
375544 375600
771772 771981
973465 973656
894600 894295
753479 753680
974600 974543
133493 133708
491793 492007
821800 822007
783472 783665
943458 943653
263451 263647
444600 444293
343486 343695
101793 102009
173472 173673
181765 181957
261800 262005
243472 243678
775289 775600
851758 851947
364600 364284
233486 233698
473465 473661
94600 94543
645416 645600
485293 485600
893486 893699
564600 564280
863458 863650
221786 221995
853472 853670
703479 703690
605408 605600
331779 331983
483465 483659
74600 74539
183458 183653
813479 813687
474600 474538
741772 741968
301793 302007
221779 221986
171786 171986
861800 862018
235425 235600
721793 721999
961779 961990
914600 914531
875280 875600
651786 651985
54600 54280
215432 215600
311765 311969
981765 981968
151793 151999
531758 531954
345407 345600
3451 3642
945283 945600
403451 403638
175555 175600
941793 941993
365542 365600
311779 311987
321793 322003
555427 555600
81793 81994
283465 283661
773500 773703
923486 923693
43479 43689
11800 12017
903486 903697
161793 161997
64600 64413
471765 471956
61765 61962
245427 245600
51751 51946
983493 983709
531765 531963
803479 803689
651765 651958
873493 873693
811800 812009
311786 311996
465420 465600
165291 165600
365280 365600
374600 374417
471751 471938
51800 52009
315412 315600
93479 93679
463493 463699
221772 221977
893493 893708
43451 43653
501765 501969
771800 772017
811758 811955
224600 224401
923479 923684
513500 513717
924600 924533
31772 31977
844600 844547
24600 24274
804600 804415
683458 683648
654600 654291
481786 482000
174600 174290
544600 544283
431800 432009
113465 113657
54600 54542
841793 841994
143493 143706
461800 462003
393500 393703
943472 943671
663486 663688
74600 74277
133472 133681
361793 361995
401779 401988
515561 515600
405550 405600
793486 793700
921786 921988
231793 232002
284600 284537
743451 743646
731758 731952
843479 843681
251765 251962
553465 553664
494600 494404
523493 523706
511793 512003
443472 443676
141793 142001
611793 612002
141786 141992
591779 591988
624600 624423
874600 874553
653486 653690
904600 904536
551772 551968
11786 11999
165422 165600
611765 611966
73465 73665
784600 784280
415552 415600
761779 761973
371751 371939
831793 831996
4600 4401
391758 391963
291765 291973
271793 271994
535434 535600
715550 715600
755427 755600
655549 655600
771779 771990
431786 431991
824600 824419
555558 555600
743486 743691
294600 294539
175424 175600
531751 531945
383472 383669
214600 214422
513486 513699
975289 975600
653500 653708
705286 705600
331765 331965
125414 125600
254600 254407
264600 264540
924600 924271
615410 615600
313472 313664
393486 393685
514600 514277
634600 634287
421772 421975
435556 435600
111772 111980
421779 421984
913479 913686
401800 402015
543479 543684
731751 731943
173500 173709
903493 903706
303451 303639
453479 453683
744600 744410
595537 595600
811779 811982
633493 633703
111751 111953
21786 21997
615279 615600
213479 213674
123479 123673
451772 451969
891765 891967
475422 475600
84600 84541
683465 683657
974600 974281
793500 793718
204600 204296
623500 623714
855436 855600
471772 471965
314600 314281
881772 881978
751786 751984
593472 593665
925410 925600
153493 153704
423479 423689
873472 873666
33493 33709
683486 683684
921772 921970
184600 184292
331758 331956
735423 735600
283458 283652
601786 601995
805557 805600
763451 763642
403493 403692
323486 323699
151765 151963
571786 571982
25274 25600
765560 765600
765429 765600
343479 343686
23493 23692
73472 73674
885402 885600
694600 694407
604600 604419
523465 523670
11772 11981
911765 911963
101800 102018
463486 463690
461772 461967
23500 23701
974600 974412
984600 984276
783486 783683
591772 591979
23458 23647
291793 292009
631793 631998
3500 3705
251800 252007
893472 893681
733465 733666
1772 1964
761772 761964
431758 431955
583472 583667
511765 511967
661800 662001
373486 373689
595275 595600
491800 492016
273465 273663
573500 573705
311758 311960
244600 244536
685413 685600
911772 911972
884600 884555
464600 464405
641786 641987
14600 14534
894600 894557
703486 703699
211772 211979
591800 592015
713472 713679
483486 483686
771751 771954
964600 964279
444600 444532
5401 5600
733479 733684
423486 423698
184600 184554
33500 33718
115412 115600
624600 624292
383458 383651
533465 533668
24600 24536
393465 393658
815559 815600
713500 713715
11793 12008
461793 461994
131779 131985
531772 531972
785553 785600
143458 143661
981786 981995
983451 983655
431772 431973
843465 843663
21765 21970
91758 91947
894600 894426
941772 941966
831800 832005
213465 213656
101765 101973
911779 911981
73479 73683
143451 143652
575300 575600
921800 922006
173479 173682
811793 812000
661772 661965
774600 774540
411779 411986
825561 825600
973500 973701
851751 851938
351800 352006
863500 863704
293500 293704
61779 61980
103465 103659
453465 453665
423465 423671
381779 381973
814600 814417
921779 921979
484600 484278
151779 151981
211786 211997
245558 245600
951772 951964
463458 463654
381765 381955
55280 55600
291779 291991
361779 361977
171758 171950
331786 331992
271751 271940
603472 603682
433479 433687
195559 195600
654600 654422
823479 823685
421800 422011
961765 961972
53500 53714
751793 751993
293479 293677
683479 683675
941765 941957
431793 432000
75415 75600
265300 265600
273479 273681
83500 83708
753472 753671
104600 104414
195297 195600
903472 903679
783493 783692
621779 621982
253465 253667
443465 443667
135285 135600
335274 335600
535303 535600
891793 892003
511800 512012
134600 134551
291751 291955
943451 943644
263479 263683
191765 191955
523486 523697
671751 671955
315543 315600
1779 1973
181779 181975
971765 971970
621765 621964
951758 951946
164600 164288
483472 483668
661779 661974
691800 692014
883493 883691
161772 161970
864600 864551
531786 531990
923451 923648
531800 532008
753486 753689
914600 914292
193500 193705
183493 183698
581800 582017
441786 441989
283493 283697
633465 633667
41786 41993
71772 71969
443451 443649
754600 754543
144600 144546
103458 103650
333472 333679
303479 303675
653493 653699
861772 861982
874600 874422
521793 522001
464600 464536
243500 243714
845434 845600
851793 851992
601772 601977
721772 721972
595406 595600
524600 524541
201793 202008
481800 482018
295408 295600
5270 5600
731800 732006
723458 723659
505559 505600
543451 543648
61786 61989
861793 862009
253472 253676
721786 721990
853479 853679
861786 862000
555296 555600
503493 503691
381772 381964
124600 124287
335405 335600
35538 35600
473486 473688
384600 384419
15272 15600
825299 825600
613472 613680
631758 631953
631800 632007
574600 574282
663458 663652
193486 193687
115543 115600
541786 541988
843500 843708
211793 212006
543472 543675
865409 865600
501772 501978
533472 533677
121786 121996
351765 351961
531779 531981
971800 972015
14600 14403
553486 553691
363493 363700
644600 644289
711779 711983
931800 932004
251793 251998
243493 243705
991800 992011
11751 11954
581786 581999
991779 991984
725421 725600
511751 511949
333479 333688
111758 111962
603451 603655
793493 793709
471758 471947
371758 371948
764600 764283
711751 711947
241779 241982
541793 541997
251786 251989
323472 323681
944600 944406
371779 371975
863451 863641
75284 75600
461779 461976
915539 915600
731786 731988
673493 673695
563486 563689
473493 473697
363500 363709
403486 403683
483500 483704
783479 783674
931758 931950
163451 163648
935543 935600
671793 672009
604600 604288
233465 233671
623472 623678
133486 133699
453493 453701
651800 652003
585273 585600
141765 141965
973493 973692
943500 943707
811751 811946
573479 573678
141772 141974
583465 583658
505428 505600
203479 203676
501786 501996
823486 823694
414600 414425
95419 95600
163465 163666
754600 754281
954600 954277
551786 551986
91765 91956
633479 633685
213486 213683
573486 573687
953500 953705
534600 534543
451765 451960
293472 293668
623451 623651
474600 474407
873479 873675
703493 703708
333493 333706
591758 591961
571779 571973
603465 603673
763500 763705
351758 351952
621786 621991
603486 603700
841765 841958
823493 823703
513493 513708
201800 202017
11758 11963
15534 15600
353479 353684
23479 23674
404600 404292
414600 414556
881800 882014
483458 483650
931765 931959
91793 91992
581779 581990
183479 183680
314600 314412
743465 743664
871765 871971
733486 733693
133479 133690
393472 393667
283451 283643
901793 902001
24600 24405
421786 421993
74600 74408
724600 724275
301772 301980
393479 393676
113486 113684
441800 442007
851772 851965
411786 411995
775420 775600
233493 233707
283486 283688
844600 844285
503458 503646
401786 401997
84600 84410
151758 151954
543465 543666
44600 44540
93486 93688
315281 315600
933500 933709
301786 301998
83479 83681
214600 214291
973479 973674
441793 441998
561800 562002
934600 934404
714600 714535
411793 412004
215301 215600
983465 983673
953479 953678
53493 53705
933472 933673
691786 691996
13500 13703
863493 863695
733500 733711
191793 191991
571765 571955
43458 43662
661786 661983
513465 513672
43500 43716
831786 831987
111800 112016
491758 491962
244600 244274
483451 483641
151751 151945
155289 155600
675542 675600
503472 503664
823465 823667
431751 431946
125283 125600
451800 452005
845303 845600
623458 623660
803458 803662
124600 124418
101779 101991
253479 253685
851765 851956
193493 193696
91786 91983
781800 782015
374600 374286
751751 751939
784600 784542
693465 693655
961772 961981
704600 704271
295277 295600
263465 263665
51779 51982
331793 332001
134600 134420
361772 361968
723486 723695
561786 561984
345276 345600
163458 163657
954600 954539
534600 534412
583479 583676
831779 831978
591786 591997
253500 253712
815428 815600
673486 673686
561793 561993
101772 101982
155551 155600
154600 154286
405288 405600
143486 143697
275433 275600
334600 334547
264600 264409
603479 603691
575402 575600
471786 471983
343458 343659
821786 821989
665540 665600
163493 163702
714600 714404
735292 735600
153500 153713
693479 693673
703465 703672
31786 31995
653465 653663
481793 482009
755296 755600
371772 371966
221800 222013
131765 131967
93465 93661
851786 851983
841800 842003
453486 453692
481772 481982
311751 311951
223493 223709
364600 364546
211800 212015
35276 35600
351786 351988
893465 893672
331751 331947
285406 285600
855305 855600
551779 551977
471800 472001
33465 33673
884600 884293
371800 372002
33486 33700
325545 325600
403479 403674
485555 485600
13479 13676
411751 411950
813472 813678
261793 261996
105421 105600
114600 114547
501800 502014
51765 51964
501793 502005
181793 181993
225423 225600
804600 804284
783458 783647
463465 463663
873486 873684
381786 381982
781765 781970
764600 764545
421765 421966
383500 383705
923493 923702
511758 511958
671758 671964
993479 993689
354600 354544
384600 384550
475553 475600
925279 925600
593479 593674
801786 801993
381793 381991
63486 63694
994600 994409
503500 503700
563458 563653
824600 824288
994600 994278
285304 285600
403500 403701
121772 121978
551758 551950
614600 614421
141779 141983
63472 63676
931793 931995
444600 444424
851779 851974
761800 762000
103451 103641
323458 323663
584600 584415
523479 523688
83493 83699
673479 673677
63451 63649
281772 281965
591751 591952
383479 383678
673500 673704
73500 73710
163472 163675
103493 103695
764600 764414
891751 891949
144600 144415
44600 44409
45278 45600
833465 833665
111793 112007
664600 664555
171800 172004
81765 81958
715419 715600
891786 891994
963472 963667
375413 375600
333486 333697
243451 243651
433472 433678
251758 251953
21772 21979
741765 741959
734600 734408
71758 71951
833500 833710
295539 295600
121800 122014
103486 103686
533493 533704
693500 693700
311800 312014
771786 771999
254600 254538
455287 455600
611779 611984
134600 134289
323451 323654
341772 341972
881793 882005
194600 194425
531793 531999
634600 634418
835563 835600
761765 761955
543486 543693
533500 533713
831772 831969
433493 433705
114600 114285
425292 425600
401765 401970
44600 44278
523500 523715
934600 934273
325414 325600
744600 744541
41793 42002
961800 962017
183472 183671
854600 854418
641800 642005
943486 943689
803472 803680
51793 52000
541800 542006
684600 684536
491751 491953
905275 905600
361765 361959
563500 563707
54600 54411
793479 793691
115281 115600
113500 113702
823500 823712
21793 22006
913493 913704
163486 163693
843493 843699
31779 31986
915277 915600
653472 653672
93472 93670
223500 223718
745425 745600
483479 483677
164600 164550
575533 575600
891800 892012
53486 53696
891772 891976
31765 31968
413465 413673
235294 235600
675411 675600
454600 454403
353465 353666
651793 651994
241793 242000
901772 901974
453472 453674
263500 263710
521765 521965
511772 511976
243479 243687
714600 714273
391793 392008
551751 551941
671772 671982
583500 583703
291786 292000
685544 685600
185426 185600
723451 723650
383451 383642
895273 895600
131751 131949
374600 374548
821765 821962
61800 62007
545567 545600
553493 553700
914600 914400
163500 163711
735554 735600
171751 171941
364600 364415
711758 711956
154600 154417
853500 853706
504600 504537
485424 485600
23451 23638
524600 524410
671800 672018
361786 361986
253486 253694
663451 663643
771793 772008
853465 853661
173465 173664
883486 883682
333465 333670
674600 674295
321772 321976
763472 763669
701772 701976
131772 131976
224600 224293
493493 493693
21779 21988
673465 673659
941786 941984
473472 473670
503479 503673
773493 773694
71793 71996
213500 213701
11779 11990
513472 513681
191772 191964
411800 412013
371765 371957
603500 603718
193465 193660
853493 853697
23486 23683
305541 305600
963493 963694
353493 353702
523451 523652
785291 785600
283479 283679
991772 991975
23472 23665
615541 615600
33479 33691
1793 1991
871758 871962
844600 844416
715288 715600
145549 145600
123486 123682
143479 143688
511779 511985
623465 623669
841772 841967
194600 194294
731765 731961
561779 561975
641765 641960
493500 493702
253493 253703
233500 233716
164600 164419
663472 663670
293486 293686
603458 603664
95550 95600
835432 835600
763479 763678
811772 811973
84600 84279
361800 362004
81779 81976
763458 763651
451793 451996
983479 983691
225554 225600
821793 821998
41779 41984
933465 933664
681793 682007
951779 951973
495426 495600
834600 834421
515299 515600
234600 234403
783451 783638
275535 275600
643472 643674
935412 935600
215563 215600
501779 501987
614600 614290
521772 521974
331772 331974
385546 385600
474600 474276
274600 274542
43486 43698
463479 463681
583486 583685
323493 323708
391751 391954
773479 773676
941779 941975
373472 373671
851800 852001
803493 803707
231786 231993
971786 971997
813493 813705
695284 695600
345538 345600
203500 203703
34600 34276
233479 233689
671786 672000
983500 983718
363465 363664
404600 404554
843458 843654
723493 723704
544600 544545
623486 623696
493479 493675
984600 984407
765298 765600
431779 431982
153486 153695
355409 355600
955285 955600
211751 211952
504600 504275
465551 465600
93500 93706
123493 123691
441772 441971
294600 294277
841786 841985
243486 243696
581772 581981
355540 355600
683493 683693
514600 514408
4600 4532
963500 963703
973486 973683
963486 963685
114600 114416
151772 151972
113472 113666
331800 332010
963479 963676
451758 451951
713493 713706
521779 521983
184600 184423
731779 731979
415421 415600
351779 351979
111779 111989
574600 574544
645547 645600
675280 675600
423451 423653
131786 131994
625543 625600
191786 191982
781793 782006
234600 234534
704600 704533
95288 95600
701800 702012
843451 843645
281786 281983
161786 161988
614600 614552
813486 813696
53479 53687
633486 633694
85417 85600
223479 223691
223451 223655
731772 731970
691751 691951
805426 805600
121765 121969
754600 754412
343493 343704
71765 71960
493465 493657
985553 985600
885533 885600
805295 805600
611751 611948
853486 853688
394600 394290
373500 373707
625412 625600
803486 803698
43493 43707
963451 963640
641772 641969
91779 91974
435425 435600
791779 791986
445285 445600
205430 205600
943465 943662
491779 491989
255429 255600
271779 271976
431765 431964
394600 394552
821779 821980
665409 665600
943493 943698
524600 524279
613486 613698
313500 313700
543458 543657
915408 915600
643479 643683
523458 523661
571793 571991
981800 982013
663493 663697
821772 821971
81772 81967
353472 353675
743472 743673
965418 965600
201765 201972
961793 962008
205561 205600
701793 702003
243465 243669
441765 441962
91800 92001
624600 624554
183465 183662
693486 693682
373465 373662
183500 183707
113493 113693
453500 453710
41800 42011
55411 55600
371786 371984
631786 631989
51772 51973
281800 282001
304600 304410
163479 163684
773472 773667
285537 285600
31751 31950
1786 1982
105552 105600
671779 671991
943479 943680
903500 903715
53472 53678
843472 843672
365411 365600
814600 814286
654600 654553
203458 203649
433500 433714
433486 433696
561765 561957
854600 854549
553500 553709
934600 934535
565429 565600
181772 181966
513479 513690
495295 495600
94600 94281
574600 574413
521786 521992
463472 463672
303465 303657
603493 603709
153472 153677
933479 933682
203493 203694
871793 872007
483493 483695
434600 434291
293493 293695
911800 912008
705548 705600
725552 725600
221765 221968
951800 952000
211765 211970
174600 174421
873465 873657
823458 823658
791772 791977
71800 72005
251772 251971
265562 265600
871800 872016
533486 533695
991793 992002
723472 723677
3493 3696
324600 324283
794600 794413
543500 543711
14600 14272
983472 983682
771765 771972
3465 3660
783500 783701
131793 132003
713486 713697
591765 591970
725290 725600
831751 831942
741800 742004
775551 775600
525563 525600
83486 83690
835301 835600
193472 193669
23465 23656
721779 721981
471779 471974
443500 443712
971758 971961
123465 123655
45540 45600
255560 255600
573472 573669
71786 71987
913486 913695
303486 303684
881765 881969
303458 303648
833479 833683
423493 423707
83458 83654
413472 413682
975420 975600
521800 522010
854600 854287
753493 753698
385415 385600
823451 823649
63493 63703
663479 663679
613465 613671
554600 554547
793472 793682
651779 651976
705417 705600
571751 571937
813500 813714
123500 123700
631779 631980
573493 573696
964600 964410
291800 292018
85286 85600
13465 13658
181800 182002
261779 261978
363451 363646
211758 211961
833493 833701
961786 961999
591793 592006
985422 985600
271758 271949
753500 753707
401793 402006
311793 312005
613500 613716
673472 673668
403458 403647
274600 274280
971779 971988
143472 143679
611758 611957
711800 712010
713479 713688
533479 533686
201772 201981
581765 581972
635283 635600
271765 271958
414600 414294
794600 794544
711765 711965
534600 534281
753465 753662
391786 391999
903479 903688
751765 751957
655287 655600
585404 585600
661793 661992
973472 973665
781772 781979
511786 511994
773486 773685
583458 583649
721800 722008
781786 781997
403465 403656
691765 691969
403472 403665
363472 363673
785422 785600
171765 171959
544600 544414
505297 505600
535565 535600
71751 71942
711772 711974
203486 203685
201786 201999
503451 503637
593465 593656
881779 881987
681779 681989
871779 871989
83465 83663
594600 594548
161765 161961
743500 743709
73486 73692
314600 314543
865307 865600
341786 341990
801765 801966
945414 945600
343500 343713
251751 251944
1765 1955
885271 885600
993486 993698
103479 103677
811786 811991
953493 953696
751772 751966
671765 671973
523472 523679
684600 684297
484600 484409
884600 884424
81786 81985
651758 651949
233472 233680
545305 545600
213472 213665
645285 645600
461765 461958
354600 354282
923465 923666
204600 204558
965549 965600
33472 33682
301779 301989
391765 391972
744600 744279
434600 434422
883479 883673
493472 493666
703472 703681
794600 794282
173493 173700
494600 494535
621793 622000
171772 171968
41765 41966
901765 901965
351793 351997
121779 121987
791800 792013
955547 955600
741779 741977
384600 384288
121793 122005
871786 871998
743493 743700
63500 63712
473500 473706
623479 623687
155420 155600
605277 605600
951765 951955
281793 281992
493486 493684
925541 925600
991758 991957
913500 913713
991751 991948
191751 191937
223486 223700
234600 234272
674600 674426
105290 105600
761786 761982
564600 564542
85548 85600
713465 713670
841779 841976
211779 211988
693472 693664
733493 733702
793465 793673
43465 43671
761793 761991
125545 125600
3458 3651
484600 484540
834600 834552
373479 373680
263486 263692
123458 123646
71779 71978
944600 944275
363486 363691
203465 203658
91772 91965
965287 965600
954600 954408
693493 693691
363479 363682
383465 383660
201779 201990
273472 273672
921793 921997
193479 193678
931751 931941
613493 613707
651751 651940
151800 152008
541772 541970
583451 583640
174600 174552
601800 602013
441779 441980
891779 891985
613479 613689
883465 883655
833486 833692
643493 643701
545436 545600
413500 413718
161779 161979
951786 951982
263458 263656
655418 655600
724600 724537
303493 303693
343451 343650
341800 342008
263472 263674
