0 5
5 2994
00011
195 2998
011111111111111111111111111111111111011111111111111111111111111111111100011111111111111111111111111111111011111111111111111101111111111110111111111111111111111111111111111111111111111111111111110
197 2998
00000000000000001100101100000100010010000110000000100001111001101110000000101111011000001111011001101001101010100101000001110011111011010111011000101110100110101110001011001010110000010000001000011
43 2994
1101111111111110101111111011111110101111111
200 2994
00000000000001010100110101110000101010111010101101100000001100100110011001110111111110110010100101011110011110101100101111101000001000100111111011100100101101001110100100001000001010011111010000101000
