40
10 2
0110101011
10 5
1111100000
10 3
0001010000
10 5
0000101111
9 5
111010000
10 2
0011000000
9 5
111001000
10 2
0011111111
10 1
1111111001
10 1
0010000000
10 4
0000000001
10 5
0000101111
10 5
0000011111
10 2
0100100101
10 3
1110000000
10 1
1111011111
10 1
1101111101
10 1
0000000000
10 2
1111001011
9 1
000110111
10 2
1111111111
9 2
111111111
10 5
1111100000
10 2
0000000000
10 2
0000110011
10 5
1111100000
10 5
0000001111
10 5
0101011001
10 1
0000000110
9 2
000100000
10 5
1111100000
10 5
1111000000
10 1
0000000000
10 5
0000011111
10 5
1111110000
10 5
1111010000
10 2
0011000000
10 5
1111010000
9 1
100100110
10 5
0000101111
