40
974 490
11111111111111111111111111111111111111111111111111111111111111111111111111111111111111111111111111111111111111111111111111111111111111111111111111111111111111111111111111111111111111111111111111111111111111111111111111111111111111111111111111111111111111111111111111111111111111111111111111111111111111111111111111111111111111111111111111111111111111111111111111111111111111111111111111111111111111111111111111111111111111111111111111111111111111111111111111111111111111111111111111101100110000000000000000000000000000000000000000000000000000000000000000000000000000000000000000000000000000000000000000000000000000000000000000000000000000000000000000000000000000000000000000000000000000000000000000000000000000000000000000000000000000000000000000000000000000000000000000000000000000000000000000000000000000000000000000000000000000000000000000000000000000000000000000000000000000000000000000000000000000000000000000000000000000000000000000000000000000000000000000000000000000
909 122
111111111111111111111111111111111111111111111111111111111111111111111111111111111111111111111111111111111111111111111111111111111111111111111111111111111111111111111111111111111111111111111111111111111111111111111111111111111111111111111111111111111111111111111111111111111111111111111111111111111111111111111111111111111111111111111111111111111111101011011001101101111111000110111101110100111111110110000000010001111110000111001010000100000010100001101110000001101001111111111111111111111111111111111111111111111111111111111111111111111111111111111111111111111111111111111111111111111111111111111111111111111111111111111111111111111111111111111111111111111111111111111111111111111111111111111111111111111111111111111111111000110110010101100111000111010111101100111000110010101001111101111111111011100111101101111010011110010110011011101111101011111111111111111111111111111111111111111111111111111111111111111
999 665
000000000000000000000000000000000000000000000000000000000000000000000000000000000000000000000000000000000000000000000000000000000000000000000000000000000000000000000000000000000000000000000000000000000000000000000000000000000000000000000000000000000000000000000000000000000000000000000000000000000000000000000000000000000000000000000101110000100001100001111001000110100001100000101100101001110110010001100100011001110001100110001101001100010011110001110001100110111110000110101000001100111001100110100101111011110011110000000000011101111111011001100100000110100000111100111110111010100111101100110010011101010101101100001000111110011101000110001001011110101101010100111111111111111111111111111111111111111111111111111111111111111111111111111111111111111111111111111111111111111111111111111111111111111111111111111111111111111111111111111111111111111111111111111111111111111111111111111111111111111111111111111111111111111111111111111111111111111111111111111111111111111111111111111111111111111111111
978 638
111111111111111111111111111111111111111111111111111111111111111111111111111111111111111111111111111111111111111111111111111111111111111111111111111111111111111111111111111111111111111111111111111111111111111111111111111111111111111111111111111111111111111111111111111111111111111111111111111111111111111111111111111111111111111111111111111111111111111111111111111111111111111111111111111111111111111111111111111111111111111111111111111111111111111111111111111111111111111111111111111111111111111111111111111111111111111111111111111111111111111111111111111111111111111111111111111111111111101111101100100111100010101011100011000011000000001111010001000110011010001110000110001111111100000110011101010010111100010011111101011100110000001111101011111000100110001101100001101000101000010100011111010100111110011010100010110111100110010101110010010000001110101110010010111001001010001100100010010101100001110000111011100101001111101111100111111010111111101110110111000011000111111001
996 889
111111111111111111111111111111111111111111111111111111111111111111111111111111111111111111111111111111111101010101100111101000110010101110000001000111000101011011010110101110100100001101110011001001000010011001111001000011110010010000011011010011101000010011001010101110000100101111100110111010000111110011111000001101011010000000000111101011110010111011010010110111110111011101010010010000000001111111000001100011111111111110011101110101011100101011001001011111010000110110110101110010110000110111011110011001000000010000100111000101110000011010000110010100111010110011011000000010110110000001011011010111011110110111001011110000011011111111101101001110000101000100111110101000001001001100110101101111101000001001011001100111110111010010010010000000101110100011111001011011110000100110100101111101110001111111000101000111000010100101100110011011100101100110100101100001010100010001010000110000000000000000000000000000000000000000000000000000000000000000000000000000000000000000000000000000000000
944 554
11111111111111111111111111111111111111111111111111111111111111111111111111111111111111111111111111111111111111111111111111111111111111111111111111111111111111111111111111111111111111111111111111111111111111111111111111111111111111111111111111111111111111111111111111111111111111111111111111111111111111111111111111111111111111111111111111111111111111111111111111111111111111111111111111111010101110101001110011100111010000010001101011011111000100100101001001100010100000000010101000001001100000011010010010100110001100001101110001011110100011001110100000000000000000000000000000000000000000000000000000000000000000000000000000000000000000000000000000000000000000000000000000000000000000000000000000000000000000000000000000000000000000000000000000000000000000000000000000000000000000000000000000000000000000000000000000000000000000000000000000000000000000000000000000000000000000000000000000000000000000000000000000000000000000000000000000000000
942 419
011111110110100100000011100010011111110110011010110101101011111111100100100110110100111110000100001011000111110011111010101001101011110010011111000111111110001010001001000101011000001010101000000011111111101101010111100011110011100011110010001100011111001000000111111111111000010001100000100000010110111101100001101001001011010001101111010010010110110101011000111010111101000011011100110010001111101010011000100010011111011111110010000000010111100000111111000011011001110010011100000001000101010010110110110010010111101100001010100011110010101010100011011110011110101001101100110111000110000010000010001101110010000111011111010101111001010111010000011011000011001111000001101011110100011100001110011100100100001110110000000110111101010001110101100000010011010110000001000010110010110100101000001100101101111111011110011011010000011111101000110101000000010100111111101011010011100010011000000111011010110011011001101101000001100011011011010100
906 9
111011101111111001101011100001110000011111110111100000110101100000111000011110010110111111011110100010111010100010011011001011111011101001101111010011011010110101101100000110100110111011001100001011100110111101111001111011100110000001000011010000101001001100101110010110010001111001001000100000111111000110100110000101011111101001111011010000101000010111010011100010101010111001010011000000000100110110101010011100111010000000111000001111010001000111111110010011000111011000110010101110100110000100101111010011111001010001110011100011010001000001001001110100011101100011001101111000001100101000110000010110000111000100101001111101011000001011000000011101111001011110100110100100101001101100010000010011110101010010111110000000110110101100011010110001100001100000010010110111100110000011100000110011011111000101100010110011010001001000000000101010000011110110000100111111010010111101010000010011100100101001
997 430
0000000000000000000000000000000000000000000000000000000000000000000000000000000000000000000000000000000000000000000000000000000000000000000000000000000000000000000000000000000000000000000000000000000000000000000000000000000000000000000000000000000000000000000000000000000000000000000000000000000000000000000000000000000000000000000000000000000000000000000000000000000000000000000000000000000000000000000000000000000000000000000000000000000000000000000000000000000000000000000000000000000000000000000000000000000000000000000000000000000000000000000000000000000000000000000000000000000000000000000000000000000000000000000000000000000000000000000000000000000000000000000000000000000000000000000000000000000000000000000000000000000000000000000000000000000000000000011111011101010111101011011100100000100010111111010101100110111001010001001110000100100010101100001111110001111010110010100100001101101001110111001111100101010010000000111010001110000110010010101101101000101000010001100100101101011011011
998 265
00010111010010000001111011001101001111111101001101011100010111001101111111101010110101100010111001110111001100001011110100000111001001000101101101100101010100110111100010011101100110101111100101101111111110010000110000100001001100011101111001110101101001111000110011100000000000000000000000000000000000000000000000000000000000000000000000000000000000000000000000000000000000000000000000000000000000000000000000000000000000000000000000000000000000000000000000000000000000000000000000000000000000000000000000000000000000000000000000000000000000000000000000000000000000000000000000000000000000000000000000000000000000000000000000000000000000000000000000000000000000000000000000000000000000000000000000000000000000000000000000000000000000000000000000000000000000000000000000000000000000000000000000000000000000000000000000000000000000000000000000000000000000000000000000000000000000000000000000000000000000000000000000000000000000000000000000000000000000000000000000000000000000000000000000000000000000
905 851
11111111111111111111111111111111111111111111111111111010111011111010000101100100011010000110101010101111001111011011101101100100011001010011001111110101100001100101101111001110101110000011001010010001100111000010101101000001010110111011101011000011101000010110011111100010001010101010110010000011101010001101010001110101100111100100110010101100111101011000001010011100011010011111100001000000100110101000111111001001011111100011111101101110101001001011100001110010111110011101111101011010110110110001000101101111011011100010001011011000011100111010111000011000010111100010100110011011101010110011111011010001101011111101101010100111101011110111110111111010010111010111000101110111000110011011010011111011100101010101001100100011101000100111011101110101110011110101001001011011000100010001101001011101100110110111111110001100001001101111001000011011110000000000000000000000000000000000000000000000000000000
912 882
000000000000000000000000000001110110010000101111111011011011110000101000110100010000101010100000000101111111110010011110001001010100101110000001111000001100010010111101110111100001000000001001110011111011010101001000101110110000110011100101010010011101000110010111010001010110001011000111100111101100000111000101111011010000101101111110010000111011100100001111000000001111110000110100011100010110111100101000110111011000001111100000111101000001101001110101010100001111110111100010100101100001101110000100110000000001010010101011001000101101011010011000001101010000000011101110100101011001000010110111111010001011110011101110011100010010110111101110010000011110110111001000100100100000111010110111000010110111000111111110101111011110001110101011111101111111010011011001001010100100011111000111110000011010001111011011011110101111111110101110011110100111000011111011111100100100010010011111111111111111111111111111
962 21
11111111111111111111111111111111111111111111111111111111111111111111111111111111111111111111111111111111111111111111111111111111111111111111111111111111111111111111111111111111111111111111111111111111111111111111111111111111111111111111111111111111111111111111111111111111111111111111111111111111111111111111111111111111111111111111001001001010110110101111111111111111111111111111111111111111111111111111111111111111111111111111111111111111111111111111111111111111111111111111111111111111111111111111111111111111111111111111111111111111111111111111111111111111111111111111111111111111111111111111111111111111111111111111111111111111111111111111111111111111111111111111111111111111111111111111111111111111111111111111111111111111111111111111111111111111111111111111111111111111111111111111111111111111111111111111111111111111111111111111111111111111111111111111111111111111111111111111111111111111111111111111111111111111111111111111111111111111111111111111111111
847 510
1111111111111111111111111111111111111111111111111111111111111111111111111111111111111111111111111111111111111111111111111111111111111111111111111111111111111111111111111111111111111111111111111111111111111111111111111111111111111111111111111111111111111111111111111111111111111111111111111111111111111111111111111111111111111111111111110110000110001110111110101101001011011010101111111101011010000111100000110111011101100111001110101110011110001111011100011111011111100100010001010010000000101000111010001001110000000000000000000000000000000000000000000000000000000000000000000000000000000000000000000000000000000000000000000000000000000000000000000000000000000000000000000000000000000000000000000000000000000000000000000000000000000000000000000000000000000000000000000000000000000000000000000000000000000000000000000000000000000000000000000000000
944 573
00000000000000000000000000000000000000000000000000000000000000000000000000000000000000000000000000000000000000000000000000000000000000000000000000000000000000000000000000000000000000000000000000000000000000000000000000000000000000000000000000000000000000000000000000000000000000000000000000000000000000000000000000000000000000000000000000000000000000000000000000000000001000110010110011111101010011101001001001011101100101110001001101111111101100110100111010101000101111110100010001001000100111101000010001001101011000101110010111001110101000101110011101000111010011000100001111111111111111111111111111111111111111111111111111111111111111111111111111111111111111111111111111111111111111111111111111111111111111111111111111111111111111111111111111111111111111111111111111111111111111111111111111111111111111111111111111111111111111111111111111111111111111111111111111111111111111111111111111111111111111111111111111111111111111111111111111111111
955 497
1111111111111111111111111111111111111111111111111111111111111111111111111111111111111111111111111111111111111111111111111111111111111111111111111111111111111111111111111111111111111111111111111111111111111111111111111111111111111111111111111111111111111111111111111111111111111111111111111111111111111111111111111111111111111111111111111111111111111111111111111111111111111111111111111111111111111111111111111111111111111111111111111111111111111111111111111111111111111111111111111111111111111111111111111111111111111111111111111111111111111111111111111111111111111111111111111111111111111111111111111111111111111111111111111111111111111111010000011000000101011111101011101110010010101011010001000111001110101000001000111010100000100100000110111110100101010100101010101010000001101100100100000111101000110000100111110110011101011100010000111110101001100001001111000000010111011110011110100001000101111011101101110110100001100011001101001000100100010001001
994 609
1111111111111111111111111111111111111111111111111111111111111111111111111111111111111111111111111111111111111111111111111111111111111111111111111111111111111111111111111111111111111111111111111111111111111111111111111111111111111111111111111111111111111111111111111111111111111111111111111111111111111111111111111111111111111111111111111111111111111111111111111111111111111111111111111111111111111111111111111111111111111111111111111111111111111111111010111111110000110101100011111011111111111111111111110111111101111111111111111111111111111111110111111111101110011111111111111011111101110011011111111111111111111011111111111111111111111111110111111111111011001111111111111110101111111111111111101111111101010110111111111111111110011110101001110011011111111111111111011010111111101111111111011111110111111111101101111111011111111111110111101011111001101111111010111111111110010001111111010010011100110110101110000010010111110111000001111101111110111111111111011110101010100111110111001111001111
970 793
1111111111111111111111111111111111111111111111111111111111111111111111111111111111111111111111111111111111111111111111111111111111111111111111111111111111111111111111111111111111111000010100010101110101000101100110110111101001110011111101100000000000000111100000100111011101000111100111000111011001001111001110101000110010000001011111001100111000010111110100110110010001000110011000111101111100001010010101001010111011101101110011010111010111001010111001001000000111100111100001010001000110100010111000101011111000111100011101111011100110110101110011111100111111110101001001111001110111111000100111011011110000001011101000000010000101011000010000010000111010000001010101010100100101001001001000110111000101100001110001011010000010111110101010000000000010101111010101010000110100110011111110100100000000000000000000000000000000000000000000000000000000000000000000000000000000000000000000000000000000000000000000000000000000000000000000000000000000000000000000000000000000
920 602
11111111111111111111111111111111111111111111111111111111111111111111111111111111111111111111111111111111111111111111111111111111111111111111111111111111111111111111111111111111111111111111111111111111111111111111111111111111111111111111111111111111111111111111111111111111111111111111111111111111111111111111111111111001011111011000001111111100000011000001010111101000110011001000011000101010011111101111101100001000100101000000100110010001110110110011110001100011011100000111110110000111101001010011110010000000001001011101111011110110010110000011111000011110010001010011110010000001110110010011111110100000000000000000000000000000000000000000000000000000000000000000000000000000000000000000000000000000000000000000000000000000000000000000000000000000000000000000000000000000000000000000000000000000000000000000000000000000000000000000000000000000000000000000000000000000000000000000000000000000000000000000000000000000
997 328
1111111111111111111111111111111111111111111111111111111111111111111111111111111111111111111111111111111111111111111111111111111111111111111111111111111111111111111111111111111111111111111111111111111111111111111111111111111111111111111111111111111111111111111111111111111111111111111111111111111111111111111111111111111111111111111111111111111111111111111111111111111111111111111111111111111111111111111111111111111111111111111111111111111111111111110001101111111111010011101110000100000011100101000110010011001100010101100110000001110001001011111000011001010011111101010100101010000111111001110100001110101000011000000110100010011011011100001110100010001101011000001110110010000110000101001000100111110100000111100110001010000010110010010110100001101010101011111100111001110000111111111111111111111111111111111111111111111111111111111111111111111111111111111111111111111111111111111111111111111111111111111111111111111111111111111111111111111111111111111111111111111111111111111111111111111111111
971 894
11111111111111111111111111111111111111111111111111111111111111111111111111110100101110101000010110110001100011010001110101100101001001101011110001101100111110011101111000001100001001100011100111110011110001110110101111101001001000000111010000111011111100101101101011010111111111011001001101111101100101000000010110101010100011100010001111010100100100010110001111100000010100011110000110000110111101110110100111111111011001100110001101101001101011100000001000111000010000000111111111000000001111010011100101100001001010100011110010110010100000111010000001101111000010110011110101111110010110111101001100010011110100100001000101111110111111100101001100011110000001111110100110010011100110100101000110101110100101101101000100001110011010110001000111000101000101100110110110010101010110011001000100001101000100000000011001111100001010011100001010110010100111100000110100100010011110100011000001101100000000000000000000000000000000000000000000000000000000000000000000000000000
902 266
11111111111111111111111111111111111111111111111111111111111111111111111111111111111111111111111111111111111111111111111111111111111111111111111111111111111111111111111111111111111111111111111111111111100100011000010001110111011100001110010001010101000000011110100000000001011011001101110011111011111101110101111010101000011010011011000100000010010100000000110110101001001010001111011010011101100010111111111001010110101111001000001001100111110100011110001000100010100111111111111111111111111111111111111111111111111111111111111111111111111111111111111111111111111111111111111111111111111111111111111111111111111111111111111111111111111111111111111111111111111111111111111111111111111111111111111111111111111111111111111111111111111111111111111111111111111111111111111111111111111111111111111111111111111111111111111111111111111111111111111111111111111111111111111111111111111111111111111111111111111111
847 455
0000000000000000000000000000000000000000000000000000000000000000000000000000000000000000000000000000000000000000000000000000000000000000000000000000000000000000000000000000000000000000000000000000000000000000000000000000000000000000000000000000000000000000000000000000000000000000000000000000000000000000000000000000000000000000000000000000000000000000000000000000000000000000000000000000000000111011100101111101110110110110011000010010000110010010010100011111111111111111111111111111111111111111111111111111111111111111111111111111111111111111111111111111111111111111111111111111111111111111111111111111111111111111111111111111111111111111111111111111111111111111111111111111111111111111111111111111111111111111111111111111111111111111111111111111111111111111111111111111111111111111111111111111111111111111111111111111111111111111111111111111111
964 19
0000000000000000000000000000000000000000000000000000000000000000000000000000000000000000000000000000000000000000000000000000000000000000000000000000000000000000000000000000000000000000000000000000000000000000000000000000000000000000000000000000000000000000000000000000000000000000000000000000000000000000000000000000000000000000000000000000000000000000000000000000000000000000000000000000000000000000000000000000000000000000000000000000000000000000000000000000000000000000000000000000000000000000000000000000000000000000000000000000000000000000000000000000000000000000000000000000000000000000000000000000000000000000000000000000000000000000000000000000000000000000000000000000000000000000000000000000000000000000000000000000000000000000000000000000000000000000000000000000000000000000000000000000000000000000000000000000000000000000000000000000000000000000000000000000000000000010111010100010000000000000000000000000000000000000000000000000000000000000000000000000
962 1
00000000000000000000000000000000000000000000000000000000000000000000000000000000010000000000000000000000000000000000000000000000000000000000000000000000000000000000000000000000000000000000000000000000000000000000000000000000000000000000000000000000000000000000000000000000000000000000000000000000000000000000000000000000000000000000000000000000000000000000000000000000000000000000000000000000000000000000000000000000000000000000000000000000000000000000000000000000000000000000000000000000000000000000000000000000000000000000000000000000000000000000000000000000000000000000000000000000000000000000000000000000000000000000000000000000000000000000000000000000000000000000000000000000000000000000000000000000000000000000000000000000000000000000000000000000000000000000000000000000000000000000000000000000000000000000000000000000000000000000000000000000000000000000000000000000000000000000000000000000000000000000000000000000000000000000000000000000000000000000000000
986 68
00000011100110001000110010011111001011011000100110001110100011100000110101010000110001001111110011100101110000100110011110010001101100100000110110011011110000010110001001001011001011100010111110111101111010111101001110100011101010011100101011000111001111010001001001110110011001011000111010111110011001110110000010011111000111101101111010001001001011001101111000000100100001110101110010100011111000110111110010110000111111000011000111000001101111101010111101010101001101000111001010010100011000010010101111101100000110000100000010101011111011111010001111111001101000010101111000001011101000000010001100101101110110100010101101101001010011011001100011111001100100000011000011101111100111110110110111111010100110101001101111111000011001111000011111111111110011001010110100101001111011101100111100111010100100011001001111001111010010110011000100001010110001110111100011001001110100011010110000001101100010010001011101110010011001011101111001101001100010111010101110000001101111010001011010
946 639
0000000000000000000000000000000000000000000000000000000000000000000000000000000000000000000000000000000000000000000000000000000000000000000000000000000000000000000000000000000000000000000000000000000000000000000000000000000000000000000000000000000000000000000000000000000000000000000000000000000000000000000101101011000001010001100010101101110110001010110010001110000010110000000101110110100011010010110100010111000100100110111011011111100101010110110011010000000100011111100111010110100110111000001111101111011100100100010010011001000001101000100011101100110100100011001011111110100011110010011010110000010110010011101111001000010110010100111111111111111111111111111111111111111111111111111111111111111111111111111111111111111111111111111111111111111111111111111111111111111111111111111111111111111111111111111111111111111111111111111111111111111111111111111111111111111111111111111111111111111111111111111111111111111111111111111111111111111111
999 261
111011100000001000001101101110111100111011101111011010001000001100111100100110101101011100100101000101010011100110101101110101000011101010001011101100110001010001100001000110010111000011011011110001010000010101111000100110001011001000010011111110111000010001100010010111110111111010110101110001100011100000010001001010111000010101010101111001010011101110011000101001101001101111011100101000100011010011010001011110101110111000011110001001110011101111011001100110000010111010110100001011011100010010001010110011001111101110101000000010100101010101001001101001011111011101100001010010010000001010010010100110111000001011010011111111000011110011101001011100011010011011101010011001101110000111010101001100010001000001111111010111010111110010000101011101111111110001100100001101010011101100111001010011011110000111010010100000000101000111000000101101111111011011110011011010110001110010001110001001000110010111101110110100001100001001010111011101001111000000000001100110000010000000101011010111000100100
979 432
0000000000000000000000000000000000000000000000000000000000000000000000000000000000000000000000000000000000000000000000000000000000000000000000000000000000000000000000000000000000000000000000000000000000000000000000000000000000000000000000000000000000000000000000000000000000000000000000000000000000000000000000000000000000000000000000000000000000000000000000001001000010011110100111000000110000011000110000101000100001011000100010110101000101010100010100100100001001010011110000100000011010111001100010010101111000110101100111101000101111111000100110001011010011110111111110000110110100000110011010110111010111000110010000001110111111010111000010101100101000100001110001110101011110111101101010000011001001011100110100001010001000100010000100000100110100111001001100110011101100001100101110000000000000000000000000000000000000000000000000000000000000000000000000000000000000000000000000000000000000000000000000000000000000000000000000000000000000000000000000000000000000000000000
933 232
111111111111111111111111111111111111111111111111111111111111111111111111111111111111111111111111111111111111111111111111111111111111111111111111111111111111111111111111111111111111111111111111111111111111111111111111111111111111111111111111111111111111111111111111111111111111111111111111111111111111111111111111111111111111111111111111111111111111111111111111111111111111111111111111111111111111111111111111111111111111111111111111111111111111111111111111111111111111111111111111111111111111111111111111111111111111111111111111111111111111111111111111111111111111111111111111111111111111111111111111111111111111111111111111111111111111111111111111111111111111111111111111111111111111111111111111111111111111111111111111111111111111111111111111111111111111000010100001100001110000101100010000101101011001001001101010110110000000010000011101011011000001001011010111100010000010000001000001101001001000001010000110110111100111111111100
935 405
00010000000100001001111111000011101010010011001111010111001100000100111001010111011010000011000011100101101011101000011011000110011100000000110000010100101101111011000101001000101010111111111100101000000010101010011100010101111111010100110010010010010111011001001100011000101011110011010100101110111010100011111101000101110010110001111000001110010011011110001011000101111110100100001101111111010101100100011001010000001100100010001101111111010110001010101110010010100111011010101101111110001101101010111011101010000111000110001111010001001000001000110111000000010010111101001101001100110001000111011011001010001010001001110110001010001101011111110100111111001110101110010010011101011010110000011101101100001001001101100011001001100111101011000101111110110111100010111110011111101000111011000110000111100000101000100001110011011101101100011110001101000000100111111010101111000101001100011110000010011010101011010100000010111100110001111
753 634
000000000000000000000000000000000000000000000000000000000000000000000000000000000000000000000000000000000000000000000011010111100101001001100011000010100000101010011000110111011010111011011001011011110110000011100100000011100110101010010101001010000001000100011110101000111010101110111001000101110010011000110101000001110010001100100100010001001010011111111011111011100101011001011111011110001100100100011011000110001010011100111000011010110100101010100001100001001000010100010101110001010111100000011001001010110110000001101101100110101010100011011100110011110010010000011000110011011100000100110101101101000111010000100011010001100111111111111111111111111111111111111111111111111111111111111111111111111111111111111111111111111111111111111111111111111
989 324
11111111111111111111111111111111111111111111111111111111111111111111111111111111111111111111111111111111111111111111111111111111111111111111111111111111111111111111111111111111111111111111111111111111111111111111111111111111111111111111111111111111111111111111111111111111111111111111111111111111111111111111111111111111111111111111111111111111111111111111111111111111111111111111111111111111111111111111111111111111111111111111111111111111111111111111111111111111111111111111111111111111111111111111110011010110010111111111110011111010001001000100000100001111111000010011101011000011010101110111101101001000110110001010001000010101111111001100011011111011100000101110001001010110110101011011010000010000001110100111000011010100000101000110010000111000000000100100001000000010100000000010000010001100001101100000000000100000011111110111001110000111101101110111111001110000010011000100101100001000101001001010000010001010110000001010001000110000100000000101010000111010100000100101110000011
988 107
0000000000000000000000000000000000000000000000000000000000000000000000000000000000000000000000000000000000000000000000000000000000000000000000000000000000000000000000000000000000000000000000000000000000000000000000000000000000000000000000000000000000000000000000000000000000000000000000000000000000000000000000000000000000000000000000000000000000000000000000000000000000000000000000000000000000000000000000000000000000000000000000000111010110001001000000100001100110011011111111001011101101111101101011110001010111111110111111011110101010000010011011100001110110111000100001111001101111101111110010111001001111111111100110001011101100100101110011110011110110011010101000100101001001010110000000000000000000000000000000000000000000000000000000000000000000000000000000000000000000000000000000000000000000000000000000000000000000000000000000000000000000000000000000000000000000000000000000000000000000000000000000000000000000000000000000000000000000000000000000000000000000000000000000000000
981 512
111001110010011000000000011000000010010000011100010010000011001000011101001011010000000100110110110011011111011110010000011010010001111001000001111110001001000100000011101000001011100111010101110000011000101000101111101001011001101000001101010001110100001111000110010101101101001100011100000011010111100100110110111011010011000011000101110101110110100110111100110101010100001001101111000100111111000010101011110011000010101010001001011000111100111111101000110000011110110100111000100101110110010110000101100111001110101111110101000101111001001100001000100100111010010011100001001101010110011000000101111011011001000100111100101100101011001000110010101100100001010101010110000101110110101110100001010110001100010101100001000101110010011010110110110001000111111110001010111101101001010111101101100001110011000110010010011100100011111000001100000101111110111110110011100111000001111001111100101010000000111100011011110001110001100100010010000010100101011100000100110101000001000011000
923 619
00000000000000000000000000000000000000000000000000000000000000000000000000000000000000000000000000000000000000000000000000000000000000000000000000000000000000000000000000000000000000000000000000000000000000000000000000000000000000000000000000000000000000000000000000000000000000000000000000000000000000011101100011111000110000011100000010011100001100011101010001001000100010101110011110011011010111110000010011111100010010001010110110110010110010111010000011101101000010011110101000001111101110101111100011000100100010110101101000000001010001001011101011110111010001011010111010100110011010000100011101100110111111011110111111111111111111111111111111111111111111111111111111111111111111111111111111111111111111111111111111111111111111111111111111111111111111111111111111111111111111111111111111111111111111111111111111111111111111111111111111111111111111111111111111111111111111111111111111111111111111111111111111111111111
900 229
111111111111111111111111111111111111111111111111111111111111111111111111111111111111111111111111111111111111111111111111111111111111111111111111111111111111111111111111111111111111111111111111111111111111111111111111111111111111111111111111111111111111111111111111111111111111111111111111111111111111111111111111111111111111111111111111111111111111111111111111111111111111111111111111111111111111111111111111111111111111111111111111111111111111111111111111111111111111111111111111111111111111111111111111111111111111111111111111111111111111111111111111111111111111111111111111111111111111111111111111111111111111111111111111111111111111111111111111111111111111111111111111111111111111111111111111111111111111111111111111111111111111111111111111111111111100000101001010101100010110000011110000101010110001000000000000101010110001110001100011011010111000110011110011100100100001011001111001010011011111
995 60
11111111111111111111111111111111111111111111111111111111111111111111111111111111111111111111111111111111111111111111111111111111111111111111111111111111111111111111111111111111111111111111111111111111111111111111111111111100100100111111010100011110110100010100110010101010001101101111111111111111111111111111111111111111111111111111111111111111111111111111111111111111111111111111111111111111111111111111111111111111111111111111111111111111111111111111111111111111111111111111111111111111111111111111111111111111111111111111111111111111111111111111111111111111111111111111111111111111111111111111111111111111111110000001101010010101000010000110100010100100111110010011111111111111111111111111111111111111111111111111111111111111111111111111111111111111111111111111111111111111111111111111111111111111111111111111111111111111111111111111111111111111111111111111111111111111111111111111111111111111111111111111111111111111111111111111111111111111111111111111111111111111111111111111111111111111111
856 72
1111111111111111111111111111111111111111111111111111111111111111111111111111111111111111111111111111111111111111111111111111111111111111111111111111111111111111111111111111111111111111111111111111111111111111111111111111111111111111111111111111111111111111111111111111111111111111111111111111111111111111111111111111111111111111111111111111111111111111111111111111111111111111111111111111111111111111111111111111111111111111111111111111111111111111111111111111111111111111111111111111111111111111111111111111111111111111111111111111111111111111111111111111111111111111111111111111111111111111111111111111111111111111111111111111111111111111111111111111111111111111111111111111111111111111111111111111111111111111111010000100111000000111011000101111100111100100110011000001000000110010001111111111111111111111111111111111111111111111111111111111111111111111
962 427
11111100000000111011010001010100101111010110111011101110110001000010011101111110011101010010101111110111000100010000101100101010010010011010001000010010110001101001110101100100111001001101101100110010110100101100000100101111011011010000111000000000000110010001001001010100111001111010101101010011100011101111111101011000100100111010011100110100110110011000001100000110000011100101000000110111001000010000001101001101001100111000001010110111011000011100110000010010110100000011010111000011111011000001011101001111101011101001100011110110101110011011110111001001100111000111101001111101110000110010011011110010011011011110111000011100110111011101100101001100000000100111000111010010010110111000011001111010011001101011010111000011000000100010110110100001000001101111010001001000011110011110111110010111000100100111000110001101011001011001001100000000001101111110111010000011001010110100110111101111011101111001110000011011111000101010110000111110000101111001111010
