1000 999999937
1 2
2 3
3 4
4 5
5 6
6 7
7 8
8 9
9 10
10 11
11 12
12 13
13 14
14 15
15 16
16 17
17 18
18 19
19 20
20 21
21 22
22 23
23 24
24 25
25 26
26 27
27 28
28 29
29 30
30 31
31 32
32 33
33 34
34 35
35 36
36 37
37 38
38 39
39 40
40 41
41 42
42 43
43 44
44 45
45 46
46 47
47 48
48 49
49 50
50 51
51 52
52 53
53 54
54 55
55 56
56 57
57 58
58 59
59 60
60 61
61 62
62 63
63 64
64 65
65 66
66 67
67 68
68 69
69 70
70 71
71 72
72 73
73 74
74 75
75 76
76 77
77 78
78 79
79 80
80 81
81 82
82 83
83 84
84 85
85 86
86 87
87 88
88 89
89 90
90 91
91 92
92 93
93 94
94 95
95 96
96 97
97 98
98 99
99 100
100 101
101 102
102 103
103 104
104 105
105 106
106 107
107 108
108 109
109 110
110 111
111 112
112 113
113 114
114 115
115 116
116 117
117 118
118 119
119 120
120 121
121 122
122 123
123 124
124 125
125 126
126 127
127 128
128 129
129 130
130 131
131 132
132 133
133 134
134 135
135 136
136 137
38 138
75 139
112 140
12 141
49 142
86 143
123 144
23 145
60 146
97 147
134 148
34 149
71 150
108 151
8 152
45 153
82 154
119 155
19 156
56 157
93 158
130 159
30 160
67 161
104 162
4 163
41 164
78 165
115 166
15 167
52 168
89 169
126 170
26 171
63 172
100 173
137 174
37 175
74 176
111 177
11 178
48 179
85 180
122 181
22 182
59 183
96 184
133 185
33 186
70 187
107 188
7 189
44 190
81 191
118 192
18 193
55 194
92 195
129 196
29 197
66 198
103 199
3 200
40 201
77 202
114 203
14 204
51 205
88 206
125 207
25 208
62 209
99 210
136 211
36 212
73 213
110 214
10 215
47 216
84 217
121 218
21 219
58 220
95 221
132 222
32 223
69 224
106 225
6 226
43 227
80 228
117 229
17 230
54 231
91 232
128 233
28 234
65 235
102 236
2 237
39 238
76 239
113 240
13 241
50 242
87 243
124 244
24 245
61 246
98 247
135 248
35 249
72 250
109 251
9 252
46 253
83 254
120 255
20 256
57 257
94 258
131 259
31 260
68 261
105 262
5 263
42 264
79 265
116 266
16 267
53 268
90 269
127 270
27 271
64 272
101 273
1 274
38 275
75 276
112 277
12 278
49 279
86 280
123 281
23 282
60 283
97 284
134 285
34 286
71 287
108 288
8 289
45 290
82 291
119 292
19 293
56 294
93 295
130 296
30 297
67 298
104 299
4 300
41 301
78 302
115 303
15 304
52 305
89 306
126 307
26 308
63 309
100 310
137 311
37 312
74 313
111 314
11 315
48 316
85 317
122 318
22 319
59 320
96 321
133 322
33 323
70 324
107 325
7 326
44 327
81 328
118 329
18 330
55 331
92 332
129 333
29 334
66 335
103 336
3 337
40 338
77 339
114 340
14 341
51 342
88 343
125 344
25 345
62 346
99 347
136 348
36 349
73 350
110 351
10 352
47 353
84 354
121 355
21 356
58 357
95 358
132 359
32 360
69 361
106 362
6 363
43 364
80 365
117 366
17 367
54 368
91 369
128 370
28 371
65 372
102 373
2 374
39 375
76 376
113 377
13 378
50 379
87 380
124 381
24 382
61 383
98 384
135 385
35 386
72 387
109 388
9 389
46 390
83 391
120 392
20 393
57 394
94 395
131 396
31 397
68 398
105 399
5 400
42 401
79 402
116 403
16 404
53 405
90 406
127 407
27 408
64 409
101 410
1 411
38 412
75 413
112 414
12 415
49 416
86 417
123 418
23 419
60 420
97 421
134 422
34 423
71 424
108 425
8 426
45 427
82 428
119 429
19 430
56 431
93 432
130 433
30 434
67 435
104 436
4 437
41 438
78 439
115 440
15 441
52 442
89 443
126 444
26 445
63 446
100 447
137 448
37 449
74 450
111 451
11 452
48 453
85 454
122 455
22 456
59 457
96 458
133 459
33 460
70 461
107 462
7 463
44 464
81 465
118 466
18 467
55 468
92 469
129 470
29 471
66 472
103 473
3 474
40 475
77 476
114 477
14 478
51 479
88 480
125 481
25 482
62 483
99 484
136 485
36 486
73 487
110 488
10 489
47 490
84 491
121 492
21 493
58 494
95 495
132 496
32 497
69 498
106 499
6 500
43 501
80 502
117 503
17 504
54 505
91 506
128 507
28 508
65 509
102 510
2 511
39 512
76 513
113 514
13 515
50 516
87 517
124 518
24 519
61 520
98 521
135 522
35 523
72 524
109 525
9 526
46 527
83 528
120 529
20 530
57 531
94 532
131 533
31 534
68 535
105 536
5 537
42 538
79 539
116 540
16 541
53 542
90 543
127 544
27 545
64 546
101 547
1 548
38 549
75 550
112 551
12 552
49 553
86 554
123 555
23 556
60 557
97 558
134 559
34 560
71 561
108 562
8 563
45 564
82 565
119 566
19 567
56 568
93 569
130 570
30 571
67 572
104 573
4 574
41 575
78 576
115 577
15 578
52 579
89 580
126 581
26 582
63 583
100 584
137 585
37 586
74 587
111 588
11 589
48 590
85 591
122 592
22 593
59 594
96 595
133 596
33 597
70 598
107 599
7 600
44 601
81 602
118 603
18 604
55 605
92 606
129 607
29 608
66 609
103 610
3 611
40 612
77 613
114 614
14 615
51 616
88 617
125 618
25 619
62 620
99 621
136 622
36 623
73 624
110 625
10 626
47 627
84 628
121 629
21 630
58 631
95 632
132 633
32 634
69 635
106 636
6 637
43 638
80 639
117 640
17 641
54 642
91 643
128 644
28 645
65 646
102 647
2 648
39 649
76 650
113 651
13 652
50 653
87 654
124 655
24 656
61 657
98 658
135 659
35 660
72 661
109 662
9 663
46 664
83 665
120 666
20 667
57 668
94 669
131 670
31 671
68 672
105 673
5 674
42 675
79 676
116 677
16 678
53 679
90 680
127 681
27 682
64 683
101 684
1 685
38 686
75 687
112 688
12 689
49 690
86 691
123 692
23 693
60 694
97 695
134 696
34 697
71 698
108 699
8 700
45 701
82 702
119 703
19 704
56 705
93 706
130 707
30 708
67 709
104 710
4 711
41 712
78 713
115 714
15 715
52 716
89 717
126 718
26 719
63 720
100 721
137 722
37 723
74 724
111 725
11 726
48 727
85 728
122 729
22 730
59 731
96 732
133 733
33 734
70 735
107 736
7 737
44 738
81 739
118 740
18 741
55 742
92 743
129 744
29 745
66 746
103 747
3 748
40 749
77 750
114 751
14 752
51 753
88 754
125 755
25 756
62 757
99 758
136 759
36 760
73 761
110 762
10 763
47 764
84 765
121 766
21 767
58 768
95 769
132 770
32 771
69 772
106 773
6 774
43 775
80 776
117 777
17 778
54 779
91 780
128 781
28 782
65 783
102 784
2 785
39 786
76 787
113 788
13 789
50 790
87 791
124 792
24 793
61 794
98 795
135 796
35 797
72 798
109 799
9 800
46 801
83 802
120 803
20 804
57 805
94 806
131 807
31 808
68 809
105 810
5 811
42 812
79 813
116 814
16 815
53 816
90 817
127 818
27 819
64 820
101 821
1 822
38 823
75 824
112 825
12 826
49 827
86 828
123 829
23 830
60 831
97 832
134 833
34 834
71 835
108 836
8 837
45 838
82 839
119 840
19 841
56 842
93 843
130 844
30 845
67 846
104 847
4 848
41 849
78 850
115 851
15 852
52 853
89 854
126 855
26 856
63 857
100 858
137 859
37 860
74 861
111 862
11 863
48 864
85 865
122 866
22 867
59 868
96 869
133 870
33 871
70 872
107 873
7 874
44 875
81 876
118 877
18 878
55 879
92 880
129 881
29 882
66 883
103 884
3 885
40 886
77 887
114 888
14 889
51 890
88 891
125 892
25 893
62 894
99 895
136 896
36 897
73 898
110 899
10 900
47 901
84 902
121 903
21 904
58 905
95 906
132 907
32 908
69 909
106 910
6 911
43 912
80 913
117 914
17 915
54 916
91 917
128 918
28 919
65 920
102 921
2 922
39 923
76 924
113 925
13 926
50 927
87 928
124 929
24 930
61 931
98 932
135 933
35 934
72 935
109 936
9 937
46 938
83 939
120 940
20 941
57 942
94 943
131 944
31 945
68 946
105 947
5 948
42 949
79 950
116 951
16 952
53 953
90 954
127 955
27 956
64 957
101 958
1 959
38 960
75 961
112 962
12 963
49 964
86 965
123 966
23 967
60 968
97 969
134 970
34 971
71 972
108 973
8 974
45 975
82 976
119 977
19 978
56 979
93 980
130 981
30 982
67 983
104 984
4 985
41 986
78 987
115 988
15 989
52 990
89 991
126 992
26 993
63 994
100 995
137 996
37 997
74 998
111 999
11 1000
