73 5000
140 1 120 1
53 40 162 220
79 1 85 1
81 0 16 1
83 1 118 1
75 0 6 1
245 0 47 3
127 1 128 1
123 3 273 1
134 0 1 1
224 0 31 3
14 3 256 0
110 1 126 1
137 1 138 1
292 2 25 3
74 0 34 1
86 0 58 1
257 1 88 3
133 1 137 1
285 4 296 3
216 4 287 0
143 1 144 1
100 0 28 1
74 1 75 1
81 0 16 1
129 3 280 1
104 3 282 1
114 0 42 1
120 2 204 1
253 1 83 3
111 2 185 1
121 2 201 1
75 1 76 1
75 0 21 1
112 1 113 1
102 1 130 1
108 1 121 1
126 2 200 1
89 0 32 1
74 0 45 1
80 1 81 1
98 0 51 1
120 2 199 1
114 2 195 1
78 1 82 1
133 3 287 1
102 1 108 1
110 181 129 4
120 2 194 1
171 5 261 0
121 0 66 1
74 0 2 1
131 3 284 1
120 0 66 1
79 1 85 1
299 2 299 300
121 1 122 1
132 3 291 1
74 1 1 73
80 1 87 1
129 2 203 1
127 1 128 1
74 0 40 1
118 2 207 1
93 1 112 1
28 3 268 0
74 0 34 1
120 2 199 1
129 3 251 1
87 2 158 1
84 0 12 1
234 1 118 3
233 4 152 2
286 3 281 3
88 1 100 1
100 1 101 1
127 1 128 1
129 3 276 1
127 3 289 1
13 0 61 0
72 1 22 0
102 141 20 272
143 3 291 1
81 0 16 1
87 0 37 1
74 0 6 1
120 0 48 1
229 0 24 3
81 1 88 1
129 3 281 1
113 2 187 1
113 1 126 1
263 3 268 3
55 3 250 0
94 0 43 1
291 1 246 4
74 0 2 1
275 3 253 3
141 2 215 1
141 0 69 1
96 1 118 1
100 1 103 1
113 0 61 1
82 0 18 1
131 2 216 1
97 1 120 1
295 1 105 4
121 0 61 1
116 0 44 1
129 3 280 1
130 2 214 1
290 18 61 295
85 0 24 1
129 3 280 1
74 0 57 1
218 1 276 2
128 3 278 1
156 1 82 2
72 2 73 2
133 2 209 1
150 150 300 0
118 1 134 1
95 0 38 1
233 187 297 1
108 0 71 1
81 0 16 1
300 300 74 73
80 1 83 1
89 0 32 1
111 1 124 1
295 1 81 4
103 1 114 1
90 1 91 1
76 0 19 1
129 3 280 1
94 0 43 1
74 0 11 1
114 0 70 1
282 0 11 3
76 1 78 1
97 1 108 1
106 0 67 1
97 1 120 1
74 0 34 1
2 300 300 150
76 1 78 1
106 1 107 1
98 1 99 1
150 1 73 2
174 5 261 4
127 3 274 1
73 0 74 0
74 0 54 1
88 0 28 1
88 0 59 1
119 2 198 1
75 3 250 1
121 1 122 1
106 0 38 1
97 1 120 1
209 2 173 2
280 0 59 3
24 3 276 0
87 0 29 1
105 1 136 1
125 1 137 1
117 2 200 1
208 28 216 276
88 0 30 1
84 0 12 1
132 1 133 1
63 2 31 2
159 0 61 2
130 1 131 1
109 0 59 1
142 1 143 1
74 0 6 1
86 0 20 1
79 1 85 1
279 0 46 3
74 0 54 1
121 1 122 1
4 3 286 0
117 1 132 1
11 3 244 0
84 1 89 1
105 0 64 1
298 1 108 4
122 0 72 1
114 0 42 1
74 0 14 1
125 3 279 1
125 2 206 1
123 3 270 1
77 1 79 1
123 2 204 1
132 1 139 1
1 38 106 94
82 1 88 1
200 3 270 2
105 0 64 1
201 0 72 4
141 2 215 1
139 3 268 1
33 3 248 0
188 3 234 2
121 2 201 1
76 1 79 1
102 1 104 1
141 0 69 1
140 0 69 1
123 2 197 1
141 0 69 1
129 3 280 1
273 0 219 1
90 1 91 1
128 3 290 1
74 0 62 1
118 1 134 1
74 3 281 0
106 0 67 1
106 1 107 1
122 3 269 1
74 0 54 1
123 2 204 1
90 0 61 1
88 1 100 1
276 0 11 3
21 1 83 0
111 1 124 1
124 3 275 1
111 0 39 1
99 1 104 1
84 0 19 1
133 2 218 1
79 1 85 1
72 3 232 0
94 0 43 1
99 0 52 1
120 1 127 1
112 2 186 1
78 1 123 1
59 3 249 0
120 2 194 1
138 3 290 1
134 2 208 1
99 0 52 1
123 3 273 1
290 3 238 3
99 1 109 1
99 1 109 1
116 2 193 1
110 2 184 1
33 1 100 0
120 0 48 1
96 0 46 1
75 1 76 1
144 3 291 1
289 0 65 3
98 1 123 1
90 1 97 1
112 1 113 1
95 1 117 1
108 0 36 1
80 1 87 1
135 3 282 1
143 1 144 1
287 0 10 3
130 1 131 1
114 1 115 1
96 0 46 1
78 0 20 1
74 0 5 1
117 1 132 1
123 2 204 1
123 3 273 1
164 90 177 53
120 0 48 1
82 1 86 1
296 98 152 222
128 2 211 1
110 2 184 1
91 0 21 1
75 0 23 1
121 2 201 1
92 1 100 1
102 1 140 2
131 2 209 1
101 1 111 1
33 3 231 0
128 3 278 1
112 1 113 1
93 1 94 1
120 2 194 1
124 1 142 1
98 1 123 1
73 4 224 0
116 2 202 1
105 0 33 1
240 1 136 3
88 0 30 1
277 3 270 3
115 2 189 1
259 0 9 3
129 4 110 181
287 3 230 3
117 1 132 1
75 1 76 1
74 0 60 1
113 0 72 1
84 1 95 1
82 1 90 1
122 3 269 1
124 0 67 1
81 0 16 1
111 0 39 1
123 2 197 1
74 300 74 0
111 1 124 1
96 1 118 1
108 0 71 1
79 3 291 0
95 1 117 1
129 2 203 1
78 1 81 1
99 0 52 1
127 3 289 1
90 1 91 1
122 3 269 1
93 0 41 1
84 1 89 1
74 0 57 1
124 3 271 1
103 1 114 1
108 1 121 1
74 0 54 1
96 1 104 1
88 0 30 1
119 0 16 1
92 1 110 1
128 2 211 1
86 1 98 1
108 0 71 1
244 0 22 3
168 1 48 3
113 1 127 1
132 3 290 1
141 0 69 1
291 3 282 4
114 1 115 1
150 300 150 150
75 1 77 1
112 1 113 1
96 1 119 1
266 1 101 3
114 2 195 1
82 0 18 1
129 2 212 1
133 2 210 1
63 0 12 0
245 1 292 4
92 0 21 1
136 3 290 1
101 1 129 1
123 3 270 1
78 0 37 1
141 2 215 1
37 2 164 0
115 1 116 1
78 1 82 1
255 1 133 3
116 2 202 1
74 0 34 1
117 1 132 1
77 1 79 1
74 0 34 1
149 144 247 290
98 1 99 1
82 0 18 1
97 1 103 1
124 3 272 1
118 2 196 1
276 1 135 3
96 1 108 1
84 1 89 1
99 0 52 1
232 1 141 3
122 0 50 1
74 0 57 1
93 1 106 1
88 0 30 1
98 0 27 1
81 3 231 1
222 3 262 3
76 0 10 1
129 3 280 1
83 1 88 1
124 3 271 1
104 1 105 1
86 1 98 1
84 0 27 1
286 0 17 3
110 2 184 1
131 1 140 1
85 0 26 1
121 0 72 1
112 1 113 1
219 6 295 1
80 3 264 1
93 1 112 1
77 1 79 1
80 0 37 1
290 0 55 3
12 0 45 0
82 1 90 1
123 3 272 1
126 2 200 1
239 3 280 3
101 1 111 1
135 3 282 1
150 2 300 73
219 0 120 4
84 0 22 1
75 0 3 1
299 3 283 4
131 3 284 1
79 0 10 1
101 0 56 1
126 3 283 1
74 0 2 1
129 3 276 1
114 0 72 1
120 0 48 1
77 1 81 1
78 0 28 1
255 4 298 3
295 3 235 4
92 0 20 1
83 0 20 1
77 1 79 1
74 0 62 1
74 0 45 1
129 3 280 1
90 0 38 1
189 22 39 294
120 2 213 1
299 3 277 4
76 0 4 1
83 1 84 1
84 1 89 1
117 3 265 1
121 2 201 1
127 3 286 1
112 1 113 1
117 1 127 1
93 1 94 1
90 1 91 1
81 0 17 1
248 235 160 282
103 0 31 1
2 150 74 2
91 1 104 1
106 0 67 1
124 1 142 1
92 1 110 1
90 1 97 1
193 147 34 231
127 3 286 1
6 218 182 59
76 0 10 1
257 4 293 2
83 1 93 1
79 1 80 1
122 3 269 1
125 2 206 1
87 0 68 1
107 1 126 1
86 0 21 1
92 1 108 1
187 2 292 0
192 18 60 233
1 299 299 300
16 35 142 296
143 1 144 1
125 3 279 1
101 0 56 1
126 3 283 1
80 1 87 1
112 2 190 1
110 2 184 1
111 2 185 1
238 290 132 148
291 3 244 5
131 3 284 1
32 3 286 0
84 0 22 1
125 3 279 1
129 3 276 1
115 1 116 1
74 0 9 1
90 1 91 1
80 1 87 1
93 0 41 1
116 0 44 1
74 1 75 1
84 0 12 1
127 35 278 206
113 0 49 1
244 3 260 3
77 0 19 1
292 1 118 4
132 2 217 1
117 2 200 1
34 267 114 127
89 0 32 1
88 0 30 1
117 1 141 1
1 1 74 2
152 96 178 255
98 1 123 1
74 0 35 1
114 1 115 1
72 5 253 0
132 1 133 1
236 0 20 3
38 1 116 0
74 0 34 1
120 2 199 1
83 0 38 1
127 3 286 1
129 3 280 1
106 1 127 1
74 0 40 1
73 2 229 3
288 3 238 3
116 0 44 1
204 1 88 2
82 0 27 1
130 1 131 1
127 3 274 1
124 1 125 1
125 2 209 1
108 1 121 1
116 2 193 1
27 0 33 0
129 2 203 1
134 2 208 1
89 0 26 1
263 1 75 3
204 1 140 2
79 1 80 1
141 2 215 1
83 1 92 1
114 0 42 1
124 1 142 1
100 1 101 1
92 1 122 1
88 0 72 1
92 1 110 1
138 3 285 1
120 0 48 1
78 100 244 238
81 0 17 1
114 1 115 1
74 0 8 1
129 2 203 1
128 3 278 1
84 0 22 1
74 0 35 1
106 0 67 1
138 3 285 1
125 2 206 1
91 0 19 1
123 2 198 1
123 3 272 1
128 2 211 1
111 1 124 1
151 187 70 215
18 1 132 0
93 0 26 1
110 2 184 1
108 0 36 1
74 0 45 1
94 0 43 1
82 0 18 1
146 0 211 3
75 0 3 1
96 1 119 1
129 2 203 1
112 1 126 1
129 3 276 1
194 1 61 3
78 1 81 1
91 0 27 1
84 1 95 1
81 0 16 1
96 1 118 1
123 2 197 1
97 1 120 1
127 3 274 1
120 2 200 1
114 2 195 1
100 1 101 1
141 3 291 1
74 1 75 1
75 1 76 1
134 2 208 1
108 0 39 1
99 0 52 1
74 0 57 1
5 133 173 105
136 225 227 177
293 1 5 4
83 0 47 1
176 4 300 2
125 104 170 143
94 0 43 1
74 0 35 1
90 1 97 1
74 0 8 1
37 0 54 0
101 0 70 1
84 0 22 1
113 2 188 1
121 0 38 1
298 1 121 4
74 0 62 1
199 0 50 2
162 220 53 40
138 3 285 1
201 125 131 154
78 1 81 1
123 2 197 1
158 0 41 2
140 231 195 222
131 2 216 1
74 0 2 1
75 1 76 1
114 2 195 1
135 3 282 1
87 0 29 1
84 0 22 1
77 1 81 1
72 2 147 0
103 0 58 1
72 1 299 299
133 2 218 1
73 1 150 1
106 1 139 1
97 0 47 1
101 1 111 1
146 4 164 3
103 1 114 1
143 1 144 1
99 1 108 1
127 3 288 1
98 1 123 1
97 0 58 1
84 0 22 1
115 2 189 1
110 2 184 1
93 163 221 259
124 3 271 1
132 2 210 1
101 1 126 1
74 0 8 1
83 1 84 1
79 1 80 1
119 0 47 1
73 2 72 2
99 0 52 1
112 2 190 1
74 0 14 1
276 0 73 5
38 3 289 0
102 1 130 1
87 0 29 1
118 1 134 1
299 0 300 299
138 3 241 1
116 0 44 1
129 3 280 1
150 73 2 299
287 3 244 3
129 3 281 1
97 184 283 182
112 2 186 1
137 0 65 1
86 1 98 1
11 3 241 0
85 0 24 1
83 1 93 1
87 0 29 1
265 1 120 3
112 2 186 1
187 0 28 0
125 0 53 1
130 1 131 1
252 1 104 3
79 1 85 1
74 0 40 1
99 0 52 1
97 1 120 1
96 1 118 1
190 95 272 227
101 1 111 1
120 298 96 67
78 0 47 1
113 2 188 1
93 1 112 1
140 2 214 1
74 0 62 1
67 38 212 293
121 1 127 1
146 1 242 2
113 2 187 1
127 1 128 1
85 0 20 1
226 0 20 3
80 1 83 1
127 3 288 1
110 2 184 1
230 1 125 3
122 3 228 1
118 2 196 1
118 1 134 1
104 1 129 1
144 217 233 264
129 3 276 1
78 1 112 0
126 3 283 1
74 0 34 1
127 2 210 1
84 1 95 1
87 0 15 1
179 4 252 4
125 3 277 1
96 1 119 1
110 4 298 1
142 1 143 1
74 0 35 1
114 0 42 1
125 0 53 1
74 0 8 1
100 1 101 1
14 3 233 0
162 3 268 2
76 0 4 1
102 1 130 1
33 115 276 57
108 0 71 1
293 0 207 3
28 1 77 0
121 2 201 1
105 1 136 1
96 0 46 1
121 2 201 1
197 1 270 0
254 3 287 3
100 0 55 1
180 0 72 3
111 2 185 1
279 31 148 208
255 1 114 3
243 247 186 280
129 2 205 1
116 2 202 1
275 3 218 2
87 0 15 1
294 3 254 4
130 1 141 1
112 2 190 1
74 0 40 1
132 1 133 1
131 3 284 1
96 1 118 1
26 3 244 0
86 1 98 1
98 0 51 1
118 1 134 1
156 3 255 2
132 1 133 1
241 3 247 3
134 2 208 1
79 1 81 1
85 0 24 1
1 150 1 300
102 1 130 1
78 1 82 1
93 0 41 1
44 0 25 2
115 2 189 1
295 3 236 4
124 1 125 1
105 0 64 1
86 1 98 1
108 0 36 1
79 1 85 1
93 1 94 1
121 0 58 1
116 2 193 1
230 3 276 3
97 0 25 1
270 12 255 36
122 3 269 1
101 1 111 1
132 2 217 1
81 0 10 1
142 3 291 1
72 0 26 0
111 1 124 1
96 1 100 1
120 2 213 1
269 3 253 3
85 1 96 1
125 1 126 1
107 0 37 1
116 0 44 1
74 0 8 1
131 3 284 1
114 0 42 1
266 3 228 3
103 1 114 1
124 3 275 1
103 0 31 1
115 1 116 1
101 1 111 1
80 1 87 1
87 0 29 1
60 0 187 1
90 1 97 1
111 2 187 1
99 0 58 1
1 2 300 73
124 1 125 1
227 3 248 3
102 1 130 1
127 3 289 1
120 0 48 1
37 0 33 0
124 2 198 1
74 0 7 1
80 0 10 1
126 1 140 1
238 0 19 1
111 2 186 1
101 3 239 1
66 3 267 0
20 0 48 0
74 0 11 1
127 3 286 1
74 0 5 1
76 0 4 1
73 299 1 299
133 3 291 1
115 2 192 1
88 3 287 1
75 1 76 1
271 3 250 3
133 3 287 1
285 3 280 3
91 0 19 1
99 1 109 1
98 0 38 1
145 1 259 2
93 1 94 1
181 3 235 2
156 3 291 0
98 3 264 1
235 1 110 3
72 1 300 150
232 1 84 3
82 1 86 1
115 2 191 1
288 3 238 3
105 0 33 1
132 1 133 1
87 0 38 1
128 2 211 1
115 1 116 1
101 0 56 1
32 3 232 0
137 0 65 1
93 1 112 1
86 1 98 1
74 0 60 1
228 0 31 3
74 0 74 300
143 1 145 1
14 3 275 0
74 0 6 1
125 1 89 1
90 1 97 1
120 2 199 1
90 1 97 1
124 3 271 1
74 0 11 1
117 1 140 1
116 2 193 1
138 3 285 1
93 0 21 1
79 1 85 1
112 0 60 1
127 3 288 1
123 2 197 1
75 1 76 1
105 0 64 1
96 0 46 1
99 0 52 1
120 2 199 1
292 210 289 264
89 0 68 1
276 57 33 115
121 2 201 1
293 0 13 4
93 1 112 1
111 2 186 1
291 1 93 3
52 3 291 0
74 0 40 1
130 3 277 1
120 0 48 1
127 3 286 1
120 2 213 1
255 3 247 3
137 1 138 1
135 0 63 1
76 0 4 1
87 0 29 1
74 0 60 1
94 141 124 146
115 2 189 1
40 3 255 0
273 4 293 2
103 1 114 1
72 73 2 0
92 1 110 1
128 2 211 1
80 1 87 1
135 0 63 1
116 0 44 1
59 1 130 0
73 2 150 1
118 2 196 1
103 0 31 1
106 1 139 1
74 0 11 1
124 1 125 1
128 2 214 1
246 0 12 3
94 5 291 0
98 1 123 1
1 73 299 150
274 1 94 3
74 0 57 1
127 3 289 1
107 0 37 1
120 2 194 1
100 0 55 1
124 146 94 141
101 1 129 1
82 1 90 1
8 0 53 0
78 2 160 1
105 0 33 1
129 3 280 1
98 0 51 1
106 0 67 1
133 3 287 1
87 0 29 1
74 0 54 1
141 2 215 1
127 1 128 1
115 0 59 1
97 0 58 1
240 2 186 3
124 1 125 1
129 3 281 1
74 0 9 1
133 3 287 1
124 3 275 1
95 0 58 1
300 150 73 150
143 1 144 1
112 2 190 1
163 225 267 49
125 0 53 1
292 1 26 1
116 2 202 1
91 0 27 1
299 300 1 299
125 2 206 1
85 0 47 1
285 3 31 159
124 1 142 1
77 0 6 1
79 3 265 1
38 2 73 2
81 0 10 1
131 2 210 1
129 2 203 1
74 0 11 1
121 1 122 1
127 2 204 1
265 5 259 1
79 1 85 1
129 3 281 1
89 3 233 1
138 3 285 1
111 1 124 1
129 1 140 1
135 2 210 1
99 0 52 1
114 2 195 1
93 1 94 1
110 2 184 1
79 0 13 1
187 1 94 2
147 3 260 2
100 0 28 1
74 0 7 1
84 0 12 1
28 86 245 37
124 3 275 1
86 1 98 1
124 2 210 1
299 1 2 300
1 4 298 0
80 1 87 1
37 0 26 0
244 0 146 2
118 0 66 1
127 3 286 1
96 1 118 1
79 1 80 1
228 0 109 16
126 1 127 1
300 299 300 300
75 1 77 1
98 1 123 1
120 2 213 1
127 1 128 1
78 1 82 1
281 129 42 129
300 73 150 2
106 94 1 38
97 0 25 1
124 1 125 1
125 3 279 1
138 3 285 1
74 0 2 1
127 3 288 1
141 0 69 1
100 0 55 1
93 1 94 1
82 0 20 1
103 1 106 1
131 3 284 1
104 1 135 1
115 2 189 1
123 3 273 1
132 1 133 1
8 3 245 0
87 0 15 1
137 1 138 1
3 3 263 0
124 1 142 1
92 1 110 1
123 3 273 1
94 0 43 1
79 1 85 1
102 1 130 1
94 0 43 1
108 0 71 1
75 0 3 1
127 3 289 1
72 299 150 2
176 1 97 2
49 103 151 70
101 1 129 1
134 2 208 1
123 0 61 1
78 0 66 1
90 3 264 1
78 1 81 1
114 127 34 267
74 0 35 1
87 1 100 1
82 1 90 1
285 0 50 3
132 2 217 1
114 2 195 1
131 3 284 1
74 0 45 1
79 1 80 1
37 0 28 2
89 0 32 1
128 2 211 1
58 2 188 0
105 0 33 1
92 1 104 1
298 3 245 4
130 1 131 1
79 1 80 1
121 1 122 1
111 2 185 1
137 0 65 1
108 0 36 1
263 2 186 3
16 183 272 177
79 0 13 1
137 0 65 1
74 0 62 1
93 1 102 1
74 0 34 1
111 0 39 1
81 0 16 1
79 0 13 1
36 4 298 0
124 3 275 1
100 0 55 1
113 2 188 1
216 2 149 2
93 0 41 1
98 1 99 1
124 3 271 1
134 2 208 1
2 2 1 300
84 0 26 1
127 1 128 1
2 300 2 1
96 1 119 1
78 0 10 1
111 0 61 1
95 1 117 1
121 1 122 1
123 2 200 1
72 3 228 0
74 0 54 1
93 0 41 1
102 1 108 1
128 3 278 1
115 2 192 1
90 1 91 1
105 0 33 1
278 3 234 3
116 2 193 1
74 0 5 1
101 1 111 1
250 3 266 3
111 2 185 1
92 1 102 1
175 6 299 0
291 4 296 3
131 2 216 1
84 1 89 1
89 1 103 1
258 5 219 4
112 1 80 1
129 2 203 1
105 0 66 1
272 6 292 1
103 0 31 1
125 2 206 1
173 105 5 133
73 1 283 1
98 4 201 1
106 1 139 1
98 0 51 1
74 0 9 1
296 1 115 4
108 94 154 131
113 2 188 1
93 1 112 1
114 1 115 1
123 2 200 1
142 0 70 1
131 4 296 1
97 0 25 1
123 3 270 1
115 2 191 1
101 0 56 1
143 1 144 1
106 1 107 1
84 0 22 1
142 1 143 1
121 32 256 105
110 2 184 1
123 1 127 1
87 0 29 1
127 3 274 1
112 2 190 1
127 3 288 1
74 0 62 1
142 3 226 1
111 0 39 1
121 0 68 1
96 1 118 1
90 1 123 1
267 3 288 3
74 0 45 1
84 0 21 1
82 1 86 1
131 2 216 1
74 0 7 1
126 0 61 1
118 2 207 1
293 1 245 3
286 5 293 1
114 0 42 1
120 0 48 1
123 2 197 1
114 1 115 1
268 3 270 3
128 2 211 1
80 1 83 1
285 1 80 3
10 1 105 0
74 0 14 1
125 0 53 1
76 0 4 1
294 1 103 4
2 0 72 2
74 0 60 1
124 3 275 1
92 1 108 1
100 1 126 1
120 2 199 1
131 1 141 1
84 0 12 1
74 0 34 1
99 1 109 1
122 0 50 1
108 1 121 1
79 1 85 1
93 1 94 1
8 3 245 0
298 58 13 58
84 0 22 1
142 1 143 1
101 1 111 1
83 1 93 1
74 0 14 1
81 0 17 1
120 2 213 1
74 0 14 1
104 1 135 1
250 3 239 3
14 0 34 0
114 2 195 1
117 0 70 1
79 1 85 1
141 2 215 1
89 1 102 1
115 3 232 1
98 0 51 1
118 1 134 1
125 3 279 1
135 0 63 1
84 0 12 1
248 4 146 4
81 0 27 1
118 2 196 1
43 3 271 0
104 1 105 1
76 1 78 1
117 1 132 1
87 0 15 1
83 1 84 1
82 0 10 1
120 2 209 1
74 0 45 1
123 3 273 1
79 1 80 1
81 0 17 1
103 3 247 1
3 3 233 0
124 1 125 1
94 1 93 1
129 2 212 1
270 3 250 3
147 1 248 1
100 1 101 1
74 0 5 1
113 2 187 1
74 0 40 1
125 2 210 1
120 2 213 1
58 40 176 22
121 2 200 1
111 2 186 1
137 0 65 1
74 0 57 1
300 150 2 300
229 1 101 3
117 2 204 1
122 3 269 1
79 0 13 1
74 0 57 1
1 300 1 150
1 73 74 1
83 1 93 1
73 299 74 2
74 0 62 1
96 1 118 1
131 2 216 1
287 3 230 3
83 1 92 1
24 1 76 0
73 2 105 2
117 1 132 1
130 3 277 1
91 0 26 1
75 0 3 1
75 0 20 1
144 2 181 1
76 0 4 1
129 2 212 1
106 0 67 1
88 0 27 1
106 1 139 1
120 1 137 1
101 0 56 1
125 2 206 1
128 2 211 1
116 0 53 1
131 3 290 1
143 3 255 1
87 0 23 1
133 3 287 1
129 2 203 1
84 0 12 1
74 0 40 1
127 1 128 1
300 0 2 299
132 2 217 1
129 3 276 1
129 1 141 1
95 1 117 1
241 3 165 3
78 1 82 1
272 2 172 3
141 0 69 1
133 3 287 1
101 0 56 1
6 3 277 0
127 3 274 1
133 3 287 1
275 3 262 3
120 2 209 1
114 2 195 1
127 3 289 1
90 1 91 1
111 0 39 1
141 0 69 1
118 2 196 1
72 1 238 0
129 2 212 1
98 1 99 1
125 2 206 1
112 1 126 1
130 1 137 1
105 0 33 1
135 3 291 1
90 0 26 1
114 0 42 1
77 1 79 1
74 0 57 1
189 126 44 265
102 1 130 1
119 1 127 1
76 1 78 1
115 2 189 1
97 1 120 1
108 3 229 1
103 0 59 1
120 2 213 1
125 3 272 1
130 0 68 1
73 0 1 150
74 0 9 1
15 0 140 247
113 2 188 1
80 0 10 1
74 0 8 1
131 3 284 1
123 3 273 1
79 1 80 1
104 1 105 1
74 0 34 1
120 2 199 1
233 3 238 3
118 2 196 1
80 1 87 1
86 0 26 1
87 0 29 1
15 3 288 0
76 1 78 1
80 1 87 1
133 3 287 1
104 1 135 1
124 3 271 1
131 2 216 1
105 0 64 1
129 3 281 1
122 3 269 1
108 0 71 1
75 1 77 1
142 1 143 1
87 1 100 1
112 2 186 1
106 1 107 1
291 2 3 5
74 0 14 1
94 0 43 1
74 0 35 1
83 1 92 1
100 0 55 1
268 3 225 3
82 0 18 1
78 0 49 1
94 3 233 1
76 0 4 1
101 0 56 1
43 0 57 0
123 3 270 1
117 1 132 1
120 2 194 1
101 1 129 1
90 0 70 1
142 1 143 1
84 0 22 1
122 3 269 1
74 0 40 1
51 1 91 0
277 0 32 3
112 2 190 1
108 0 71 1
108 0 71 1
130 1 131 1
81 0 68 1
113 2 188 1
144 4 295 1
173 1 101 2
76 1 79 1
96 0 46 1
140 3 290 1
166 3 145 1
85 1 96 1
299 73 150 0
74 0 14 1
99 0 52 1
124 0 68 1
108 0 71 1
74 0 62 1
88 81 283 269
74 1 75 1
144 2 283 2
258 1 103 3
77 129 227 195
234 1 85 3
101 1 129 1
114 1 115 1
143 1 144 1
79 0 13 1
83 1 92 1
103 0 31 1
39 3 270 0
133 2 218 1
78 1 82 1
74 1 75 1
121 1 122 1
120 2 213 1
74 0 45 1
84 1 95 1
92 0 64 1
110 0 49 1
105 1 136 1
118 3 290 1
105 1 137 1
278 3 282 3
83 1 92 1
127 3 286 1
121 2 201 1
95 1 117 1
79 0 13 1
277 39 137 136
75 0 6 1
108 0 36 1
84 1 95 1
128 2 211 1
80 1 83 1
292 5 251 2
112 3 228 1
101 1 129 1
82 0 19 1
133 3 291 1
90 0 70 1
115 2 192 1
105 1 136 1
98 1 99 1
113 2 188 1
121 0 41 1
117 0 58 1
2 0 72 73
265 0 35 3
74 0 34 1
290 3 255 3
281 0 38 3
101 1 111 1
74 0 54 1
111 2 187 1
83 1 92 1
228 0 15 3
154 12 116 16
135 0 63 1
28 2 184 0
74 1 75 1
79 1 80 1
132 1 74 0
108 1 121 1
104 1 105 1
74 0 40 1
152 222 296 98
106 1 107 1
74 2 73 299
66 0 1 0
129 3 277 1
83 1 92 1
67 233 10 82
106 1 139 1
75 1 76 1
84 0 58 1
131 2 205 1
279 115 59 196
88 2 180 1
74 1 75 1
129 3 280 1
247 290 149 144
143 1 144 1
79 0 13 1
282 2 263 5
125 2 206 1
65 207 91 240
74 150 299 2
105 0 58 1
96 0 46 1
262 3 229 3
91 240 65 207
300 0 43 4
299 2 74 0
77 0 26 1
83 1 84 1
135 3 282 1
79 0 61 1
111 2 185 1
100 1 101 1
127 3 289 1
84 1 95 1
72 300 72 73
120 2 213 1
74 0 11 1
128 3 278 1
118 2 207 1
129 3 276 1
85 0 24 1
92 1 110 1
74 1 72 73
74 0 45 1
83 1 93 1
104 1 135 1
252 0 119 1
122 0 50 1
2 299 300 0
74 0 6 1
129 2 212 1
228 121 269 93
118 0 61 1
120 2 199 1
95 1 102 1
115 2 192 1
74 0 57 1
84 0 12 1
2 1 299 299
74 0 11 1
254 4 295 3
109 0 59 1
102 0 66 1
195 133 95 23
122 0 50 1
87 0 29 1
128 1 80 1
94 0 43 1
129 3 280 1
104 1 135 1
74 0 57 1
138 3 285 1
131 3 284 1
86 1 98 1
114 2 195 1
109 0 13 1
74 0 40 1
108 0 36 1
131 2 216 1
131 3 284 1
225 2 73 3
129 3 277 1
64 0 54 0
98 1 106 1
79 0 27 1
115 2 189 1
121 2 201 1
103 1 114 1
135 3 282 1
84 0 12 1
116 2 200 1
86 0 59 1
129 1 140 1
269 2 212 3
91 1 127 1
113 2 188 1
84 1 89 1
129 2 204 1
123 1 126 1
139 0 70 1
95 1 106 1
109 0 70 1
74 0 2 1
99 0 27 1
96 1 119 1
112 2 186 1
118 1 134 1
89 0 32 1
120 2 210 1
142 0 47 1
99 0 61 1
141 0 69 1
99 1 109 1
75 0 61 1
93 0 41 1
95 1 117 1
73 0 45 3
102 1 104 1
129 3 280 1
79 1 80 1
90 1 146 0
84 0 12 1
129 0 70 1
132 2 217 1
99 1 109 1
82 0 10 1
85 1 96 1
118 2 196 1
240 2 168 3
100 0 55 1
74 0 7 1
141 2 215 1
90 1 91 1
129 3 281 1
125 2 206 1
146 0 113 0
85 1 96 1
300 3 261 4
88 1 103 1
83 1 92 1
122 0 50 1
72 299 1 73
81 0 20 1
135 3 282 1
242 0 17 3
74 0 2 1
83 0 23 1
106 1 107 1
128 2 210 1
103 1 114 1
188 144 281 294
124 1 125 1
84 1 95 1
105 0 64 1
44 265 189 126
90 1 97 1
75 1 77 1
130 1 131 1
117 1 132 1
108 1 121 1
112 2 190 1
74 0 40 1
124 3 275 1
120 2 213 1
74 1 75 1
119 2 204 1
121 2 209 1
79 1 81 1
91 1 100 1
74 0 8 1
123 2 197 1
74 0 57 1
121 2 201 1
116 2 193 1
74 0 60 1
261 81 37 46
116 2 198 1
142 1 143 1
75 0 20 1
70 3 291 0
79 0 61 1
100 1 106 1
127 1 128 1
140 1 141 1
82 3 244 1
101 1 129 1
100 1 101 1
101 1 108 1
129 2 212 1
134 2 209 1
98 0 51 1
98 1 99 1
259 0 44 3
124 3 271 1
74 0 5 1
137 1 106 1
112 4 300 1
95 0 47 1
283 0 7 3
88 3 284 1
133 1 141 1
237 1 179 1
127 3 286 1
241 3 248 3
80 1 83 1
108 1 126 1
81 0 17 1
131 3 290 1
228 202 49 48
283 1 74 3
108 0 71 1
74 0 60 1
82 0 10 1
52 220 155 72
106 1 107 1
87 0 29 1
37 0 72 0
126 2 200 1
78 0 6 1
98 1 123 1
29 1 105 0
14 3 281 0
115 2 191 1
281 294 188 144
84 1 88 1
141 2 215 1
120 0 48 1
171 0 40 2
118 2 196 1
87 0 23 1
281 1 109 3
96 0 68 1
105 1 136 1
83 1 92 1
129 3 281 1
116 2 202 1
78 1 82 1
106 0 22 1
87 0 15 1
115 2 192 1
54 238 203 60
125 3 279 1
120 2 213 1
82 1 88 1
127 1 128 1
121 0 49 1
94 0 28 1
73 150 300 150
258 0 40 3
72 0 300 1
102 1 130 1
90 1 97 1
54 170 224 156
128 3 278 1
250 3 245 3
295 1 78 4
78 1 79 1
125 3 279 1
126 3 283 1
90 1 104 1
122 1 145 1
74 0 9 1
225 279 128 281
80 1 87 1
101 0 56 1
100 0 55 1
143 1 144 1
96 0 71 1
74 0 2 1
74 2 2 150
93 1 94 1
124 1 140 1
84 0 12 1
300 300 300 299
112 1 113 1
127 3 277 1
124 3 272 1
91 1 100 1
126 3 283 1
290 5 292 1
85 1 88 1
222 4 299 3
96 1 119 1
210 3 257 2
74 0 14 1
74 0 62 1
93 0 41 1
127 3 286 1
104 1 135 1
297 1 233 187
108 0 71 1
220 3 229 3
112 1 113 1
118 2 196 1
75 0 21 1
96 1 282 0
76 1 79 1
74 0 2 1
116 0 44 1
102 1 130 1
120 2 194 1
115 2 192 1
82 0 18 1
120 2 199 1
68 0 45 0
232 0 30 3
96 1 119 1
83 1 84 1
118 2 196 1
104 1 105 1
117 2 200 1
114 1 115 1
131 2 216 1
108 87 137 58
51 1 139 0
146 0 172 0
43 4 44 247
74 0 2 1
75 1 77 1
258 2 177 3
1 150 73 0
102 1 130 1
121 2 201 1
134 3 290 1
124 1 141 1
141 2 215 1
271 2 203 3
247 0 53 3
76 0 4 1
80 1 87 1
137 1 138 1
123 2 197 1
125 0 53 1
289 0 66 3
121 1 122 1
123 3 273 1
74 0 8 1
123 3 270 1
124 3 272 1
112 2 186 1
245 276 146 155
122 2 210 1
267 3 298 2
100 1 104 1
141 2 215 1
77 0 72 1
29 1 115 0
111 1 124 1
278 3 289 3
80 1 83 1
108 0 24 1
129 2 212 1
106 1 139 1
285 3 237 3
80 0 20 1
59 2 218 0
7 0 30 0
137 1 138 1
201 3 229 2
111 2 185 1
124 3 271 1
265 3 258 3
85 1 96 1
17 4 248 0
106 0 67 1
279 1 74 2
125 2 204 1
225 192 174 289
7 1 75 0
114 2 195 1
114 2 195 1
46 2 163 0
34 231 193 147
66 0 66 0
125 3 272 1
115 2 192 1
106 1 107 1
108 0 36 1
121 1 122 1
84 1 95 1
2 1 2 300
82 1 86 1
129 3 277 1
97 1 120 1
137 1 138 1
82 0 18 1
122 2 204 1
132 3 291 1
242 1 251 2
74 0 62 1
90 1 103 1
115 1 116 1
130 2 205 1
108 1 121 1
142 1 143 1
123 3 270 1
104 1 105 1
86 1 88 1
86 1 119 1
90 1 91 1
120 2 199 1
76 0 6 1
133 2 218 1
112 1 113 1
114 0 42 1
236 1 143 3
123 3 270 1
82 1 86 1
103 1 126 1
96 0 49 1
90 1 100 1
189 277 174 190
129 2 212 1
68 1 269 1
103 1 106 1
137 1 138 1
84 0 22 1
142 1 143 1
127 3 274 1
98 1 100 1
212 293 67 38
101 1 111 1
99 1 109 1
74 0 62 1
125 0 53 1
104 1 135 1
75 1 76 1
5 1 113 0
278 1 128 3
111 0 39 1
101 1 129 1
104 1 135 1
278 2 207 3
113 2 187 1
234 3 237 3
83 1 84 1
78 1 82 1
135 3 291 1
82 0 23 1
240 1 89 3
99 1 109 1
123 3 270 1
103 0 31 1
117 1 132 1
82 1 90 1
150 150 72 0
38 1 98 0
87 0 29 1
143 35 284 182
83 1 93 1
105 1 136 1
114 0 42 1
291 0 37 3
111 0 68 1
289 1 110 3
79 0 19 1
137 1 138 1
82 1 86 1
79 1 81 1
93 0 41 1
81 0 17 1
276 12 294 123
73 150 2 73
110 2 184 1
74 0 9 1
90 1 97 1
272 262 270 142
125 1 137 1
7 3 238 0
231 4 227 2
129 2 204 1
77 0 28 1
264 3 238 3
190 2 211 2
108 1 141 1
111 3 250 1
82 0 37 1
99 0 52 1
139 1 141 1
109 4 256 0
76 0 10 1
118 1 100 1
74 0 11 1
100 1 101 1
16 282 37 120
218 0 193 2
84 0 53 1
137 5 292 0
124 3 275 1
124 3 277 1
122 2 204 1
85 1 96 1
228 1 265 5
127 3 288 1
99 1 109 1
141 3 291 1
111 1 124 1
292 1 231 1
127 3 274 1
292 0 38 1
74 0 9 1
114 1 115 1
50 1 133 0
89 0 32 1
135 0 63 1
96 0 27 1
100 0 55 1
118 1 134 1
113 1 145 1
85 1 88 1
164 3 245 2
83 1 84 1
102 1 103 1
125 0 53 1
105 0 64 1
80 1 83 1
74 0 62 1
139 1 140 1
81 0 17 1
114 1 115 1
139 1 141 1
74 0 5 1
101 1 111 1
88 0 19 1
135 0 63 1
118 2 196 1
93 0 59 1
81 0 49 1
136 3 290 1
96 1 118 1
94 0 43 1
106 0 67 1
84 1 89 1
78 2 181 1
96 1 119 1
127 3 289 1
300 1 72 0
115 2 192 1
117 1 132 1
105 0 64 1
106 1 139 1
128 2 211 1
90 1 91 1
113 2 187 1
80 1 87 1
115 1 116 1
113 0 72 1
5 0 60 0
131 2 216 1
98 1 99 1
105 1 136 1
292 5 270 1
115 2 191 1
74 0 57 1
87 0 15 1
120 2 194 1
298 0 1 4
115 2 189 1
82 1 90 1
299 2 74 150
91 0 49 1
119 0 49 1
135 3 290 1
90 1 102 1
129 3 291 1
104 1 135 1
108 0 71 1
145 3 125 3
105 1 136 1
12 1 111 0
102 1 130 1
162 277 203 245
115 2 191 1
74 0 60 1
79 0 13 1
115 2 191 1
103 0 61 1
121 2 198 1
272 3 276 3
91 0 19 1
122 1 141 1
134 2 208 1
74 0 9 1
128 2 211 1
94 0 43 1
87 0 15 1
230 3 265 3
98 291 3 298
88 0 30 1
169 3 264 2
255 1 133 3
219 0 39 4
111 0 39 1
97 2 167 1
292 0 189 6
111 1 124 1
120 1 137 1
270 142 272 262
85 0 24 1
282 3 276 3
47 1 133 0
18 1 111 0
178 255 152 96
88 0 30 1
143 1 144 1
125 0 53 1
95 1 117 1
83 1 92 1
91 1 138 1
99 1 109 1
135 0 63 1
264 0 38 3
105 1 136 1
66 0 57 0
101 1 129 1
76 1 79 1
294 2 180 4
236 0 32 3
290 1 104 3
125 3 279 1
109 3 240 1
78 1 82 1
97 1 120 1
107 0 74 0
288 4 240 4
284 3 240 3
80 1 87 1
77 1 81 1
115 1 116 1
150 1 74 150
103 1 114 1
112 2 190 1
90 1 106 1
119 2 209 1
79 1 85 1
119 1 145 1
262 3 279 3
85 0 24 1
100 1 101 1
135 0 63 1
95 1 117 1
84 0 12 1
270 0 50 3
114 1 115 1
101 1 103 1
113 2 187 1
117 0 66 1
125 3 279 1
137 1 145 1
170 143 125 104
90 0 28 1
75 1 76 1
116 0 44 1
112 2 190 1
126 3 283 1
94 0 26 1
126 2 214 1
135 0 63 1
102 1 130 1
63 0 72 0
74 0 7 1
32 3 242 0
84 1 95 1
98 0 66 1
74 0 7 1
129 2 203 1
134 2 209 1
113 2 187 1
297 3 232 4
44 247 43 4
280 0 72 4
81 0 16 1
83 1 88 1
118 1 134 1
124 1 142 1
263 3 274 3
108 0 71 1
1 73 72 299
289 2 176 3
75 0 3 1
104 1 135 1
110 2 184 1
124 2 200 1
72 0 73 300
114 2 195 1
114 2 195 1
176 1 143 2
124 3 275 1
138 3 285 1
74 0 45 1
95 0 38 1
98 0 51 1
111 1 124 1
74 0 7 1
56 3 263 0
77 0 6 1
76 1 78 1
87 0 15 1
225 26 19 224
133 1 137 1
92 1 110 1
77 1 79 1
101 0 56 1
108 0 71 1
121 1 122 1
120 2 194 1
232 0 219 1
97 0 25 1
141 2 215 1
127 3 288 1
74 0 5 1
1 2 289 0
74 0 5 1
118 2 196 1
112 0 70 1
127 2 209 1
74 0 8 1
129 3 276 1
118 1 134 1
137 3 291 1
18 1 73 0
116 0 44 1
108 1 121 1
129 2 203 1
290 66 49 148
78 1 82 1
115 2 189 1
66 1 77 0
79 1 80 1
104 1 105 1
129 3 281 1
102 1 106 1
115 2 189 1
98 1 99 1
199 3 271 2
267 1 126 3
78 0 47 1
93 1 94 1
127 3 274 1
131 3 284 1
74 0 14 1
84 0 22 1
74 0 9 1
137 58 108 87
138 3 285 1
91 0 72 1
121 0 72 1
83 1 93 1
90 1 97 1
74 0 62 1
93 1 100 1
184 1 118 2
20 3 258 0
95 23 195 133
98 1 99 1
74 0 60 1
99 1 109 1
87 1 88 1
123 3 270 1
75 1 77 1
236 0 13 3
92 1 110 1
93 0 41 1
86 0 74 1
244 238 78 100
116 0 44 1
112 1 113 1
123 1 137 1
132 1 133 1
118 2 196 1
74 0 11 1
177 53 164 90
111 2 185 1
74 0 27 1
122 2 205 1
84 0 28 1
100 1 102 1
165 3 286 2
120 2 199 1
51 3 277 0
105 0 64 1
279 3 256 3
80 0 48 1
104 1 105 1
161 147 287 79
97 0 49 1
294 3 276 4
126 3 283 1
230 2 73 2
108 0 71 1
111 2 187 1
86 1 98 1
99 1 104 1
125 3 279 1
283 2 153 3
100 1 101 1
95 1 117 1
131 2 216 1
74 0 7 1
75 1 76 1
74 0 214 1
94 0 26 1
75 1 77 1
142 0 72 1
73 300 73 300
89 0 32 1
293 5 226 3
96 0 46 1
97 1 120 1
82 1 86 1
98 1 123 1
85 1 96 1
299 0 43 4
108 1 121 1
100 1 101 1
96 1 119 1
260 1 80 3
129 2 212 1
116 2 193 1
82 1 90 1
74 0 54 1
77 1 81 1
112 2 190 1
122 1 137 1
33 3 266 0
113 2 188 1
101 1 129 1
82 1 86 1
133 3 287 1
90 1 97 1
78 1 82 1
95 1 117 1
103 1 108 1
72 150 299 299
74 0 27 1
135 3 282 1
93 1 94 1
74 0 9 1
105 0 33 1
201 4 275 0
259 0 55 3
82 1 90 1
106 1 139 1
99 1 104 1
233 264 144 217
84 1 95 1
39 294 189 22
75 1 76 1
116 2 202 1
273 4 294 3
115 1 127 1
115 2 189 1
123 3 273 1
103 2 214 1
236 54 171 47
123 2 197 1
140 1 141 1
78 1 82 1
215 1 108 2
115 1 116 1
292 0 11 3
93 1 112 1
19 224 225 26
90 1 102 1
124 3 275 1
129 3 276 1
73 1 14 1
121 1 122 1
256 3 259 3
74 0 45 1
203 245 162 277
168 4 293 3
141 0 69 1
291 2 294 3
99 0 52 1
133 3 291 1
111 0 39 1
84 1 95 1
117 1 132 1
130 1 131 1
73 300 73 300
92 1 110 1
89 2 209 1
108 1 121 1
74 0 47 1
117 1 132 1
115 2 191 1
93 0 41 1
123 2 197 1
158 3 73 1
79 0 19 1
90 1 97 1
125 3 265 1
10 1 256 2
142 1 143 1
234 184 171 69
103 1 106 1
250 0 58 3
74 0 35 1
123 2 205 1
71 3 276 0
251 4 295 3
97 1 103 1
108 0 36 1
174 190 189 277
122 3 269 1
74 0 2 1
89 0 32 1
122 0 50 1
95 1 104 1
93 0 41 1
118 1 134 1
93 1 112 1
89 0 32 1
80 1 83 1
209 2 188 2
126 2 214 1
135 3 282 1
277 1 83 3
137 3 240 1
108 0 71 1
142 1 143 1
118 1 127 1
115 2 191 1
74 0 11 1
78 1 81 1
115 2 192 1
138 3 285 1
293 3 230 4
125 0 53 1
105 1 136 1
116 2 193 1
89 0 27 1
106 0 67 1
124 1 125 1
116 2 193 1
1 2 150 73
74 0 60 1
65 298 66 96
114 2 82 2
118 1 134 1
60 3 245 0
74 0 34 1
112 2 186 1
296 2 295 3
293 1 133 4
75 1 76 1
88 0 30 1
96 1 119 1
125 3 277 1
88 0 37 1
101 0 56 1
89 0 47 1
96 0 28 1
116 16 154 12
241 0 38 3
143 1 144 1
103 1 114 1
83 178 236 109
85 0 24 1
187 1 73 2
129 3 276 1
74 0 60 1
84 1 95 1
127 3 288 1
267 4 293 3
126 2 214 1
78 0 38 1
108 0 36 1
90 0 26 1
122 0 50 1
93 1 94 1
74 0 35 1
43 3 73 2
96 1 119 1
130 1 131 1
92 1 106 1
141 0 69 1
127 0 66 1
108 0 36 1
289 264 292 210
105 0 33 1
122 0 50 1
100 0 55 1
81 0 17 1
101 1 111 1
127 3 277 1
223 83 146 285
92 0 66 1
98 1 123 1
59 1 84 0
99 1 102 1
123 1 140 1
74 0 23 1
117 1 132 1
74 0 9 1
79 0 13 1
283 3 261 3
84 0 22 1
137 3 241 1
86 1 98 1
250 3 269 3
115 2 189 1
85 1 88 1
118 2 207 1
129 3 280 1
115 2 192 1
136 0 68 1
90 0 59 1
112 1 113 1
103 0 31 1
115 2 192 1
117 2 200 1
115 2 191 1
82 1 90 1
96 0 46 1
161 4 292 1
81 0 10 1
51 2 203 0
101 1 129 1
116 0 44 1
114 1 140 1
100 1 101 1
127 3 289 1
123 1 141 1
76 1 78 1
36 3 256 0
95 1 117 1
95 1 103 1
98 1 123 1
85 1 105 1
103 1 114 1
74 0 54 1
100 0 55 1
82 1 86 1
72 73 72 300
74 0 45 1
104 1 135 1
20 0 197 0
119 2 210 1
85 1 96 1
59 1 219 1
26 2 218 0
141 2 215 1
130 1 131 1
231 3 284 3
76 1 79 1
74 0 60 1
236 3 230 3
267 0 8 3
100 0 28 1
104 1 105 1
77 1 79 1
85 0 24 1
124 3 272 1
138 0 70 1
100 1 101 1
127 3 274 1
123 3 270 1
125 3 279 1
74 0 35 1
101 1 129 1
82 1 86 1
90 1 104 1
135 0 63 1
75 0 26 1
98 1 99 1
129 3 281 1
165 3 275 2
74 0 2 1
74 0 11 1
74 0 34 1
101 1 111 1
125 2 214 1
98 1 108 1
97 1 135 1
124 2 198 1
81 0 70 1
90 1 97 1
106 1 107 1
83 1 84 1
128 3 248 1
101 0 56 1
76 1 78 1
114 1 141 1
74 0 9 1
186 280 243 247
93 0 41 1
244 1 73 1
124 3 271 1
224 2 292 2
123 2 197 1
123 3 273 1
98 1 102 1
96 1 119 1
74 0 8 1
74 0 57 1
120 2 199 1
74 1 75 1
137 1 138 1
74 0 11 1
79 1 85 1
112 1 132 1
98 1 99 1
178 1 243 0
101 0 56 1
97 0 25 1
98 1 123 1
171 2 73 0
82 1 90 1
113 2 188 1
93 1 112 1
80 1 83 1
133 2 218 1
88 1 102 1
103 0 31 1
115 1 116 1
103 0 31 1
123 2 197 1
88 3 240 1
121 2 201 1
96 1 119 1
253 0 38 3
128 3 278 1
97 1 120 1
98 0 51 1
98 0 51 1
114 0 66 1
98 0 51 1
127 3 286 1
88 0 27 1
119 1 127 1
76 0 6 1
135 3 290 1
116 2 198 1
135 3 282 1
105 0 33 1
81 0 17 1
74 0 14 1
132 2 217 1
106 0 47 1
128 3 278 1
112 2 186 1
84 1 89 1
285 0 11 3
101 1 129 1
102 1 106 1
114 1 145 1
129 3 277 1
111 2 185 1
74 0 7 1
111 1 124 1
286 17 135 83
121 1 122 1
112 2 190 1
114 2 195 1
141 0 69 1
245 1 128 3
82 0 18 1
90 1 87 1
112 2 190 1
221 4 292 3
80 1 83 1
143 1 144 1
80 1 83 1
128 3 277 1
28 0 28 0
123 3 273 1
83 1 92 1
142 1 143 1
79 1 80 1
79 1 85 1
92 1 110 1
83 4 300 1
125 3 279 1
124 3 271 1
285 1 135 3
141 0 72 1
125 2 210 1
232 4 300 3
270 0 219 1
113 3 287 1
157 212 24 6
285 4 294 3
135 0 63 1
120 0 48 1
126 3 283 1
134 2 208 1
124 1 142 1
94 0 43 1
128 2 211 1
99 0 28 1
114 2 195 1
37 3 282 0
126 3 283 1
112 1 126 1
64 273 60 129
74 0 54 1
102 1 106 1
219 3 295 1
113 2 187 1
21 0 73 0
75 1 77 1
101 0 49 1
75 0 47 1
74 0 2 1
105 0 64 1
74 0 5 1
87 0 15 1
118 2 196 1
90 0 66 1
96 1 119 1
81 0 21 1
59 3 245 0
118 2 204 1
82 0 18 1
111 2 185 1
108 0 36 1
74 0 5 1
132 0 66 1
191 0 31 2
74 0 5 1
75 0 3 1
125 2 206 1
132 2 217 1
137 0 65 1
120 2 194 1
111 2 185 1
83 0 23 1
100 0 58 1
93 1 94 1
80 1 83 1
75 1 77 1
127 3 289 1
98 1 123 1
105 0 64 1
282 0 5 3
137 1 138 1
125 0 53 1
76 1 79 1
116 2 202 1
4 1 130 1
297 1 128 4
120 0 48 1
137 1 138 1
123 3 273 1
106 1 107 1
249 0 65 3
74 0 8 1
117 1 132 1
282 111 61 185
74 0 14 1
120 2 204 1
28 4 295 0
78 1 82 1
268 1 284 1
74 0 35 1
219 1 236 4
120 2 213 1
100 1 101 1
82 1 86 1
150 150 150 300
124 1 142 1
75 1 77 1
106 1 107 1
5 1 62 2
134 2 208 1
114 0 42 1
84 1 89 1
81 0 16 1
133 2 218 1
10 82 67 233
128 3 278 1
101 0 58 1
125 2 206 1
124 3 277 1
75 0 6 1
124 3 272 1
127 3 286 1
116 2 202 1
105 1 136 1
74 0 9 1
85 0 24 1
150 73 1 2
272 1 87 3
255 36 270 12
249 3 238 3
135 0 63 1
203 3 253 2
98 152 22 270
78 1 82 1
127 3 288 1
117 1 132 1
84 1 89 1
86 1 98 1
87 0 29 1
66 96 65 298
82 0 38 1
282 0 79 2
232 233 72 16
76 0 49 1
97 1 120 1
80 0 27 1
213 3 263 2
105 0 33 1
74 0 5 1
257 0 33 3
227 177 136 225
105 0 64 1
129 2 205 1
120 2 194 1
97 3 271 1
108 1 121 1
153 0 43 2
106 1 139 1
2 0 33 0
128 281 225 279
286 3 228 3
52 0 43 0
95 1 117 1
124 3 275 1
120 0 66 1
131 1 109 1
124 3 275 1
273 3 274 3
101 0 56 1
93 1 112 1
87 0 29 1
116 1 140 1
134 2 210 1
138 1 141 1
96 0 46 1
134 2 208 1
224 156 54 170
80 1 87 1
93 0 26 1
93 0 28 1
96 1 118 1
110 0 47 1
87 3 243 1
247 3 73 2
176 22 58 40
120 2 194 1
129 3 276 1
84 1 95 1
113 2 188 1
97 0 25 1
148 3 281 2
74 0 45 1
96 0 46 1
174 0 73 0
184 236 239 227
125 3 279 1
78 0 28 1
97 0 25 1
127 3 288 1
115 2 191 1
89 0 20 1
106 0 37 1
78 1 82 1
247 3 247 3
74 0 57 1
54 117 195 243
111 2 187 1
100 0 55 1
13 0 6 0
137 1 138 1
213 3 249 2
75 1 77 1
95 1 104 1
116 2 202 1
120 2 214 1
111 0 39 1
123 1 137 1
120 2 199 1
74 0 5 1
85 0 24 1
116 1 126 1
294 3 230 4
132 124 238 144
132 2 217 1
74 0 34 1
135 0 63 1
81 0 5 1
246 1 106 3
115 3 238 1
172 168 295 35
129 3 276 1
113 2 188 1
137 0 65 1
137 2 214 1
203 60 54 238
116 2 202 1
75 0 3 1
87 0 20 1
133 2 218 1
124 3 275 1
76 0 6 1
100 0 55 1
123 3 273 1
131 2 216 1
88 0 30 1
122 3 269 1
74 1 96 1
133 2 218 1
121 2 201 1
112 2 186 1
74 1 75 1
110 2 184 1
101 1 111 1
96 2 157 1
93 0 28 1
296 1 125 4
150 2 72 299
296 1 121 4
95 1 103 1
83 1 84 1
133 3 287 1
80 1 87 1
81 0 10 1
141 1 132 1
101 1 129 1
127 3 289 1
256 105 121 32
75 2 206 1
76 1 266 3
90 0 20 1
103 1 114 1
126 1 133 1
106 1 108 1
79 0 47 1
124 2 210 1
133 2 218 1
75 1 77 1
133 3 287 1
87 0 15 1
116 2 193 1
86 0 26 1
123 3 270 1
120 2 213 1
256 269 70 137
108 0 71 1
132 1 140 1
112 1 113 1
112 2 186 1
123 3 273 1
120 0 48 1
123 3 273 1
124 1 142 1
233 4 291 2
263 2 292 5
84 1 95 1
102 1 130 1
116 0 44 1
122 0 50 1
133 2 218 1
74 0 5 1
79 0 65 1
132 2 217 1
133 3 287 1
129 3 280 1
78 0 19 1
74 1 75 1
116 2 202 1
95 0 37 1
104 1 126 1
146 4 253 2
85 0 37 1
107 0 59 1
73 2 15 3
114 2 195 1
110 0 58 1
131 0 59 1
112 2 187 1
97 1 120 1
83 1 92 1
135 3 282 1
248 3 277 3
101 1 111 1
98 0 51 1
231 0 47 3
114 255 229 186
164 3 239 2
101 1 129 1
104 3 288 1
120 2 199 1
110 1 141 1
140 2 214 1
81 0 17 1
13 2 175 0
125 0 53 1
74 0 7 1
122 1 141 1
132 0 62 1
82 0 18 1
121 1 122 1
106 0 67 1
98 0 51 1
132 3 291 1
98 294 187 261
97 0 25 1
136 2 210 1
123 3 270 1
103 0 31 1
120 0 48 1
120 1 137 1
150 1 73 1
300 150 72 1
100 0 55 1
74 0 6 1
105 0 64 1
141 2 215 1
114 1 115 1
111 2 185 1
292 4 189 2
116 2 202 1
142 296 16 35
105 0 64 1
127 1 128 1
119 0 49 1
127 1 145 1
56 1 130 0
80 1 83 1
125 2 214 1
103 0 31 1
74 0 35 1
74 300 150 299
128 3 278 1
105 1 136 1
299 299 72 150
90 1 100 1
257 0 18 3
137 0 65 1
94 0 43 1
85 1 96 1
119 1 136 1
270 2 218 3
108 1 121 1
126 3 283 1
129 2 212 1
85 0 68 1
201 0 55 2
127 3 288 1
285 2 166 3
74 0 9 1
129 3 281 1
115 2 189 1
100 1 102 1
137 0 65 1
83 1 92 1
126 0 30 1
103 1 114 1
1 1 150 0
90 0 73 3
194 235 172 156
122 0 50 1
148 4 297 2
78 0 23 1
74 0 62 1
139 1 145 1
221 259 93 163
96 0 46 1
93 3 278 1
93 1 94 1
292 3 287 2
129 0 27 1
261 113 92 38
76 1 78 1
22 270 98 152
247 3 219 2
135 3 282 1
84 2 220 0
101 57 173 126
152 0 24 2
97 1 106 1
94 0 38 1
129 3 281 1
93 1 106 1
300 0 150 150
81 0 38 1
82 0 21 1
74 0 60 1
130 2 204 1
134 2 210 1
131 0 66 1
1 0 212 0
131 3 284 1
93 1 112 1
124 1 142 1
130 1 131 1
114 0 42 1
180 2 218 2
127 3 274 1
82 1 86 1
99 0 52 1
110 2 184 1
39 175 17 65
111 2 185 1
113 2 188 1
29 0 45 0
291 4 300 5
118 2 207 1
120 2 194 1
83 0 58 1
130 262 112 62
300 2 299 1
84 1 89 1
116 0 68 1
80 1 81 1
76 0 4 1
271 2 187 3
150 299 74 300
91 0 38 1
133 2 214 1
172 156 194 235
81 0 16 1
106 1 139 1
82 0 18 1
83 1 84 1
105 1 136 1
83 1 84 1
129 1 137 1
128 2 204 1
70 137 256 269
131 3 284 1
127 1 128 1
118 1 127 1
84 1 95 1
100 1 101 1
137 0 65 1
143 3 245 1
76 1 78 1
120 2 199 1
74 0 60 1
123 3 270 1
129 3 280 1
129 3 290 1
148 208 279 31
106 1 139 1
129 2 212 1
103 0 31 1
165 0 150 1
84 0 22 1
97 1 104 1
93 214 122 257
123 3 273 1
229 1 145 3
74 0 11 1
106 1 107 1
74 0 7 1
131 3 284 1
124 0 33 1
104 1 135 1
104 1 108 1
75 0 3 1
127 3 288 1
119 2 198 1
137 0 65 1
150 0 299 73
105 0 64 1
85 1 96 1
134 120 82 263
125 3 279 1
121 2 201 1
109 1 140 1
131 3 284 1
99 1 109 1
223 0 13 3
122 0 50 1
112 1 145 1
104 1 105 1
74 0 40 1
91 1 103 1
290 3 232 3
34 3 261 0
149 0 12 2
99 0 61 1
124 2 205 1
111 2 187 1
104 1 135 1
111 2 186 1
124 2 204 1
116 2 202 1
83 1 93 1
125 3 277 1
120 2 210 1
135 0 63 1
104 1 105 1
133 3 287 1
99 1 104 1
99 1 109 1
132 1 133 1
134 2 208 1
146 3 232 0
115 2 192 1
137 1 138 1
114 0 42 1
89 0 38 1
202 0 99 3
122 3 269 1
205 0 146 0
79 0 13 1
106 1 139 1
133 2 218 1
290 3 278 3
141 3 291 1
115 1 116 1
262 192 172 102
111 1 124 1
79 0 13 1
127 3 289 1
118 2 207 1
94 1 104 1
141 0 69 1
126 1 97 1
108 0 49 1
93 1 94 1
81 0 17 1
125 3 279 1
98 0 51 1
147 1 35 2
116 2 193 1
71 0 13 0
94 1 100 1
138 3 285 1
108 0 36 1
127 3 286 1
115 1 116 1
212 0 67 2
98 0 58 1
253 4 218 4
111 1 124 1
24 6 157 212
73 1 283 2
77 0 21 1
105 1 126 1
257 1 138 3
128 1 145 1
84 1 95 1
83 1 84 1
74 0 73 0
18 1 96 0
174 4 291 4
34 3 270 0
78 0 19 1
104 1 105 1
135 83 286 17
125 1 126 1
130 3 277 1
127 1 128 1
94 1 103 1
143 1 144 1
142 1 143 1
112 2 186 1
98 1 99 1
76 0 67 1
96 67 120 298
300 0 68 4
75 0 3 1
115 2 192 1
61 185 282 111
80 0 19 1
128 3 278 1
87 0 15 1
106 1 139 1
115 1 127 1
106 1 107 1
251 3 265 3
275 1 128 3
178 3 272 2
79 0 13 1
96 1 119 1
129 2 203 1
80 0 23 1
90 1 97 1
100 1 101 1
140 1 145 1
249 1 144 3
81 0 17 1
74 0 11 1
247 3 290 3
108 3 251 1
117 0 47 1
74 0 40 1
112 2 190 1
132 1 133 1
74 0 9 1
82 263 134 120
117 0 68 1
83 1 84 1
127 3 274 1
111 2 185 1
89 0 32 1
134 1 73 0
112 1 113 1
127 3 286 1
127 3 289 1
1 1 93 0
112 0 47 1
111 1 124 1
73 0 84 2
75 0 10 1
129 2 212 1
76 1 78 1
92 1 110 1
129 2 205 1
80 0 2 1
111 4 291 0
87 0 15 1
292 4 255 1
127 3 286 1
124 2 198 1
132 2 217 1
76 1 78 1
74 0 40 1
100 0 55 1
141 2 215 1
94 2 292 3
153 1 87 2
82 1 86 1
17 2 185 0
84 1 89 1
164 3 253 2
98 1 123 1
121 0 38 1
223 3 235 3
105 0 33 1
81 0 16 1
93 0 41 1
115 1 116 1
40 0 23 0
197 1 103 2
93 1 112 1
197 0 147 2
74 0 11 1
270 1 76 3
112 1 113 1
230 0 42 3
129 2 212 1
96 0 37 1
148 5 103 14
101 0 56 1
82 1 86 1
238 0 35 3
130 1 131 1
125 2 205 1
116 2 198 1
91 0 69 1
121 1 122 1
44 1 270 2
49 48 228 202
204 187 6 154
96 1 119 1
291 2 232 5
127 1 128 1
74 0 37 1
124 3 271 1
18 1 124 0
80 1 81 1
121 2 201 1
91 0 20 1
106 1 139 1
2 0 69 0
90 0 26 1
134 2 208 1
118 2 200 1
290 3 274 3
92 0 21 1
133 3 287 1
84 0 22 1
106 0 67 1
79 1 85 1
115 2 191 1
114 0 42 1
74 0 62 1
242 1 89 3
123 3 273 1
97 0 25 1
97 1 120 1
74 0 8 1
89 0 32 1
84 1 89 1
87 0 29 1
90 1 97 1
103 0 31 1
73 3 234 2
116 0 44 1
97 1 120 1
129 3 276 1
298 3 262 4
268 3 271 3
111 0 39 1
75 0 3 1
106 0 67 1
114 0 42 1
272 1 136 3
108 0 71 1
75 1 76 1
74 0 7 1
104 1 135 1
239 0 201 5
135 3 282 1
124 1 142 1
82 0 18 1
227 73 209 225
105 1 136 1
105 0 64 1
108 1 121 1
140 247 15 0
267 49 163 225
75 1 76 1
76 0 4 1
95 1 117 1
97 0 25 1
108 3 253 1
139 3 251 1
90 1 100 1
74 0 45 1
78 1 82 1
290 2 157 3
142 1 143 1
137 0 65 1
129 3 281 1
49 0 146 2
115 2 189 1
12 1 135 0
189 2 12 0
77 0 6 1
105 0 33 1
104 1 135 1
238 144 132 124
248 4 295 3
59 196 279 115
260 1 281 4
124 2 214 1
110 2 184 1
75 0 3 1
120 0 48 1
2 1 1 0
122 257 93 214
85 0 24 1
99 0 49 1
108 0 36 1
75 1 77 1
118 1 137 1
141 2 215 1
118 2 207 1
82 0 20 1
288 3 262 3
74 0 9 1
74 0 54 1
82 1 90 1
228 3 259 3
141 0 72 1
236 109 83 178
84 0 58 1
289 72 32 95
240 1 127 3
104 1 135 1
201 1 108 2
125 0 53 1
102 1 130 1
79 0 13 1
82 1 90 1
84 1 95 1
160 282 248 235
79 3 231 1
85 0 49 1
128 3 291 1
124 3 275 1
94 0 43 1
116 2 202 1
118 2 196 1
111 2 185 1
115 1 116 1
85 1 96 1
112 2 187 1
251 4 297 3
115 1 116 1
90 1 97 1
81 0 17 1
74 0 54 1
111 0 39 1
118 2 196 1
221 0 39 1
116 0 44 1
118 2 207 1
135 0 63 1
117 1 132 1
106 1 139 1
128 2 211 1
124 0 4 1
101 0 56 1
74 0 45 1
99 1 109 1
77 0 49 1
116 2 202 1
90 1 103 1
36 3 234 0
74 0 7 1
93 1 94 1
54 3 285 0
1 0 2 1
42 1 136 0
72 16 232 233
108 1 121 1
92 1 110 1
271 0 56 3
74 0 54 1
244 3 262 3
105 1 136 1
274 2 148 3
102 1 130 1
231 3 262 3
117 1 145 1
88 0 30 1
111 0 39 1
155 3 73 2
123 3 270 1
281 2 72 1
60 0 21 0
122 0 50 1
137 0 65 1
91 1 102 1
296 3 289 4
121 2 198 1
88 0 30 1
285 3 268 3
115 1 116 1
110 2 184 1
81 0 16 1
74 0 40 1
79 1 80 1
111 0 39 1
120 0 48 1
124 1 142 1
74 0 14 1
115 2 189 1
90 1 97 1
92 38 261 113
89 0 32 1
82 0 18 1
125 2 206 1
35 0 21 0
132 1 133 1
267 1 124 3
74 1 75 1
273 1 135 3
132 2 217 1
74 0 14 1
127 3 286 1
294 2 178 4
171 69 234 184
127 3 289 1
97 0 25 1
96 1 118 1
249 4 294 3
128 2 211 1
142 0 72 1
39 0 48 0
128 1 140 1
123 2 198 1
229 3 255 3
111 0 51 1
114 0 42 1
84 0 63 1
108 0 36 1
124 1 125 1
129 3 276 1
228 1 109 4
124 3 271 1
128 3 278 1
229 5 266 5
76 2 154 1
135 0 63 1
74 0 57 1
118 1 134 1
103 1 114 1
232 3 250 3
74 0 11 1
127 1 128 1
101 1 129 1
74 0 26 1
82 1 88 1
133 2 218 1
84 0 23 1
81 0 16 1
115 2 191 1
117 2 198 1
109 2 292 2
113 2 188 1
116 0 44 1
137 1 138 1
97 0 25 1
128 2 211 1
100 1 101 1
129 3 276 1
81 0 17 1
98 0 51 1
116 2 193 1
93 1 112 1
83 1 92 1
104 1 105 1
79 1 80 1
76 0 10 1
112 1 113 1
125 2 206 1
93 1 94 1
94 0 68 1
122 3 269 1
74 0 35 1
112 2 190 1
253 2 73 2
96 1 118 1
296 3 238 4
92 1 110 1
101 1 111 1
38 4 280 1
129 3 281 1
105 0 33 1
115 2 192 1
137 0 65 1
127 3 289 1
74 0 8 1
248 4 292 5
287 79 161 147
125 0 53 1
88 0 30 1
279 0 24 3
84 1 95 1
89 0 38 1
115 1 116 1
84 1 89 1
92 0 72 1
183 221 62 278
74 0 8 1
235 2 73 3
80 1 87 1
115 2 191 1
134 2 208 1
292 1 283 1
117 3 282 1
74 0 34 1
74 0 45 1
252 2 155 3
101 1 111 1
123 2 197 1
96 0 46 1
132 2 167 1
112 0 70 1
74 0 45 1
18 0 32 0
114 1 140 1
107 3 238 1
127 3 286 1
102 1 108 1
283 269 88 81
127 3 289 1
83 1 93 1
112 1 113 1
118 2 207 1
74 0 60 1
272 4 295 3
99 0 52 1
74 1 75 1
129 2 203 1
85 1 96 1
96 0 46 1
82 0 19 1
120 0 6 1
158 2 163 2
82 1 86 1
140 0 70 1
101 0 56 1
5 2 58 2
297 3 230 4
125 0 53 1
135 0 63 1
80 0 23 1
84 0 22 1
76 0 23 1
98 1 123 1
124 3 275 1
74 0 5 1
269 3 256 3
176 74 114 116
154 131 108 94
118 1 134 1
99 1 102 1
7 3 252 0
133 2 218 1
130 1 131 1
118 2 198 1
95 3 273 1
84 1 89 1
127 3 274 1
76 0 4 1
93 0 41 1
150 0 1 1
131 3 284 1
74 1 75 1
113 0 61 1
124 3 277 1
74 0 7 1
111 0 39 1
123 3 272 1
35 2 216 0
80 0 27 1
87 0 38 1
74 0 8 1
105 0 33 1
127 3 288 1
108 2 178 1
85 1 96 1
74 0 9 1
83 1 92 1
74 73 300 300
126 1 145 1
74 0 35 1
125 3 272 1
142 1 143 1
118 1 134 1
97 0 25 1
133 0 146 3
131 2 216 1
111 1 124 1
138 3 285 1
96 1 106 1
132 2 214 1
75 0 3 1
122 3 269 1
182 1 103 2
134 1 140 1
129 3 280 1
147 0 14 1
96 1 118 1
112 1 113 1
118 0 53 1
138 1 141 1
137 136 277 39
128 2 211 1
132 1 133 1
122 3 290 1
114 84 113 17
134 2 208 1
96 1 118 1
78 1 79 1
122 0 50 1
81 0 16 1
171 47 236 54
248 0 48 3
124 3 271 1
239 227 184 236
92 0 26 1
126 1 127 1
134 2 208 1
115 2 191 1
96 1 135 1
99 0 52 1
111 2 185 1
276 1 86 3
83 1 84 1
41 3 291 2
112 0 49 1
97 2 201 1
126 3 283 1
127 1 128 1
211 0 56 2
129 3 281 1
74 0 40 1
121 2 201 1
83 1 93 1
122 3 269 1
165 3 230 2
87 0 26 1
97 1 120 1
77 0 6 1
78 1 82 1
75 0 3 1
102 1 130 1
104 1 105 1
135 3 282 1
124 1 125 1
300 3 291 4
84 0 28 1
125 3 279 1
179 3 225 2
117 2 204 1
74 2 1 1
74 0 2 1
103 14 148 5
84 0 12 1
92 1 110 1
75 1 76 1
32 3 246 0
75 0 3 1
129 2 203 1
118 2 207 1
238 0 2 3
106 0 67 1
124 1 145 1
49 1 96 0
75 0 6 1
262 0 19 3
29 3 282 0
82 1 90 1
107 1 140 1
83 1 93 1
111 2 187 1
172 102 262 192
80 1 83 1
138 0 72 1
74 0 2 1
128 2 211 1
115 2 192 1
80 1 83 1
94 1 103 1
253 0 26 3
227 195 77 129
82 1 90 1
132 2 217 1
76 0 4 1
77 0 59 1
142 1 110 1
115 1 116 1
143 1 144 1
106 0 67 1
111 2 185 1
74 0 7 1
134 2 209 1
127 1 128 1
92 1 110 1
124 1 142 1
125 2 205 1
87 0 15 1
91 1 100 1
92 1 110 1
74 0 8 1
74 0 54 1
83 0 19 1
115 1 127 1
112 0 58 1
127 3 286 1
127 3 274 1
86 0 21 1
81 0 17 1
210 0 73 0
100 1 126 1
112 2 190 1
131 2 209 1
75 0 3 1
82 0 26 1
280 3 229 3
90 1 91 1
131 3 284 1
116 2 202 1
84 0 28 1
74 0 60 1
140 3 273 1
133 0 68 1
258 3 287 3
131 2 209 1
98 3 291 1
278 206 127 35
101 0 56 1
90 0 23 1
112 1 145 1
107 0 37 1
109 16 228 0
141 3 290 1
82 0 18 1
129 2 212 1
100 3 246 1
88 0 30 1
83 0 19 1
103 1 106 1
133 2 218 1
74 0 5 1
95 1 117 1
263 3 249 3
104 1 105 1
15 1 130 0
122 0 50 1
129 3 276 1
84 0 12 1
67 3 283 0
112 2 186 1
106 0 67 1
200 4 260 0
106 1 127 1
267 1 89 3
74 0 60 1
82 1 88 1
113 0 72 1
2 73 73 150
132 2 217 1
74 0 60 1
127 3 288 1
127 3 288 1
75 1 77 1
77 1 81 1
84 0 12 1
70 215 151 187
105 0 64 1
118 2 207 1
122 0 19 1
81 0 17 1
74 1 75 1
143 1 144 1
85 0 24 1
82 1 90 1
79 1 85 1
114 1 115 1
60 233 192 18
105 0 33 1
95 1 117 1
115 1 116 1
216 276 208 28
112 1 113 1
138 3 285 1
19 1 106 0
92 0 61 1
77 1 79 1
89 0 32 1
89 0 21 1
129 2 203 1
74 0 2 1
290 3 233 3
97 1 120 1
114 1 115 1
141 3 290 1
121 2 201 1
124 1 125 1
125 3 279 1
95 1 117 1
112 2 186 1
123 2 197 1
116 0 44 1
81 0 16 1
231 38 118 130
103 0 31 1
114 1 115 1
122 0 50 1
103 0 31 1
89 1 104 1
112 1 126 1
187 261 98 294
2 3 262 0
272 0 157 5
134 2 209 1
93 1 112 1
137 0 65 1
122 0 50 1
268 1 131 3
84 0 22 1
272 177 16 183
129 2 203 1
219 0 216 0
232 3 249 3
110 2 184 1
151 70 49 103
237 1 104 3
132 2 217 1
122 3 269 1
129 2 203 1
294 3 282 4
20 272 102 141
76 0 59 1
127 3 289 1
99 1 109 1
120 2 199 1
74 0 34 1
107 0 49 1
93 1 94 1
103 1 114 1
89 1 102 1
126 3 283 1
87 0 15 1
83 1 84 1
74 0 35 1
70 0 23 2
102 0 49 1
128 3 278 1
138 3 285 1
131 2 216 1
107 2 184 1
108 0 36 1
98 0 51 1
166 55 165 227
129 3 281 1
127 3 286 1
213 3 291 2
132 1 133 1
96 0 46 1
250 0 10 3
259 3 143 5
211 1 72 2
101 0 49 1
265 0 54 3
95 0 28 1
143 1 144 1
292 3 181 3
116 0 44 1
146 0 12 0
111 0 39 1
120 2 194 1
133 2 218 1
130 1 131 1
98 1 99 1
38 0 59 0
55 4 293 0
129 3 281 1
121 2 201 1
133 3 287 1
108 1 121 1
14 1 232 2
97 1 120 1
108 1 121 1
115 2 191 1
127 0 59 1
118 1 134 1
94 1 104 1
97 1 108 1
103 0 47 1
122 3 269 1
300 299 73 73
272 2 213 3
79 0 19 1
99 0 52 1
261 3 254 3
135 0 63 1
82 0 18 1
93 0 37 1
92 1 110 1
152 24 67 235
297 3 259 4
270 0 4 3
60 1 119 0
205 5 291 0
74 0 40 1
133 2 218 1
299 300 299 2
98 1 99 1
108 0 36 1
121 2 205 1
259 2 172 3
236 5 293 4
100 0 55 1
71 3 268 0
89 0 32 1
129 3 276 1
48 268 221 111
175 2 36 0
120 0 48 1
93 1 108 1
120 2 213 1
85 1 96 1
78 1 82 1
126 3 283 1
74 0 11 1
74 1 75 1
281 1 61 2
125 0 53 1
116 2 202 1
92 1 104 1
74 0 54 1
96 1 119 1
73 5 232 0
124 2 198 1
87 0 15 1
74 0 34 1
124 1 125 1
297 0 46 4
97 1 120 1
84 0 22 1
275 3 290 3
122 3 269 1
100 0 55 1
133 2 218 1
116 1 140 1
129 2 212 1
61 295 290 18
124 3 275 1
125 3 279 1
84 0 12 1
111 2 185 1
134 2 208 1
130 1 131 1
228 1 44 5
125 2 206 1
120 2 194 1
110 2 184 1
114 1 115 1
19 1 132 0
124 1 142 1
129 2 212 1
141 2 215 1
128 3 278 1
111 0 39 1
32 95 289 72
267 4 300 3
129 2 212 1
75 0 3 1
103 0 31 1
117 1 137 1
13 0 69 0
7 2 182 0
88 0 30 1
90 0 59 1
283 3 279 3
294 123 276 12
127 2 209 1
126 3 283 1
132 1 133 1
76 1 78 1
85 0 24 1
131 2 216 1
81 0 16 1
248 3 280 3
127 3 274 1
229 186 114 255
118 1 137 1
96 1 118 1
283 2 152 3
128 3 278 1
141 0 53 1
17 65 39 175
108 1 121 1
74 0 62 1
124 1 125 1
116 2 202 1
28 1 114 0
135 3 282 1
101 3 234 1
1 0 44 0
93 1 112 1
143 1 144 1
83 1 93 1
74 0 5 1
98 1 123 1
291 5 294 2
84 1 89 1
263 3 250 3
120 2 199 1
146 155 245 276
114 0 42 1
82 1 88 1
118 1 134 1
83 1 92 1
16 3 261 0
174 289 225 192
2 150 74 299
114 2 145 2
94 0 43 1
124 2 214 1
139 1 145 1
104 1 105 1
70 1 82 0
17 0 66 0
98 1 103 1
98 1 123 1
2 299 150 73
129 0 70 1
111 1 124 1
96 1 118 1
293 0 17 4
103 0 31 1
288 1 105 3
83 1 92 1
138 3 285 1
42 129 281 129
109 0 52 1
141 2 215 1
81 0 123 0
74 0 2 1
127 3 288 1
118 2 207 1
115 2 192 1
87 0 29 1
74 0 2 1
122 0 50 1
90 1 91 1
132 2 217 1
83 0 37 1
108 0 36 1
131 2 216 1
91 1 102 1
79 1 85 1
74 0 35 1
106 0 67 1
124 2 210 1
128 3 278 1
256 0 167 3
126 2 205 1
258 1 136 3
74 0 14 1
283 182 97 184
107 0 38 1
120 0 48 1
131 2 216 1
87 0 15 1
124 3 271 1
79 1 80 1
99 1 109 1
101 1 129 1
109 6 294 0
118 2 207 1
80 0 23 1
124 1 142 1
267 1 74 3
121 1 122 1
98 1 99 1
115 3 241 1
138 3 285 1
130 2 205 1
112 62 130 262
229 3 229 3
281 0 7 3
76 0 70 1
133 3 291 1
106 1 107 1
76 0 4 1
62 278 183 221
93 1 112 1
237 0 32 3
104 1 135 1
123 3 272 1
90 1 102 1
73 6 292 2
74 150 150 1
80 0 21 1
131 2 216 1
209 225 227 73
74 1 75 1
132 1 133 1
129 3 276 1
98 1 99 1
115 2 191 1
131 2 216 1
140 3 277 1
79 0 13 1
83 1 84 1
11 1 83 0
132 0 61 1
79 0 13 1
75 1 76 1
124 3 272 1
84 1 88 1
137 0 65 1
74 0 60 1
129 0 58 1
106 1 139 1
82 1 86 1
89 0 32 1
142 1 143 1
85 1 88 1
134 3 290 1
128 2 211 1
55 4 295 0
88 0 30 1
123 2 197 1
282 1 89 3
111 1 124 1
281 3 285 3
254 3 246 3
76 0 4 1
116 2 193 1
112 2 190 1
108 0 36 1
133 2 218 1
173 126 101 57
73 0 137 1
87 0 37 1
80 0 23 1
124 3 272 1
120 2 199 1
108 0 36 1
120 2 213 1
112 2 190 1
17 3 285 0
101 0 56 1
88 0 30 1
125 2 206 1
241 3 265 3
31 1 123 0
116 2 198 1
134 0 72 1
82 1 90 1
292 0 154 1
131 2 145 3
130 1 131 1
15 1 76 0
249 0 31 3
97 0 25 1
299 299 72 1
128 3 277 1
282 1 89 3
95 1 117 1
104 2 148 1
129 2 212 1
195 222 140 231
111 3 249 1
114 2 195 1
107 1 110 1
115 2 189 1
272 2 192 3
78 1 82 1
111 1 124 1
83 1 84 1
75 0 21 1
118 1 134 1
129 3 281 1
182 59 6 218
99 0 52 1
86 1 88 1
271 0 70 3
99 1 108 1
123 3 270 1
118 2 207 1
83 1 93 1
225 4 293 4
103 1 114 1
110 2 184 1
13 58 298 58
6 0 45 0
116 2 193 1
125 2 205 1
137 0 65 1
243 0 14 3
125 0 59 1
100 1 101 1
93 1 94 1
289 0 68 3
133 3 287 1
106 1 107 1
86 1 98 1
126 3 283 1
86 1 98 1
83 1 93 1
118 2 207 1
238 0 60 3
174 3 261 2
251 3 257 3
292 3 111 4
23 125 102 92
91 0 23 1
105 1 108 1
125 2 206 1
110 1 140 1
132 1 133 1
123 3 270 1
76 1 78 1
106 1 107 1
299 299 2 1
95 0 27 1
131 3 284 1
1 299 73 299
118 2 196 1
70 4 293 0
118 2 207 1
74 1 263 0
122 3 269 1
289 1 85 3
138 3 285 1
146 0 8 0
78 1 79 1
90 1 91 1
239 6 292 1
83 1 93 1
101 1 129 1
124 3 271 1
74 0 8 1
105 1 136 1
244 4 300 3
83 1 93 1
255 0 57 3
81 0 16 1
90 1 97 1
132 2 217 1
74 0 54 1
74 0 37 1
137 1 138 1
74 0 14 1
80 1 83 1
120 2 194 1
168 1 133 2
299 1 123 4
123 2 197 1
123 2 197 1
120 2 213 1
98 1 123 1
128 3 278 1
219 2 97 4
141 0 69 1
135 3 282 1
129 2 203 1
127 3 274 1
85 0 24 1
288 3 241 3
93 0 41 1
76 0 28 1
96 0 46 1
132 1 133 1
76 1 78 1
134 3 290 1
298 3 290 4
74 0 10 1
19 0 44 0
137 1 138 1
81 0 17 1
257 3 283 3
118 2 196 1
110 1 141 1
83 3 239 1
76 0 4 1
137 0 65 1
111 2 185 1
265 1 106 3
104 1 105 1
80 1 87 1
141 0 69 1
187 0 72 0
104 1 135 1
90 1 91 1
289 3 219 4
76 0 28 1
120 1 97 1
85 0 24 1
133 2 218 1
71 3 260 0
105 0 33 1
85 1 96 1
117 0 14 1
85 0 24 1
94 0 43 1
263 3 284 5
72 5 283 1
94 0 43 1
104 1 105 1
185 3 279 2
116 2 198 1
82 0 18 1
93 1 112 1
73 2 263 1
89 0 32 1
122 3 269 1
35 3 277 0
141 0 69 1
79 1 85 1
75 0 3 1
93 1 94 1
90 1 91 1
125 2 205 1
116 2 193 1
195 243 54 117
134 2 209 1
74 0 9 1
84 1 89 1
66 3 266 0
10 0 62 0
114 1 115 1
125 3 272 1
142 1 143 1
165 227 166 55
114 0 70 1
79 0 20 1
74 0 14 1
240 0 66 3
86 1 98 1
140 0 68 1
110 1 89 1
82 1 86 1
126 3 283 1
133 3 287 1
121 1 122 1
96 1 116 1
275 1 107 3
74 3 243 1
141 0 69 1
282 3 238 3
75 0 3 1
83 1 84 1
113 2 188 1
264 3 260 3
93 1 103 1
128 2 214 1
74 0 7 1
284 182 143 35
84 0 12 1
104 0 38 1
135 3 282 1
76 0 4 1
85 0 24 1
298 4 299 4
118 2 207 1
115 2 189 1
86 1 98 1
259 0 55 3
100 0 55 1
174 0 219 0
85 0 72 1
102 1 130 1
103 0 31 1
265 2 147 1
93 1 76 1
90 1 100 1
98 1 99 1
101 0 37 1
134 2 208 1
125 0 61 1
106 1 139 1
127 3 274 1
60 129 64 273
77 0 6 1
124 3 272 1
97 0 25 1
175 4 294 2
111 2 187 1
88 0 30 1
118 130 231 38
130 1 131 1
74 0 35 1
235 0 31 3
120 2 199 1
82 1 90 1
125 2 205 1
81 0 16 1
105 0 33 1
85 1 96 1
97 0 25 1
141 3 290 1
237 4 294 3
92 1 106 1
142 1 143 1
105 0 33 1
124 1 125 1
219 4 273 2
98 1 123 1
85 0 27 1
127 3 288 1
122 2 209 1
245 37 28 86
125 2 206 1
292 2 275 2
65 0 44 0
130 3 277 1
98 0 51 1
115 2 192 1
137 0 65 1
107 1 141 1
138 3 291 1
127 3 288 1
22 85 45 190
138 3 290 1
126 3 283 1
85 0 38 1
124 3 275 1
114 1 115 1
116 2 200 1
84 0 22 1
86 0 20 1
62 3 280 0
31 159 285 3
74 0 14 1
87 0 15 1
74 4 250 0
84 0 12 1
119 2 200 1
249 1 97 3
116 2 193 1
119 0 66 1
90 1 91 1
130 1 131 1
129 5 291 1
77 0 23 1
83 0 47 1
120 2 213 1
286 3 245 3
74 0 35 1
133 3 287 1
103 1 114 1
89 0 32 1
167 2 264 3
90 1 91 1
74 0 57 1
72 0 150 150
62 2 201 0
113 2 188 1
85 1 96 1
127 3 274 1
100 0 55 1
74 0 54 1
129 135 132 293
83 1 93 1
124 1 142 1
120 0 48 1
232 3 244 3
79 0 13 1
98 1 99 1
72 2 2 0
74 0 62 1
101 1 129 1
111 0 39 1
141 2 215 1
117 1 132 1
300 73 1 2
258 1 152 5
299 73 73 73
127 3 289 1
78 1 79 1
88 1 102 1
228 3 287 3
116 0 44 1
90 1 102 1
73 300 72 0
289 0 38 3
254 3 275 3
156 4 298 2
292 4 245 2
121 1 122 1
89 0 19 1
87 0 29 1
53 0 2 0
125 0 53 1
76 1 78 1
92 1 110 1
82 0 10 1
131 154 201 125
74 0 40 1
123 2 198 1
94 1 103 1
98 1 123 1
1 300 2 2
244 1 123 3
74 0 45 1
74 299 2 150
123 3 273 1
90 1 91 1
86 1 98 1
96 1 119 1
114 2 195 1
123 3 270 1
240 0 40 3
103 1 114 1
25 0 63 0
238 3 230 3
45 190 22 85
75 1 77 1
123 2 197 1
73 73 299 73
98 0 51 1
96 0 46 1
269 93 228 121
124 3 272 1
272 3 247 3
93 0 41 1
115 2 189 1
132 2 217 1
92 1 110 1
93 0 41 1
79 1 80 1
240 0 58 3
115 2 191 1
132 293 129 135
85 0 23 1
75 1 77 1
120 2 194 1
74 0 14 1
76 0 4 1
135 3 282 1
93 0 41 1
123 3 270 1
88 0 30 1
287 4 298 3
265 0 62 3
79 1 80 1
6 1 145 0
119 0 61 1
82 1 88 1
257 2 147 3
110 2 184 1
99 0 59 1
97 0 25 1
118 2 207 1
113 2 188 1
111 2 186 1
125 2 200 1
254 1 131 3
128 3 278 1
221 111 48 268
114 0 42 1
112 1 113 1
126 3 283 1
61 1 92 0
114 1 126 1
132 2 217 1
124 1 142 1
116 0 44 1
6 154 204 187
81 0 47 1
86 1 98 1
72 4 262 1
74 0 7 1
72 1 231 2
98 0 51 1
135 3 282 1
120 2 213 1
99 1 109 1
52 2 156 0
80 1 83 1
74 0 299 2
5 3 272 0
105 1 136 1
74 0 14 1
31 3 272 0
32 1 128 0
136 0 68 1
86 3 265 1
124 3 271 1
117 2 205 1
74 0 8 1
186 1 110 2
134 1 141 1
127 1 128 1
132 1 133 1
74 0 34 1
232 0 48 3
74 1 75 1
106 0 67 1
37 120 16 282
103 1 114 1
129 2 203 1
113 0 68 1
58 1 93 0
190 3 267 2
97 1 100 1
123 2 198 1
280 3 259 3
74 0 9 1
89 1 100 1
241 1 98 3
107 1 108 1
232 3 279 3
23 3 285 0
129 3 280 1
124 3 271 1
80 1 83 1
97 0 25 1
299 150 1 73
74 0 5 1
120 2 194 1
224 1 142 3
94 0 43 1
87 0 29 1
263 3 277 3
123 2 214 1
84 1 89 1
143 0 72 1
89 0 59 1
282 1 102 3
131 3 240 1
240 3 283 3
72 3 181 1
113 2 188 1
81 0 16 1
102 1 130 1
32 3 258 0
74 0 21 1
116 2 193 1
82 1 90 1
74 0 54 1
282 1 78 3
82 0 18 1
87 0 15 1
124 3 275 1
140 0 20 1
120 2 200 1
74 0 54 1
3 298 98 291
97 1 106 1
75 1 76 1
1 1 292 0
112 2 190 1
133 1 137 1
106 1 139 1
75 1 76 1
125 0 59 1
119 0 66 1
123 3 273 1
106 0 67 1
96 0 46 1
127 3 289 1
37 46 261 81
139 2 214 1
80 0 20 1
89 0 32 1
76 1 78 1
90 1 103 1
154 4 272 0
127 3 274 1
297 3 233 4
299 1 300 2
106 1 107 1
74 0 7 1
113 2 188 1
129 3 280 1
113 17 114 84
158 1 133 2
83 1 93 1
80 1 81 1
255 1 117 3
102 92 23 125
93 1 112 1
114 0 68 1
117 1 132 1
137 0 37 1
16 0 66 0
10 0 5 0
264 1 117 3
263 1 125 3
274 0 31 3
132 1 133 1
125 0 53 1
79 1 80 1
84 0 66 1
74 0 57 1
76 0 4 1
124 1 142 1
49 148 290 66
132 2 217 1
129 2 203 1
137 1 138 1
72 3 288 1
101 1 111 1
110 0 71 1
136 3 290 1
128 3 278 1
108 1 121 1
39 1 242 2
125 0 53 1
111 0 39 1
88 0 37 1
120 2 194 1
112 2 190 1
34 0 10 0
106 1 127 1
75 1 77 1
141 0 69 1
122 0 50 1
198 0 32 2
75 1 77 1
127 1 128 1
91 0 47 1
76 1 78 1
99 1 109 1
89 0 32 1
251 0 219 1
300 299 299 0
53 3 220 0
81 0 17 1
82 1 90 1
125 3 279 1
100 3 230 1
141 0 69 1
120 0 48 1
81 0 17 1
84 0 12 1
105 0 64 1
230 1 83 3
120 2 213 1
143 1 144 1
77 0 21 1
72 73 74 1
82 0 18 1
114 116 176 74
142 1 99 1
77 0 6 1
30 1 101 0
127 3 286 1
74 0 45 1
74 0 11 1
103 1 114 1
129 3 281 1
124 1 125 1
138 3 285 1
132 2 210 1
146 285 223 83
77 1 81 1
230 1 129 3
86 1 98 1
96 1 118 1
74 0 2 1
115 2 192 1
124 1 125 1
95 1 117 1
125 2 206 1
124 3 272 1
118 1 134 1
118 2 202 1
137 1 138 1
300 0 23 4
84 0 22 1
94 0 43 1
129 3 281 1
87 0 29 1
83 1 92 1
83 0 66 1
105 1 136 1
111 1 124 1
42 1 78 0
77 0 38 1
191 0 27 2
33 1 98 0
74 0 35 1
99 0 52 1
137 1 138 1
111 1 145 1
106 1 107 1
135 0 37 1
12 4 298 0
298 0 44 4
74 0 57 1
155 72 52 220
80 1 87 1
116 2 193 1
121 1 122 1
79 0 13 1
57 2 210 0
141 2 215 1
115 2 189 1
85 0 24 1
134 2 208 1
160 1 142 2
80 0 70 1
143 1 145 1
99 3 242 1
73 73 300 299
47 4 293 1
114 0 42 1
115 2 191 1
74 0 62 1
272 227 190 95
111 2 187 1
81 0 10 1
295 35 172 168
96 0 46 1
106 1 107 1
65 3 291 1
127 0 170 0
124 1 125 1
2 300 299 1
76 1 79 1
124 3 271 1
83 1 93 1
132 148 238 290
121 1 127 1
125 2 209 1
132 1 137 1
85 1 96 1
250 0 72 3
117 2 205 1
82 1 86 1
95 1 102 1
123 1 86 1
96 1 118 1
49 1 92 0
79 0 13 1
80 0 21 1
114 2 195 1
294 3 239 4
299 1 101 4
74 0 34 1
82 0 20 1
67 235 152 24
143 1 144 1
