400 5000
796 94 37997 1
712 4 1956 1
790 12 5191 1
189880 0 11 474
758 6 2777 1
787 11 4788 1
199423 0 180 498
787 18 7593 1
749 7 3152 1
424 0 68 1
403 1 405 1
745 7 3153 1
795 79 31996 1
758 3 1559 1
298546 400 160030 746
638 427 170976 1
451 805 322018 1
778 15 6382 1
264656269780 537531517135 711778064220 339063773552
770 8 3575 1
794 53 21595 1
707 4 1921 1
722 5 2325 1
745 2 1156 1
478 1 505 1
546 805 322372 1
791289537451 571374061093 922185674677 844272693726
770 8 3571 1
628 23891 9556255 0
1000000000000 2 999999999999 1
999999999999 1 1000000000000 2
110325392074 528634442981 26538326793 235976584068
399 400 401 1
26699600 7086 2834763 66751
501 0 222 1
416 1 413 1
781 18 7585 1
790 3 1591 1
92739 1 617 231
779 11 4780 1
779 16 6783 1
40001200 100002 40000015 100000
792 44 17999 1
40000880 100000 40000468 100000
231556 1 602 578
399188316139 638458846335 496242032328 474327528862
785 26 10786 1
738 6 2765 1
744 7 3149 1
781 19 7982 1
604 2 1010 1
851990136560 494648049212 733604583479 732505305950
522 1 564 1
514 1 628 1
409 1 417 1
796 95 38398 1
787 29 11997 1
723 4 1940 1
717 4 1969 1
588 1 651 1
793 52 21199 1
743 6 2799 1
740 6 2779 1
406 0 13 1
338356466204 51354160288 112367540781 790570795807
322042 805 322038 805
735 4 1960 1
779 14 5986 1
444 0 45 1
788 4 1989 1
516 1 555 1
322372 805 322186 805
786 24 9990 1
756 400 160361 1
512 1 513 1
794 50 20397 1
160316 805 322038 400
715 4 1926 1
794 8 3595 1
400 100000 40000509 1
795 19 7997 1
796 87 35197 1
625 2 1075 1
538 1 675 1
322145 745 298284 805
563309441001 177875744056 215662199592 414413171520
793 56 22796 1
733 5 2396 1
535 1 670 1
794 61 24795 1
731 0 337 1
711 4 1919 1
403 1 404 1
707 3 1537 1
160239 805 322204 400
795 46 18796 1
691 2 1092 1
422 0 44 1
778 13 5589 1
716 2 1175 1
268 805 322255 0
781 20 8397 1
160259 395 158382 400
796 85 34397 1
561 1 722 1
796 69 27997 1
798 92 37199 1
718 4 1990 1
776 16 6787 1
413 1 421 1
724 5 2344 1
322080 1 671 805
800 0 222 0
160114 1 775 400
795 69 27998 1
743 6 2768 1
723 2 1124 1
676 3 1481 1
778 17 7188 1
792 45 18396 1
40000522 12142 4856811 100000
752 6 2766 1
798 34 13999 1
636 2 1037 1
680 3 1517 1
725 5 2339 1
748 2 1157 1
160079 400 160271 400
777 0 378 1
413 0 23 1
794 60 24395 1
794 63 25599 1
774 13 5579 1
746 4 1977 1
793 52 21194 1
780 17 7193 1
554 0 155 1
913717413459 14635083285 28715978853 658449842514
401 0 143 1
727 5 2362 1
793 38 15597 1
787 19 7995 1
555 24854 9941134 0
684 1 779 1
406 0 7 1
401 0 205 1
427 0 42 1
787 11 4797 1
1000000000000 1 399 0
401 0 212 1
790 22 9193 1
629 2 1087 1
40000660 100001 40000400 100000
779 14 5994 1
795 1 796 1
733 805 322078 1
659 2 1089 1
409 0 291 1
798 96 38799 1
468 0 69 1
690 0 291 1
534 1 535 1
399 2 400 2
231 400 160146 0
793 33 13599 1
400 999999999999 1 999999999999
160167 0 341 400
795 71 28798 1
25079200 51900 20760290 62696
519 0 238 1
654 2 1160 1
322375 400 160360 805
790 38 15591 1
674 3 1496 1
789 33 13590 1
61370 1 700 153
791 2 1192 1
570 0 171 1
792 27 11199 1
746 7 3150 1
707 4 1912 1
574 1 747 1
774 15 6383 1
751 4 1952 1
797 81 32798 1
743 3 1590 1
160376 507 203079 400
29024401 1 127 72560
750 6 2764 1
794 58 23596 1
170612 360 144165 426
793 35 14398 1
517 1 557 1
796 45 18397 1
798 9 3999 1
531 0 263 1
788 31 12798 1
144663454537 924671386304 453126278470 42671469607
798 105 42399 1
780 15 6381 1
785 26 10790 1
787 30 12391 1
769 10 4370 1
399 400 399 1000000000000
791 17 7192 1
172 36826 14730400 2
694 1 793 1
785 25 10390 1
695 3 1536 1
633 2 1097 1
769 12 5193 1
725 5 2348 1
780 16 6784 1
797 88 35598 1
786 27 11189 1
782 14 5983 1
580 0 360 1
708 4 1915 1
717 3 1518 1
401 0 89 1
869522444263 770175911150 285433988157 988737638422
755 7 3166 1
700 0 301 1
86 1 610 0
617 1 690 1
678 3 1479 1
636 2 1108 1
475 0 183 1
401 0 255 1
192512 205 82010 481
666 2 1198 1
402 0 261 1
762 10 4379 1
702 1 703 1
796 93 37597 1
762 8 3563 1
425 1 426 1
688 3 1501 1
797 106 42798 1
718 0 319 1
332812460919 557232582371 678816388047 788327874594
461983834972 727506852107 355637668030 458290424951
796 74 29998 1
792 26 10799 1
573 0 346 1
798 38 15599 1
169451 714 285855 423
633 1 650 1
669 3 1476 1
322195 805 322257 805
440 0 41 1
671 3 1482 1
782 15 6391 1
487 0 155 1
577 0 355 1
757 6 2776 1
526 1 652 1
424 0 25 1
480 0 161 1
754 8 3570 1
614 2 1015 1
708 2 1117 1
582 0 364 1
698 400 160153 1
322369 1 766 805
793 30 12399 1
66 805 322132 0
688 1 785 1
482 1 563 1
566 1 567 1
787 26 10791 1
754 4 1955 1
332 602 241131 0
787 27 11188 1
775 4 1988 1
782 21 8783 1
564 1 727 1
161619711060 912087817585 118653904800 270949777056
796 64 25997 1
718 4 1986 1
797 93 37598 1
749 4 1994 1
796 57 23198 1
633 2 1068 1
785 20 8390 1
711 2 1167 1
788 0 389 1
459 1 479 1
768 11 4773 1
788 33 13591 1
797 109 43998 1
795 47 19199 1
657 2 1087 1
674 3 1480 1
160124 805 322194 400
792 18 7593 1
770 13 5579 1
792 47 19196 1
406 1 411 1
777 16 6799 1
797 111 44798 1
163 34383 13753299 2
40001084 77659 31064558 100000
797 123 49598 1
775 15 6379 1
87182 185 74010 217
750 7 3197 1
784 24 9986 1
784 23 9595 1
528 1 410 1
852634002013 522730508836 815378468940 135898062617
403 1 405 1
746 7 3166 1
322267 57 22988 805
679 3 1515 1
797 103 41599 1
587 0 375 1
621 0 222 1
762 10 4381 1
716 3 1546 1
461 0 123 1
794 63 25596 1
429 0 216 1
729 5 2330 1
322381 1 663 805
401 0 361 1
160347 38 15263 400
762 10 4363 1
288146 746 298513 720
401 0 226 1
777 16 6796 1
723 4 1939 1
798 86 34799 1
342433536672 438066879045 197994067467 158370299203
773 9 3974 1
531 0 371 1
689 3 1555 1
797 124 49998 1
789 35 14393 1
685 3 1540 1
789110192276 832249465875 618439756617 385223899907
786 24 9989 1
790 26 10792 1
992164824570 486747017581 399059952547 811405486033
780 19 7996 1
930292129621 23468626880 127454370826 59216852269
694 2 1142 1
656 1 742 1
553 400 160368 1
160253 0 77 400
503 0 206 1
758 7 3159 1
713 4 1961 1
795 30 12396 1
769 12 5187 1
780 10 4398 1
795 50 20398 1
2 999999999999 1000000000000 0
601 1 669 1
797 121 48799 1
713 3 1519 1
630 1 499 1
364 0 105 0
66 65642 26256799 0
322100 0 31 805
498208758830 963923545739 253153682993 610364850965
671 3 1483 1
729 5 2370 1
784 24 9992 1
865913508871 880514773303 252303403635 330434837528
663 1 751 1
26988 123 49563 67
783 13 5590 1
429137108520 629759259891 19341906309 116492037259
512 0 136 1
796 67 27197 1
631 2 1047 1
577 1 644 1
1 1000000000000 2 2
778 17 7197 1
787 29 11989 1
796 91 36799 1
754 7 3159 1
426 0 314 1
160313 1 416 400
207 1 704 0
14815 805 322189 37
779 8 3582 1
753 8 3573 1
160083 805 322032 400
663 2 1188 1
741 6 2748 1
751 5 2353 1
41 400 160125 0
769 12 5170 1
996262087793 133982513927 647692414494 406394146111
740 6 2746 1
224204117014 245030681735 743095705531 903360603572
785 12 5186 1
797 105 42398 1
133156 805 322048 332
598 1 665 1
546 0 293 1
791 41 16795 1
794 61 24795 1
110506 1 444 276
704 4 1916 1
793 35 14399 1
737 1 738 1
792 37 15198 1
787 29 11988 1
684 3 1495 1
675 3 1497 1
408 0 338 1
784 18 7591 1
324 635 254369 0
797 82 33198 1
737 3 1538 1
586 0 187 1
798 73 29599 1
24 512 205106 0
776 9 3977 1
780 11 4786 1
581 0 363 1
762 4 1963 1
586 1 772 1
693 3 1509 1
322272 400 160036 805
437 0 75 1
680 3 1484 1
768 8 3569 1
775 15 6376 1
106007 254 101738 265
252 31295 12518012 2
713 1 714 1
401 0 191 1
797 43 17598 1
702 4 1903 1
779 13 5593 1
637 2 1109 1
788 30 12389 1
791 35 14392 1
597 0 198 1
251261432619 254352277613 451214468385 523824870811
1 400 160351 0
411 805 322200 1
705 4 1906 1
222951963770 874773214231 827657611669 718114985632
705 3 1513 1
560 1 561 1
755 8 3556 1
9934416 90730 36291527 24834
702 2 1153 1
680 1 756 1
795 70 28396 1
500000000000 500000000000 1000000000000 0
233 400 160156 0
751 7 3152 1
659 2 1177 1
779 15 6380 1
741 3 1542 1
401 0 257 1
693 2 1165 1
769 8 3591 1
322337 0 168 805
761 10 4362 1
794 63 25596 1
790 36 14791 1
471 1 487 1
101 0 264 0
615 0 216 1
795 7 3196 1
423 1 428 1
777 16 6798 1
401 0 349 1
783 19 7984 1
453 0 371 1
691 1 789 1
34 100001 40000399 2
761 7 3176 1
767 1 768 1
774 9 3978 1
743 6 2744 1
11149119 70925 28369745 27872
511 0 331 1
732 2 1199 1
501 62 25060 1
73470454503 358442485943 721372350746 19779445126
192400 3834 1534090 481
253773724361 141068064014 942652931899 234031574990
795 65 26397 1
253153682993 610364850965 498208758830 963923545739
117836650021 936192402239 990590989494 496679298294
40000033 100002 40000400 100002
668 1 685 1
60246 567 227189 150
778 18 7579 1
582 0 183 1
780 15 6386 1
798 123 49599 1
477 0 154 1
490 1 580 1
151 697 279197 0
550 0 151 1
761 6 2775 1
196084741124 999450222472 75144311897 707593123122
662 2 1094 1
789 33 13594 1
999999999999 999999999999 399 1
797 114 45998 1
795 55 22399 1
68 347 138910 0
793 37 15194 1
788 18 7589 1
322285 0 117 805
470 1 524 1
740 2 1182 1
254346315027 636185317869 531765560728 115347669131
613 1 614 1
718 2 1119 1
733 5 2393 1
774 15 6377 1
454 0 109 1
784 24 9986 1
531 0 132 1
40000399 74190 29676618 100000
789 23 9590 1
768 8 3584 1
751 282 113193 1
785 8 3586 1
682 1 683 1
58853 0 132 147
686 3 1498 1
763 3 1586 1
637 400 160011 1
42 400 160098 0
401 0 383 1
56 100000 40000061 0
496 0 166 1
772 14 5978 1
782 22 9185 1
24693849 65427 26171960 61736
791 35 14392 1
442 0 45 1
787 26 10788 1
757 9 3965 1
591 0 383 1
322383 805 322246 805
503 0 207 1
160177 805 322105 400
791 42 17195 1
764 4 1996 1
796 87 35198 1
570 1 602 1
715 3 1520 1
794 33 13596 1
746 7 3149 1
497 0 98 1
788 5 2398 1
795 59 23996 1
751 1 752 1
532 0 133 1
224679564563 418334802618 64305354024 451177282672
763 628 251233 1
662 2 1184 1
509 0 174 1
780 9 3989 1
417 1 424 1
646 2 1137 1
771 9 3986 1
703 2 1155 1
530 789 315755 1
790 36 14796 1
19110399 6245 2498739 47775
728 5 2346 1
999999999999 2 401 0
652 2 1079 1
401 0 384 1
796 83 33598 1
788 31 12797 1
715 4 1918 1
791 33 13592 1
789 9 3990 1
28715978853 658449842514 913717413459 14635083285
899848644411 668964094396 452332967022 523031667885
772 13 5597 1
519 0 120 1
534 1 579 1
774 13 5575 1
741 6 2787 1
542 0 284 1
751 8 3559 1
774 6 2781 1
798 68 27599 1
797 80 32399 1
633 1 702 1
771 13 5591 1
798 37 15199 1
717 3 1548 1
561 0 213 1
780 1 781 1
160039 805 322370 400
1 400 999999999999 500000000000
255040 400 160353 637
520 1 639 1
666 2 1067 1
716 4 1977 1
322311 0 92 805
401 0 307 1
790 37 15192 1
656 2 1057 1
613 1 711 1
322370 805 322266 805
285180 1 618 712
668 3 1472 1
160289 225 90163 400
533 1 665 1
231934 1 506 579
40000400 0 457 100002
788 31 12789 1
771 5 2377 1
722 5 2323 1
797 72 29198 1
435 805 322389 1
797 98 39599 1
778 17 7195 1
739 6 2770 1
790 36 14798 1
87354 372 149077 218
791 28 11596 1
784 14 5996 1
543 0 396 1
425 1 450 1
767 12 5169 1
94 1 476 0
40000592 2775 1110879 100000
735 6 2737 1
676 3 1504 1
737 6 2755 1
401 0 206 1
796 33 13598 1
788 9 3989 1
796 60 24399 1
611 400 160040 1
414 1 427 1
787 28 11595 1
140336 400 160203 350
797 99 39999 1
665 0 266 1
785 17 7186 1
692697555618 652356535748 611531642592 253119830722
701 3 1523 1
401 0 363 1
747 6 2759 1
787 30 12388 1
783 17 7189 1
769 12 5189 1
608 1 609 1
322139 149 59932 805
753 6 2769 1
733 3 1574 1
183 179 71604 0
687 2 1088 1
795 67 27198 1
603 0 204 1
578 1 755 1
793 50 20397 1
7824500085 658465098613 438967939926 494671535348
771 13 5587 1
500000000000 400 1 2
779 18 7581 1
798 36 14799 1
699 3 1594 1
775 8 3596 1
481 0 82 1
673 2 1193 1
400 1000000000000 400 1000000000000
729 5 2337 1
793 8 3594 1
793 50 20395 1
764 8 3576 1
643 2 1110 1
798 67 27199 1
517 1 634 1
721 3 1556 1
796 39 15997 1
794 64 25998 1
638 0 266 1
63196 805 322074 157
446 0 124 1
461 1 462 1
750 7 3151 1
788 2 1189 1
784 0 385 1
680 2 1136 1
124211345241 647384132417 299229550991 571300303514
472 0 145 1
437 1 450 1
795 65 26398 1
783 10 4399 1
160244 400 160234 400
746 4 1947 1
105 805 322304 0
797 103 41598 1
543 1 591 1
791 40 16392 1
777 10 4378 1
694 3 1574 1
776 16 6779 1
759 7 3160 1
33474634 11952 4780314 83688
789 31 12792 1
651 2 1077 1
794 62 25196 1
601 1 697 1
487 1 517 1
401 0 11 1
796 68 27598 1
775 15 6376 1
778 12 5179 1
180012909195 121058096604 25811742162 226314755459
790 36 14797 1
776 16 6777 1
768 12 5174 1
215072149844 55050593386 402845830548 289074788960
795 46 18799 1
654 1 739 1
666 1 755 1
246001 100001 40000093 614
343 400 160187 0
734 4 1957 1
790 37 15191 1
794 51 20796 1
160279 805 322183 400
4195903 59489 23795359 10488
160326 1 666 400
747 6 2786 1
789 19 7999 1
581 1 587 1
754 8 3578 1
569 1 626 1
677 2 1096 1
567384809267 975656934320 710093850055 604841844340
4020202 0 644 10051
796 41 16797 1
148 0 1192 1
738 6 2761 1
632 2 1049 1
160362 42 17170 400
399 100000 40000742 2
208984 603 241302 522
399 1 1000000000000 500000000000
783 9 3984 1
727 1 767 1
710 1 711 1
642 2 1043 1
322185 754 301700 805
570 1 739 1
960149983468 274477940380 998144135357 267339141969
743 3 1544 1
779 6 2780 1
160067 805 322304 400
160081 805 322385 400
763 9 3964 1
757 9 3968 1
704 4 1905 1
401 0 184 1
513 1 626 1
793 48 19597 1
535 1 581 1
473 1 527 1
696 3 1581 1
791 41 16792 1
386 805 322185 0
312373485830 612179724108 896340359895 49993376841
628 0 229 1
768 12 5176 1
160066 1 680 400
638 2 1039 1
787 29 11988 1
634 1 635 1
756 4 1995 1
774 13 5575 1
794 54 21995 1
659 1 660 1
9140800 1133 452672 22849
798 124 49999 1
160194 392 156878 400
725 2 1188 1
773 9 3988 1
583 0 366 1
445 1 446 1
768 0 369 1
417 1 418 1
792 21 8794 1
681 2 1082 1
797 122 49198 1
531 0 369 1
773 14 5982 1
322153 1 541 805
322309 400 160178 805
698 3 1589 1
796 88 35597 1
404 0 391 1
109579412201 405399873095 171861953748 921532980569
641 2 1062 1
719 4 1993 1
322358 408 163559 805
753 8 3576 1
1 1 401 2
658 1 745 1
128978 805 322327 322
779 661 264669 1
787 29 11991 1
781 15 6395 1
160158 365 146233 400
784 24 9987 1
759 4 1999 1
515 0 365 1
696 3 1582 1
299229550991 571300303514 124211345241 647384132417
225309 0 138 563
614 2 1042 1
40000042 62273 24910027 100000
777 13 5584 1
795 69 27996 1
727 4 1953 1
650 2 1051 1
726 367 146860 1
680 2 1081 1
11901477 22925 9171102 29752
746 0 347 1
439 52772 21109600 0
645 2 1102 1
12022400 100001 40000164 30053
765 11 4768 1
416 0 52 1
722 1 723 1
597155613388 254950848358 746036051222 11939728522
552 1 553 1
786 28 11591 1
104 400 160115 0
761 2 1189 1
160088 246 98572 400
423 0 388 1
573 1 574 1
469 1 537 1
683 3 1484 1
667 1 718 1
786 19 7987 1
725 4 1942 1
678816388047 788327874594 332812460919 557232582371
464 1 486 1
706 3 1584 1
553 1 554 1
793 50 20394 1
780 19 7993 1
790 29 11991 1
40000106 2 400 100001
529 0 259 1
174 805 322328 0
792 39 15995 1
773 1 774 1
55 1 786 0
724 4 1941 1
792 45 18393 1
674 0 275 1
605 2 1006 1
797 0 398 1
773 14 5985 1
789 30 12390 1
793 54 21996 1
675 3 1499 1
423 1 446 1
737 6 2759 1
777 17 7181 1
2 1 999999999999 999999999999
772 6 2783 1
731 3 1533 1
279 0 261 0
733970487646 733151221798 105680792534 907215611959
119743 1 457 299
686 1 687 1
428 0 29 1
273725219073 148688684340 110844297480 993264630093
595 0 390 1
565 1 673 1
177 473 189523 0
430 0 39 1
611 2 1013 1
561 0 362 1
555 1 710 1
40000615 81700 32679999 100000
771 9 3972 1
779 13 5580 1
163934 400 160371 409
471 0 142 1
752 2 1153 1
506 0 95 1
780 15 6387 1
796 42 17197 1
364 100001 40000228 2
92811 0 377 232
602 1 734 1
523 1 524 1
488 1 570 1
796 73 29597 1
787 30 12392 1
49 100001 40000210 1
40000594 77415 30965600 100000
999999999999 999999999999 399 500000000000
401 0 105 1
312 0 145 0
690 3 1491 1
641 2 1122 1
291934 0 177 729
631 2 1048 1
445 0 91 1
7057 312 124843 17
574 0 348 1
765 5 2383 1
389 0 14 0
783 23 9586 1
786 27 11196 1
401 0 148 1
730 0 379 1
797 120 48399 1
620 2 1033 1
749 7 3186 1
782 21 8785 1
17457675 45343 18138229 43646
476 0 77 1
691 3 1492 1
401 0 263 1
783 15 6392 1
795 4 1996 1
785 25 10396 1
640 2 1061 1
791 38 15593 1
27855878 45776 18311600 69639
781 20 8386 1
790 25 10391 1
228 400 160020 0
537 104 41848 1
533 1 666 1
322100 26 10755 805
554 1 708 1
491 1 581 1
796 85 34398 1
453126278470 42671469607 144663454537 924671386304
242311 116 46696 605
737 5 2350 1
797 107 43198 1
22107200 0 459 55268
445 0 301 1
795 78 31597 1
758 9 3975 1
282 1 412 0
756 8 3596 1
160331 593 237229 400
794 0 395 1
160368 400 160211 400
798 10 4399 1
406 0 12 1
763 10 4391 1
421 1 442 1
749 7 3185 1
569 1 737 1
439 0 78 1
321445 160 64205 803
571 0 172 1
815378468940 135898062617 852634002013 522730508836
696 0 297 1
783 12 5184 1
795 76 30798 1
352 0 327 0
160198 1 714 400
1134 8240 3297200 0
401 0 153 1
775 15 6378 1
797 34 13998 1
797 123 49598 1
160138 786 314614 400
780 17 7187 1
145 1 543 0
322199 805 322109 805
756 2 1191 1
792 44 17993 1
795 75 30398 1
797 18 7598 1
784 16 6785 1
796 73 29597 1
791 43 17593 1
945 52294 20917599 0
1000000000000 400 1 2
160134 400 160354 400
51406 549 219959 128
40000338 65133 26052473 100000
798 87 35199 1
728 4 1955 1
391 1 686 0
413 0 248 1
295 703 281301 0
767 4 1968 1
753 5 2354 1
797 94 37998 1
778 15 6383 1
399 2 2 0
787 28 11590 1
796 80 32397 1
788 31 12792 1
716 4 1928 1
780 0 106 1
788 32 13189 1
685 2 1086 1
643 2 1065 1
784 24 9998 1
535 1 536 1
794 61 24798 1
796 83 33599 1
755 6 2756 1
728 5 2364 1
794 53 21597 1
795 22 9196 1
255531 0 205 638
773 10 4374 1
440 0 81 1
657 1 744 1
709 3 1550 1
774 0 183 1
34660588 49209 19684001 86650
695 1 794 1
792 45 18398 1
265 400 160237 0
795 15 6396 1
460 1 481 1
740 6 2777 1
653 2 1121 1
772 0 373 1
653 2 1158 1
664 2 1099 1
583 1 687 1
486 1 571 1
792 40 16394 1
696 3 1515 1
196064 0 310 490
787 21 8789 1
401 1 402 1
727 0 328 1
668 1 784 1
667 2 1085 1
703 4 1911 1
17088000 0 930 42720
511 1 621 1
797 109 43999 1
775 2 1183 1
794 26 10795 1
750 4 1985 1
322346 1 598 805
660 2 1180 1
794 58 23595 1
775 13 5581 1
769 11 4774 1
621 2 1061 1
441 1 465 1
722 2 1184 1
434 1 459 1
673 3 1474 1
795 57 23196 1
721 4 1943 1
487 0 88 1
797 110 44398 1
773 14 5988 1
765 10 4374 1
794 28 11597 1
28350266 1 371 70874
360054312565 778777653147 237415646552 933562732092
471 1 472 1
460 1 461 1
677 1 678 1
607 2 1015 1
611 2 1029 1
483 1 566 1
576 1 751 1
795 55 22398 1
733 3 1534 1
401 2 2 500000000000
679 1 773 1
789 1 790 1
401 0 27 1
35507099 65387 26155199 88766
794 57 23195 1
537 1 538 1
792 40 16393 1
209532130076 855940762525 36117572013 185055497317
777 12 5185 1
795 77 31198 1
784 22 9189 1
787 26 10790 1
613 0 214 1
797 119 47999 1
731 0 332 1
701 4 1902 1
160277 614 245809 400
445 1 490 1
699 2 1150 1
787 19 7988 1
384525415384 11855424831 782662540514 733133820047
762 5 2363 1
578 1 638 1
413 0 27 1
639 1 719 1
40000400 100000 40000436 100001
676 3 1483 1
445 0 46 1
322179 104 41711 805
798 90 36399 1
772 10 4383 1
790 38 15596 1
794 58 23597 1
685 3 1489 1
781 5 2382 1
154 695 278204 0
578 0 356 1
415 0 16 1
613 0 388 1
793 37 15194 1
599 1 762 1
730 3 1541 1
776 10 4377 1
770 7 3192 1
401 0 44 1
737 5 2338 1
223 67 27093 0
636 2 1106 1
723 3 1573 1
652962573879 385943818582 847196745100 527425315147
333244828913 533064759423 577408983633 404493345580
791 41 16792 1
90472 400 160284 226
798 85 34399 1
1094 100000 40000165 0
777 16 6778 1
400 1000000000000 400 1000000000000
422 1 430 1
772 2 1173 1
752 5 2375 1
794 66 26796 1
775 10 4376 1
797 120 48398 1
644 2 1131 1
754 6 2771 1
618 1 619 1
542 1 543 1
226416 442 176802 566
525 472 188880 1
66738721351 923265104023 800027970419 113256088066
651 2 1151 1
705 4 1906 1
425 1 445 1
773 14 5981 1
414 1 419 1
793 52 21194 1
771 8 3588 1
720 0 321 1
764 7 3199 1
494 0 260 1
791 44 17993 1
578 0 357 1
463 331 132433 1
580441285719 228193607043 743475876377 233330745289
774 14 5979 1
439 1 453 1
609 1 775 1
599 0 399 1
726 3 1538 1
798 122 49199 1
534 1 645 1
445 0 85 1
322090 0 372 805
764 11 4765 1
15966000 100001 40000200 39912
792 29 11998 1
611 1 654 1
790 25 10397 1
575 0 351 1
663 2 1064 1
797 59 23998 1
716 0 398 1
752 8 3561 1
765 11 4779 1
680 2 1092 1
436 1 449 1
430 0 60 1
787 17 7198 1
401 0 322 1
734 6 2735 1
626 2 1043 1
772 14 5973 1
484 0 85 1
693 2 1129 1
462 0 63 1
775 13 5599 1
400 400 999999999999 400
411 0 22 1
793 44 17996 1
630 1 708 1
607 2 1021 1
480 1 508 1
1000000000000 0 2 999999999999
759 9 3962 1
301 805 322332 0
682 1 777 1
793 53 21594 1
676 3 1501 1
624 2 1025 1
787 1 788 1
583 1 584 1
796 99 39999 1
760 5 2361 1
393 0 188 0
792 21 8793 1
40000400 2 254 100000
999999999999 500000000000 1 400
789 36 14792 1
796 23 9597 1
197994067467 158370299203 342433536672 438066879045
792 44 17994 1
766 8 3579 1
129612 492 196934 324
617 2 1027 1
792 49 19993 1
595487969291 343523447402 511095153517 732071421580
438 1 452 1
704 3 1527 1
797 110 44398 1
716432140259 455792980667 239686025093 395906979492
267213 0 251 668
725 3 1526 1
689 2 1135 1
619 1 622 1
436 0 72 1
322281 400 160074 805
126152 1 558 315
549 1 572 1
788 21 8793 1
785 26 10794 1
780 2 1181 1
681 1 776 1
322029 0 351 805
313 100002 40000253 2
758 7 3167 1
762 10 4380 1
751 2 1152 1
2 400 400 500000000000
744 7 3150 1
566 1 731 1
788 15 6389 1
782 8 3595 1
706 0 20 1
791 24 9992 1
668 3 1471 1
746036051222 11939728522 597155613388 254950848358
297 400 160166 0
523 1 567 1
401 0 50 1
500000000000 1 400 2
798 51 20799 1
621 2 1062 1
791 6 2792 1
603 2 1009 1
375780024669 906507757211 814515783570 743864814161
64305354024 451177282672 224679564563 418334802618
379 378 151525 0
148906 0 227 372
798 17 7199 1
554 1 606 1
401 0 154 1
794 21 8795 1
786 21 8792 1
581 1 582 1
593612918816 279151051937 607339373814 908730011879
479 1 480 1
453 1 461 1
759 9 3988 1
399 500000000000 999999999999 999999999999
766 9 3976 1
720 4 1997 1
705 0 306 1
793 10 4394 1
739 6 2769 1
353 100001 40000400 2
322350 0 44 805
681 3 1522 1
776 12 5188 1
783 21 8786 1
638 2 1114 1
448 0 97 1
636 0 273 1
797 41 16798 1
237415646552 933562732092 360054312565 778777653147
735 6 2743 1
655 2 1163 1
722 5 2324 1
400 2 500000000000 1
695 3 1578 1
704 4 1919 1
5058490 0 800 12648
794 59 23999 1
780 12 5192 1
710 2 1166 1
322199 400 160260 805
509134225064 660630488981 512799785982 412034723264
664 2 1097 1
786 16 6796 1
135815096938 392903045690 694424331735 450330995318
744 3 1592 1
36750313 0 922 91876
795 72 29199 1
599 1 699 1
779 18 7592 1
784 23 9586 1
420 0 197 1
160345 0 296 400
794 63 25595 1
493 1 585 1
494243071879 680918655866 407566472550 622429506932
707 4 1932 1
796 87 35197 1
475871565390 653035487630 524082262276 884713444166
695 3 1562 1
710 0 311 1
794 20 8395 1
732 5 2333 1
999999999999 400 400 400
437 0 334 1
1856401 19331 7732277 4640
781 21 8782 1
775 15 6394 1
774 11 4784 1
618 1 691 1
745 2 1146 1
759 6 2779 1
489 1 520 1
160174 498 199289 400
499 0 199 1
787 4 1988 1
550 1 700 1
35271955 78246 31299566 88177
776 16 6790 1
531 0 262 1
791 41 16796 1
796 0 397 1
40000001 65884 26353202 100000
793 51 20794 1
72087 0 242 180
667 2 1199 1
796 64 25999 1
738 5 2339 1
685 3 1539 1
401 0 401 1000000000000
427 1 428 1
797 106 42798 1
640 0 241 1
507 0 283 1
794 59 23995 1
421 0 95 1
238633 1 670 596
795 77 31196 1
776 5 2377 1
724 5 2343 1
411 1 416 1
791 0 392 1
589 1 653 1
40001200 0 265 100000
474 0 253 1
157975 1 458 394
744 7 3147 1
127129 0 245 317
623 1 693 1
707 2 1145 1
764 5 2396 1
772 8 3594 1
796 86 34798 1
755 8 3593 1
787 18 7596 1
770 9 3982 1
780 16 6781 1
114 1 400 2
449219371291 402435409979 535624843805 493760745291
798 63 25599 1
92625 805 322395 231
769 1 770 1
790 21 8791 1
26 1 554 0
467197836646 324198084952 177038363257 452605953555
432 0 33 1
592 1 476 1
322067 0 207 805
795 75 30399 1
795 66 26799 1
14567120 100000 40000458 36418
795 69 27996 1
658 1 460 1
599 0 200 1
794 46 18797 1
269873 805 322363 674
765 8 3566 1
793 42 17196 1
796 90 36397 1
287 0 400 1
499 1 597 1
946122822801 929531765390 516988181595 907174883901
523 0 124 1
445 1 794 1
507 0 215 1
466 0 67 1
644 2 1120 1
759 9 3983 1
782 5 2383 1
742 4 1943 1
765 7 3183 1
22 68 27213 0
771 7 3172 1
778 18 7579 1
611 400 160202 1
694424331735 450330995318 135815096938 392903045690
322298 766 306447 805
29100 1 573 72
239686025093 395906979492 716432140259 455792980667
768 4 1969 1
778 9 3998 1
142440 51 20790 356
322308 0 125 805
518 0 236 1
793 56 22795 1
671 1 701 1
790 25 10396 1
451 0 102 1
40711592716 502773277438 227240848489 287993839660
912584281962 596598453106 398624826111 6202141151
401 0 55 1
322097 419 167637 805
401 2 1 1
55791 1 507 139
487 0 286 1
601 1 602 1
739 6 2773 1
788 31 12789 1
666 2 1197 1
713 4 1947 1
596 0 197 1
792 49 19996 1
501 0 294 1
427 1 438 1
793 49 19994 1
790 9 3995 1
721 5 2322 1
491 0 98 1
412 1 418 1
788 32 13196 1
367 805 322211 0
720 1 721 1
790 36 14794 1
794 36 14795 1
293655 1 451 734
787 16 6799 1
770 5 2381 1
448 0 49 1
207 25202 10080633 1
322326 1 793 805
790 30 12394 1
779 3 1580 1
779 15 6385 1
40001200 0 773 100000
13754406 100000 40000549 34387
22049201 94812 37924387 55123
772 14 5976 1
748 7 3183 1
306011 0 45 765
719 4 1995 1
771 13 5574 1
796 14 5997 1
615 2 1044 1
531 1 576 1
797 76 30799 1
2 999999999999 500000000000 400
796 89 35997 1
794 64 25996 1
460 1 519 1
785 20 8386 1
795 44 17999 1
718 3 1519 1
274124 400 160022 685
702767053230 725677232278 240763816061 478876008006
160209 0 232 400
427 1 454 1
221 0 1 1
781 20 8385 1
612 2 1034 1
67 805 322193 0
524353904273 733430871878 837581132181 550372512753
779 17 7192 1
751 7 3158 1
789 2 1190 1
149228358579 652021203594 632469668952 402957337914
775 13 5576 1
784 19 7989 1
56066 336 134730 140
26863 394 157743 67
528 0 254 1
160287 512 204884 400
455 1 509 1
403 518 207575 1
500000000000 1000000000000 500000000000 500000000000
568 1 611 1
760 9 3965 1
452332967022 523031667885 899848644411 668964094396
160193 325 130176 400
737 1 762 1
421 1 432 1
770 3 1571 1
786 27 11192 1
493329396461 390230102200 680683117274 846886649093
770 12 5173 1
346 400 160117 0
794 6 2795 1
401 0 381 1
749 7 3191 1
797 111 44799 1
776 9 3993 1
767 8 3571 1
401 0 115 1
763 10 4383 1
790 30 12395 1
40000994 85885 34354001 100000
785 24 9987 1
795 58 23596 1
786 20 8387 1
535 0 270 1
714 2 1115 1
969 100000 40000001 0
786 17 7187 1
543 1 677 1
791 43 17597 1
789 34 13990 1
322090 1 693 805
1000000000000 999999999999 1000000000000 1000000000000
797 80 32398 1
777696379339 15045029552 841330233850 655667456958
797 107 43199 1
536 1 671 1
300936931616 375604428756 20335073230 672442715883
686 2 1130 1
793 52 21196 1
788 13 5589 1
797 40 16398 1
457 1 458 1
744 7 3146 1
794 9 3995 1
160011 40 16183 400
639 2 1116 1
18802 110 44018 47
748 5 2363 1
23033200 1 156 57584
787 25 10390 1
740 3 1541 1
441 1 455 1
153703 783 313593 384
679 3 1487 1
478 0 114 1
162 586 234697 0
574 1 624 1
777 11 4790 1
796 64 25997 1
627 0 228 1
764 10 4397 1
783 16 6784 1
5783200 26751 10700345 14458
513 0 227 1
449 0 110 1
720 3 1528 1
257 1 710 0
662 2 1063 1
779 16 6780 1
402 0 5 1
401 0 356 1
715 4 1972 1
528 0 178 1
785 25 10397 1
797 118 47599 1
401 0 303 1
797 39 15998 1
522 1 538 1
717 4 1982 1
795 76 30796 1
797 103 41598 1
795 67 27196 1
5921459 66425 26570650 14804
797 59 23998 1
792 45 18393 1
797 118 47598 1
322378 1 605 805
728 4 1929 1
597 805 322007 1
795 79 31999 1
790 38 15594 1
179939 1 609 449
788 7 3189 1
632 1 710 1
160174 0 131 400
732 4 1954 1
793 24 9995 1
736 6 2746 1
785 2 1186 1
401 0 302 1
33550 578 231577 83
797 5 2398 1
263 100002 40000399 1
866078856925 513748947279 71103573429 932604879768
779 12 5190 1
797 80 32398 1
773 10 4384 1
769 12 5190 1
28441599 54867 21946215 71105
322258 0 51 805
690 1 787 1
453 0 54 1
787 27 11190 1
764 10 4365 1
772 7 3173 1
160022 89 35610 400
766 5 2367 1
764 10 4398 1
668 3 1470 1
615 0 267 1
562 1 617 1
660 2 1179 1
574 0 349 1
664 0 104 1
796 57 23197 1
629 0 230 1
754 7 3163 1
401 0 167 1
756 5 2365 1
788 30 12393 1
760 7 3161 1
401 0 71 1
681 3 1482 1
798 5 2399 1
674 3 1495 1
158764 441 176671 396
449 1 466 1
712 2 1169 1
762 5 2393 1
787 15 6388 1
181747 1 553 454
999999999999 999999999999 2 1
693 1 791 1
765 11 4773 1
138744 1 573 346
399 400 2 0
20335073230 672442715883 300936931616 375604428756
160033 1 748 400
685 3 1497 1
633 1 423 1
765 11 4775 1
635 2 1053 1
160245 694 277622 400
571 0 343 1
758 4 1997 1
302635 650 260001 756
721 5 2322 1
775 15 6398 1
471 1 495 1
752 8 3554 1
793 45 18395 1
461 0 122 1
290074 123 49373 725
787 29 11993 1
12334401 10732 4293014 30835
793 12 5196 1
648 2 1086 1
709 4 1910 1
780 16 6785 1
790 8 3591 1
156183447590 517738179371 444116384204 189674301272
585 0 186 1
479 0 210 1
761 1 762 1
783 22 9195 1
540 1 541 1
782 17 7188 1
401 0 149 1
771 9 3985 1
758 9 3973 1
773 14 5986 1
792 34 13997 1
782 8 3583 1
715 3 1543 1
428 1 456 1
480 1 507 1
546 1 595 1
742 5 2358 1
622 0 242 1
797 122 49198 1
401 0 100 1
322386 400 160312 805
788 31 12791 1
814515783570 743864814161 375780024669 906507757211
428 0 59 1
542772680770 799305803908 609659317393 732186677603
748 5 2359 1
773 10 4378 1
619 2 1055 1
774 14 5984 1
615 2 1018 1
158726 491 196712 396
418 0 86 1
793 55 22398 1
745 75 30009 1
784 21 8787 1
624 2 1045 1
322372 253 101534 805
534 0 135 1
674 0 399 0
999999999999 2 401 500000000000
322140 400 160393 805
568 1 569 1
531 1 662 1
776 8 3597 1
545 0 198 1
555 1 608 1
748 0 222 1
761 4 1962 1
575 0 339 1
401 0 326 1
602 0 241 1
732 2 1133 1
764 9 3972 1
794 45 18395 1
793 52 21197 1
633 2 1098 1
745 7 3155 1
735 0 336 1
454 0 108 1
790 37 15195 1
769 9 3970 1
792 47 19193 1
797 82 33199 1
674 3 1494 1
733 3 1569 1
160377 800 320397 400
756 8 3597 1
484 0 169 1
797 102 41198 1
685 0 327 1
485 642 256932 1
797 113 45599 1
559 1 717 1
766 10 4372 1
401 1 552 1
642 1 674 1
794 48 19595 1
25811742162 226314755459 180012909195 121058096604
737 6 2747 1
160320 805 322250 400
70940 805 322233 177
703 0 304 1
429 0 104 1
550 1 619 1
401 0 399 1
7310 175 70098 18
788 28 11591 1
763 7 3179 1
547 1 597 1
797 114 45999 1
659 2 1090 1
363464616451 247949665646 38455370951 972547090365
780 18 7597 1
792 47 19193 1
780 19 7991 1
796 37 15197 1
789 35 14395 1
768 11 4772 1
779 18 7582 1
488 1 489 1
518 1 558 1
460 0 61 1
525 1 648 1
789 34 13993 1
794 66 26797 1
160084 210 84226 400
481 1 562 1
705 4 1909 1
420 1 427 1
764 5 2365 1
666 1 678 1
23614089 2 399 59034
750 6 2763 1
131858 0 399 329
785 22 9188 1
717 4 1985 1
590452582649 430057037659 907279063099 501588481366
730 1 732 1
403218567678 404946228709 443600808651 720516565559
410 0 230 1
777 14 5980 1
678 1 679 1
654 1 740 1
215662199592 414413171520 563309441001 177875744056
419 1 437 1
774 6 2775 1
850868608653 747019273516 555901011017 965461912043
161 607 243084 0
322131 400 160047 805
37533341 1 400 93835
447 0 48 1
907279063099 501588481366 590452582649 430057037659
305 100 40252 0
399 100000 40000932 0
519 1 638 1
785 11 4786 1
27849071 85677 34271201 69621
772 13 5595 1
401 0 5 1
160038 1 783 400
416 1 431 1
794 11 4795 1
622 1 623 1
510 1 511 1
782 1 783 1
288909 1 573 722
743 4 1972 1
795 77 31196 1
40000695 100000 40000001 100000
401 0 192 1
672 3 1486 1
488 1 575 1
8544800 30429 12171262 21361
795 71 28796 1
767 11 4776 1
630 2 1089 1
575 0 221 1
512 1 569 1
160338 400 160393 400
416 1 422 1
797 105 42398 1
412 1 407 1
115973 805 322335 289
641 0 242 1
466 1 532 1
775 15 6391 1
788 22 9194 1
571 1 572 1
572 1 620 1
160174 0 232 400
322197 0 235 805
667 1 668 1
399 5403 2160804 2
790 29 11995 1
28922 0 203 72
573 0 174 1
737 4 1950 1
684 1 685 1
742 3 1588 1
35196164 52311 20925200 87991
623 1 698 1
709 2 1164 1
538 0 269 1
649 2 1051 1
787 28 11599 1
653 1 654 1
401 0 64 1
741 4 1959 1
1 500000000000 1 1000000000000
797 109 43998 1
504 1 608 1
682 2 1125 1
721 5 2324 1
735 6 2745 1
792 16 6793 1
159 0 876 2
401 0 352 1
777 16 6794 1
102 421 168605 0
401 0 195 1
411 1 422 1
777 17 7179 1
227090 132 52854 567
11491 805 322102 28
511 0 112 1
127454370826 59216852269 930292129621 23468626880
775 13 5577 1
513 0 114 1
797 33 13598 1
473 1 546 1
322176 0 115 805
322169 1 675 805
500000000000 2 1000000000000 400
797 96 38798 1
36986 1 680 92
797 113 45599 1
492 0 185 1
731 2 1197 1
797 66 26798 1
400 64321 25727600 1
550 0 345 1
15070 400 160105 37
731 3 1532 1
797 84 33998 1
783 14 5984 1
676 3 1503 1
788 22 9189 1
793 5 2394 1
793 20 8395 1
461 0 107 1
747 4 1979 1
655 2 1056 1
777 270 108397 1
761 0 362 1
328416661221 833709267798 788952092109 709049271550
538 0 276 1
401 0 141 1
482 1 564 1
789 26 10794 1
794 59 23995 1
40000004 67541 27016800 100001
516 0 233 1
760 5 2386 1
791 14 5992 1
755 1 756 1
19615 0 81 49
401 0 156 1
620 2 1046 1
229 0 400 1
731 2 1198 1
401 0 281 1
780 19 7990 1
119585385983 402313137562 416541000740 611484824918
794 60 24395 1
575 1 733 1
549 525 210205 1
795 74 29997 1
681 3 1524 1
998310211558 190193463846 26325037500 592132527366
110844297480 993264630093 273725219073 148688684340
793 52 21198 1
739 3 1583 1
5145 400 160176 12
160225 312 125116 400
274 1 423 0
789 31 12795 1
703 4 1904 1
401 0 182 1
700 1 701 1
797 66 26798 1
789 7 3190 1
425 0 50 1
136693 639 255777 341
454 0 138 1
776 16 6792 1
399 0 1000000000000 1
9749 1 655 24
218049 551 220618 545
491 0 99 1
786 3 1587 1
290496 400 160251 726
783 1 784 1
607 1 613 1
96211657902 966739027052 315343101112 779440220258
695 0 296 1
792 34 13996 1
701 3 1522 1
277837 805 322061 694
40000400 86829 34732577 100000
783 22 9190 1
416 0 20 1
796 18 7597 1
309556 1 485 773
1000000000000 0 500000000000 500000000000
631 0 232 1
522 0 245 1
569 0 338 1
779 17 7183 1
320 0 181 0
652 1 737 1
643 2 1104 1
603 1 672 1
322061 170 68200 805
501 0 203 1
797 45 18398 1
160235 400 160231 400
673 3 1477 1
796 76 30797 1
4913 247 99137 12
699 0 300 1
528 1 565 1
687 3 1545 1
754 5 2355 1
52663 519 207644 131
707 4 1935 1
759 3 1560 1
659 1 683 1
591 1 623 1
160066 805 322130 400
741 6 2785 1
487 0 88 1
724 1 725 1
783 17 7185 1
667 3 1468 1
384 614 245799 0
435 1 448 1
795 61 24798 1
64980 805 322391 162
793 53 21596 1
762 8 3592 1
738 3 1582 1
415 0 31 1
511095153517 732071421580 595487969291 343523447402
160205 400 160100 400
738 6 2740 1
242523 805 322194 606
322159 691 276497 805
724 0 325 1
793 56 22794 1
632 0 276 1
766 11 4781 1
609 1 680 1
792 2 1193 1
647692414494 406394146111 996262087793 133982513927
691 3 1564 1
401 0 24 1
707 3 1551 1
757 7 3158 1
761 6 2782 1
797 76 30798 1
548 1 549 1
780 12 5181 1
750 5 2372 1
20193248 1 399 50481
796 96 38797 1
777 17 7184 1
733 5 2343 1
716 2 1117 1
794 54 21995 1
602 1 670 1
503 1 504 1
463 1 526 1
756 7 3157 1
878743109050 53018372645 408505914838 919889792523
793 18 7594 1
445 1 489 1
40000400 100001 40000182 100003
762 10 4372 1
441 0 42 1
715 4 1975 1
791 42 17192 1
437 1 474 1
322041 721 288442 805
617 2 1050 1
403 0 6 1
772 14 5974 1
221 655 262031 0
35530497 23779 9512001 88827
17827167 100000 40001175 44567
797 78 31599 1
285433988157 988737638422 869522444263 770175911150
401 0 161 1
694 3 1576 1
792 49 19997 1
786 16 6797 1
738 6 2762 1
50068703133 345020944305 885904191009 968952700733
547 1 629 1
630 1 633 1
783 4 1984 1
796 55 22397 1
527 1 528 1
721 4 1936 1
784 21 8788 1
633 2 1050 1
751 4 1978 1
786 27 11187 1
503 1 553 1
413 1 414 1
797 104 41998 1
777 16 6779 1
749 6 2752 1
794 44 17998 1
160381 805 322203 400
560 0 320 1
795 35 14396 1
322360 0 48 805
761 5 2380 1
777 9 3996 1
790 39 15996 1
750 7 3156 1
759 9 3985 1
669 741 296602 1
765 5 2392 1
619 0 234 1
68 334 133648 0
763 7 3164 1
779 0 380 1
629 1 706 1
782 19 7983 1
160288 400 160332 400
522 1 563 1
797 65 26398 1
443 0 87 1
619 0 275 1
160177 545 218263 400
778 18 7580 1
401 0 37 1
786 28 11587 1
789 33 13595 1
791 42 17198 1
796 89 35998 1
616 2 1048 1
793 18 7595 1
673 2 1111 1
414 1 415 1
656 1 657 1
414 0 15 1
796 92 37197 1
774 3 1575 1
896172972090 385093947109 139904930483 556389454627
770 13 5574 1
791 24 9999 1
679 3 1516 1
791 42 17194 1
798 42 17199 1
580 1 793 1
791 25 10392 1
795 72 29197 1
760 1 761 1
782 18 7587 1
749 6 2750 1
504 0 181 1
40000400 100000 40000840 100003
748 7 3182 1
35419569 100003 40000400 88547
575 0 250 1
684 3 1496 1
632469668952 402957337914 149228358579 652021203594
399 89921 35969592 2
885904191009 968952700733 50068703133 345020944305
795 56 22798 1
650 2 1149 1
798 78 31599 1
793 6 2794 1
650 2 1148 1
620 2 1060 1
1 1 500000000000 0
413 0 134 1
316511 761 304644 791
649 0 250 1
455 0 111 1
793 51 20798 1
1 29569 11827400 0
299590513201 518398193317 612341300724 56884930613
699 3 1593 1
767 0 368 1
401 0 315 1
239745 400 160197 599
160084 27 11034 400
160108 805 322261 400
160165 805 322251 400
515 0 187 1
797 116 46798 1
691 3 1512 1
322376 0 191 805
797 117 47199 1
420 0 25 1
684 0 285 1
798 74 29999 1
401 0 344 1
454 1 508 1
570 52 21196 1
663 2 1118 1
769 6 2797 1
453 1 506 1
40000550 77602 31040000 100000
747 7 3164 1
757 9 3960 1
40000399 69506 27802991 100001
401 0 400 0
455 0 235 1
791 42 17192 1
785 26 10793 1
798 50 20399 1
793 43 17595 1
797 117 47198 1
792 11 4793 1
757 9 3961 1
488 0 137 1
401 0 159 1
771 13 5573 1
599682440641 272167171543 705590925874 252175474872
325 71882 28753199 2
298 100000 40000400 1
488 0 176 1
439 0 92 1
797 54 21998 1
793 49 19996 1
267898704029 401677601989 612843884860 187275091277
478 0 265 1
791 38 15592 1
786 15 6398 1
221007 805 322343 552
55393363984 159181706201 969753649150 240023958597
798 82 33199 1
790 26 10795 1
660 1 747 1
160254 400 160112 400
737 6 2744 1
730 5 2378 1
999999999999 1000000000000 999999999999 2
322120 805 322076 805
792 34 13993 1
494 1 526 1
786 20 8392 1
80534 804 321786 201
609 2 1012 1
797 48 19598 1
624 0 225 1
1000000000000 500000000000 399 1
573 1 745 1
322127 1 582 805
600 1 601 1
795 58 23598 1
736 3 1578 1
787 18 7588 1
186130 1 455 465
472467139512 195255902517 842017158252 605686354864
674 3 1479 1
160167 0 74 400
672 2 1109 1
437 1 438 1
790 38 15595 1
384 5393 2157199 0
764 3 1565 1
26898 0 135 67
796 95 38399 1
74745461848 459126998703 981956451785 532877941670
120714070198 34258799996 56588864741 888660240894
796 95 38397 1
145627 0 293 364
558 1 716 1
736 0 337 1
492 573 229298 1
761 10 4369 1
497 1 530 1
583 1 766 1
789 32 13190 1
476 1 502 1
33597793 0 1188 83992
598 0 237 1
433 1 434 1
404 0 365 1
401 0 4 1
796 77 31199 1
216188 805 322329 540
691 2 1137 1
552 0 214 1
612341300724 56884930613 299590513201 518398193317
870 59254 23702800 0
643 2 1076 1
774 1 775 1
462 0 125 1
683 3 1529 1
166 400 160069 0
785 26 10791 1
458 0 116 1
401 0 146 1
759 8 3560 1
788 20 8389 1
797 121 48799 1
762 9 3981 1
769 2 1170 1
77042 677 271040 192
753 7 3154 1
205 0 360 0
687 0 288 1
683 3 1531 1
710 4 1949 1
401 0 280 1
763 6 2790 1
744 0 345 1
633 0 312 1
679 143 57265 1
794 46 18795 1
791 35 14395 1
461 1 482 1
796 62 25198 1
789 29 11993 1
619 1 620 1
160064 1 534 400
791 42 17193 1
797 119 47999 1
764 10 4371 1
791 40 16395 1
782662540514 733133820047 384525415384 11855424831
17214877 1196 478800 43038
586 634 253638 1
418 0 19 1
399 805 322339 0
464297341179 550821812615 671957513277 384538518187
797 72 29198 1
401 0 28 1
38012800 1 146 95029
458 1 463 1
761 10 4366 1
647 2 1072 1
40001200 93491 37396298 100000
794 60 24398 1
4583226 94975 37990992 11456
788 30 12398 1
736 3 1537 1
417 0 18 1
492 1 535 1
727 4 1946 1
156 26 10447 0
506479576601 621071839069 459120044480 236428498329
789 12 5194 1
767 7 3186 1
794 34 13995 1
778 18 7582 1
631 0 277 1
258999034674 602011665509 335369736680 68962405978
473 0 304 1
749 4 1982 1
752 8 3565 1
433 0 34 1
700 3 1597 1
322266 586 234630 805
737 6 2757 1
775 15 6387 1
784 6 2792 1
588 0 377 1
797 111 44799 1
767 408 163417 1
160214 805 322345 400
21 400 160300 0
422 1 443 1
139904930483 556389454627 896172972090 385093947109
10778800 75279 30112707 26948
790 5 2391 1
596 0 393 1
942652931899 234031574990 253773724361 141068064014
516 1 631 1
729 5 2371 1
616 2 1047 1
830461267436 499654727815 508162899753 816022567366
788 5 2389 1
782 11 4783 1
734 6 2738 1
411 1 413 1
114097 1 480 285
747 7 3169 1
245717 400 160017 614
787 6 2796 1
322023 805 322320 805
474 1 499 1
715 4 1974 1
783 22 9184 1
785 24 9988 1
730 5 2333 1
797 62 25198 1
692 3 1568 1
793 41 16796 1
27767599 100000 40000316 69420
68369 746 298570 170
729 3 1568 1
444 1 488 1
795 75 30396 1
510 0 220 1
200 626 250604 0
778 14 5979 1
146407 805 322395 366
703 3 1525 1
569 1 570 1
589 0 309 1
412 0 152 1
160306 12 5163 400
401 0 284 1
618 2 1028 1
444116384204 189674301272 156183447590 517738179371
716 4 1927 1
322223 805 322321 805
713 4 1914 1
36398 247 98929 90
144476 805 322192 361
322216 332 133070 805
554 0 308 1
623 1 792 1
512 0 113 1
796 84 33999 1
796 42 17197 1
738 6 2742 1
519 1 560 1
781 20 8398 1
677 3 1505 1
784 24 9985 1
788952092109 709049271550 328416661221 833709267798
322219 157 63140 805
798 77 31199 1
40000177 0 312 100001
790 34 13992 1
355637668030 458290424951 461983834972 727506852107
457 453 181367 1
793 56 22794 1
407 0 32 1
464 1 465 1
789 23 9592 1
33789600 53533 21413060 84474
796 44 17997 1
774 9 3984 1
538 1 543 1
775 12 5199 1
794 60 24396 1
694 0 295 1
729 0 330 1
310763594571 709863030965 634330315601 660515675576
725 4 1962 1
793 40 16397 1
322207 422 169034 805
797 100 40399 1
552 456 182738 1
783 21 8784 1
764 1 771 1
420 1 439 1
715 4 1971 1
798 94 37999 1
736 6 2739 1
461 1 522 1
401 0 320 1
486 1 494 1
692 1 693 1
734 1 799 1
563 1 618 1
709 4 1941 1
318812 0 265 797
749 7 3188 1
317 1 624 0
607 2 1019 1
742 3 1596 1
700 2 1101 1
322328 1 457 805
40000400 1 159 100001
723 5 2337 1
789 21 8798 1
135697 805 322176 339
794 49 19998 1
160109 434 173879 400
611531642592 253119830722 692697555618 652356535748
790 34 13991 1
322237 805 322297 805
13321201 50158 20062566 33303
474 0 149 1
771 13 5594 1
762 9 3968 1
235 407 162942 0
772 14 5974 1
798 32 13199 1
773 14 5976 1
443 400 160142 1
218530 805 322272 546
794 46 18795 1
470 0 101 1
787 27 11189 1
719 2 1120 1
793 51 20795 1
745 5 2346 1
793 9 3994 1
492 0 184 1
401 0 209 1
93709 400 160316 234
793 18 7594 1
796 77 31197 1
896340359895 49993376841 312373485830 612179724108
401 0 43 1
731 3 1570 1
67 1 447 0
504 0 208 1
629 2 1056 1
783 23 9589 1
733 5 2397 1
786 14 5999 1
515 1 630 1
744 7 3148 1
922185674677 844272693726 791289537451 571374061093
1000000000000 500000000000 2 1000000000000
261548 1 727 653
662 1 750 1
798 56 22799 1
599939728590 981834554391 265036571571 633169418396
798 106 42799 1
756 7 3171 1
192 1 469 0
494 0 188 1
401 0 329 1
645 2 1069 1
467 0 68 1
584 1 588 1
796 90 36399 1
98 45470 18188001 0
2 1000000000000 2 1
735 6 2736 1
201597 0 359 503
401 0 382 1
704 0 305 1
512799785982 412034723264 509134225064 660630488981
451 0 173 1
784 19 7985 1
788 32 13189 1
768 12 5173 1
629 2 1030 1
549 1 698 1
797 27 11198 1
661 1 749 1
227240848489 287993839660 40711592716 502773277438
322063 35 14070 805
778 18 7581 1
784 23 9599 1
493 400 160045 1
474 1 548 1
406101874707 121490799463 856191981838 975224058525
737 6 2754 1
748 5 2369 1
773 11 4781 1
203818038631 580545977671 697656104121 16822369065
526 0 127 1
1452400 30855 12343179 3629
402 1 403 1
797 119 47998 1
526 1 527 1
788 21 8796 1
796 94 37997 1
322050 0 264 805
716 4 1929 1
476 1 552 1
779 13 5580 1
322322 405 162073 805
793 54 21994 1
549 1 599 1
796 84 33997 1
795 60 24397 1
145 2 254 2
776 14 5977 1
683 3 1530 1
333 563 225541 0
399 1000000000000 399 400
495 1 589 1
798 3 1599 1
796 78 31598 1
790 29 11994 1
401 0 103 1
398624826111 6202141151 912584281962 596598453106
793 19 7994 1
160356 805 322363 400
102 0 80 0
643 400 160318 1
779 1 780 1
837581132181 550372512753 524353904273 733430871878
40000001 100000 40000532 100000
750 7 3194 1
999999999999 1 2 1000000000000
771 7 3193 1
786 23 9593 1
479 1 557 1
21008 0 251 52
783 14 5995 1
784 10 4385 1
620 2 1031 1
760 9 3996 1
40000399 100000 40000948 100002
563 0 164 1
401 0 245 1
500000000000 400 2 999999999999
797 115 46399 1
19839231 8272 3308958 49597
271 149 59790 0
790 37 15193 1
456 1 457 1
287357 473 189230 718
625 2 1038 1
300929 82 32860 752
451 1 457 1
782 22 9183 1
796 27 11197 1
785 23 9588 1
454 1 473 1
160096 189 75848 400
128804 501 200541 322
483 0 84 1
791 32 13192 1
788 6 2789 1
742 4 1971 1
706 2 1107 1
721372350746 19779445126 73470454503 358442485943
154595 1 713 386
402845830548 289074788960 215072149844 55050593386
796 94 37999 1
203 0 263 0
52339 1 783 130
752 8 3568 1
215 35085 14034047 0
1 999999999999 999999999999 1000000000000
500 1 501 1
704 4 1908 1
593 0 386 1
743475876377 233330745289 580441285719 228193607043
513 1 551 1
773 12 5175 1
792 28 11599 1
765 9 3977 1
778 3 1587 1
248711 97882 39152800 620
1579 1 687 3
401 0 109 1
752 4 1987 1
795 61 24796 1
787 24 9991 1
160342 1 493 400
792 49 19995 1
624 2 1057 1
534 1 550 1
729 5 2374 1
742 6 2793 1
793 24 9994 1
790 4 1991 1
2 0 399 2
698 3 1590 1
795 74 29998 1
702 2 1154 1
343764109077 489930933557 75634435998 245093827310
549 0 298 1
777 17 7182 1
745 5 2364 1
647 1 659 1
793 51 20794 1
452 0 105 1
769 10 4376 1
757 9 3966 1
792 36 14796 1
183 805 322088 0
322016 805 322155 805
37820799 0 22 94552
442 1 444 1
797 104 41999 1
682 0 283 1
500 0 285 1
796 19 7997 1
234514 0 134 586
783 22 9187 1
776 11 4787 1
256725 400 160157 641
60 0 63 0
120 649 259810 0
794 10 4395 1
400 500000000000 2 400
610 2 1028 1
471 1 542 1
476 1 551 1
796 98 39597 1
422 0 38 1
436 0 73 1
780 14 5988 1
1 1 587 0
177050 445 178256 442
768 7 3188 1
5971449 65201 26080400 14927
676 1 677 1
764 9 3971 1
782 11 4799 1
703 2 1146 1
797 94 37998 1
752 5 2376 1
101217 805 322270 253
608378670449 65328672467 866596814445 299245586399
670 3 1480 1
782 19 7986 1
322390 1 571 805
707 3 1508 1
87817 194 77844 219
792 46 18797 1
315343101112 779440220258 96211657902 966739027052
631 1 632 1
713 2 1171 1
101601 0 195 254
772 13 5598 1
405 1 408 1
452 1 470 1
746 7 3160 1
20836860 73387 29354671 52091
145 100000 40000203 1
401 0 292 1
498 1 532 1
794 18 7595 1
599 1 666 1
772 9 3987 1
40000400 48965 19587171 100002
1 1000000000000 1 500000000000
541 1 682 1
786 20 8391 1
38979889 8375 3350765 97447
558 0 316 1
764 10 4368 1
476 0 133 1
516988181595 907174883901 946122822801 929531765390
738 5 2352 1
791 25 10399 1
757 9 3959 1
797 19 7998 1
792 31 12798 1
430 0 41 1
636 1 716 1
634 805 322105 1
206 1 784 0
791 42 17193 1
779 9 3980 1
798 71 28799 1
401 0 308 0
789 21 8790 1
790 16 6791 1
537 1 583 1
743 4 1973 1
797 125 50398 1
500 0 295 1
1000000000000 500000000000 400 500000000000
494 0 95 1
710 4 1946 1
550 1 573 1
532 0 264 1
740 6 2776 1
756 8 3560 1
791 37 15199 1
773 3 1591 1
759 8 3567 1
451 0 52 1
795 67 27196 1
795 72 29196 1
904539327446 941337804058 957080653271 710603250868
160047 530 212382 400
401 0 342 1
620 2 1024 1
700 0 87 1
790 35 14397 1
588 1 688 1
401 999999999999 2 500000000000
635 0 318 1
648 1 731 1
401 0 259 1
737 5 2338 1
756 7 3181 1
751 8 3553 1
796 56 22797 1
322292 400 160077 805
441 1 481 1
732 5 2341 1
672 3 1485 1
682 2 1115 1
13766848 36904 14761999 34417
778 12 5189 1
705 2 1159 1
519 1 559 1
798 67 27199 1
648 2 1073 1
794 39 15999 1
328 47718 19087238 2
231722 0 243 579
643 1 644 1
785 3 1586 1
794 28 11595 1
40000038 100000 40001051 100001
790 26 10796 1
741 2 1185 1
788 26 10789 1
322159 651 260757 805
541 1 589 1
1970 0 102 4
760 8 3564 1
780 18 7583 1
750 7 3193 1
655 2 1164 1
497 1 594 1
788 33 13589 1
642 0 243 1
542 0 353 1
322292 805 322129 805
322356 497 198827 805
445 0 82 1
1 500000000000 400 0
322216 400 160288 805
775 14 5977 1
792 48 19594 1
133784 400 160207 334
706 4 1927 1
23823 1 745 59
786 26 10796 1
749 3 1585 1
160303 805 322238 400
150440744745 863034799739 284109523430 23387929342
691 3 1561 1
779 18 7587 1
789 23 9596 1
622 2 1066 1
36362800 2896 1158867 90905
775 8 3585 1
401 0 278 1
770 10 4371 1
795 38 15599 1
784 20 8388 1
791 40 16397 1
28151287 93813 37525740 70376
671957513277 384538518187 464297341179 550821812615
609 2 1026 1
782 6 2783 1
480 1 559 1
434 1 464 1
788 21 8789 1
655 1 741 1
580 1 760 1
537 0 138 1
781 20 8396 1
432 0 65 1
401 0 7 1
40 805 322105 0
768 12 5183 1
791 44 17992 1
766 11 4785 1
400 0 1 500000000000
322353 740 296255 805
322318 794 317763 805
436 0 61 1
530 1 531 1
790 24 9998 1
40000231 2 169 100001
595 1 661 1
775 2 1176 1
698 2 1101 1
698 1 798 1
795 70 28397 1
446 1 492 1
579 1 639 1
771 8 3589 1
786 23 9591 1
2 500000000000 401 999999999999
512 606 242775 1
401 0 282 1
101 1 485 0
781 13 5592 1
545 1 594 1
22861199 0 892 57153
651 1 735 1
160069 122 49017 400
786 17 7195 1
768 1 769 1
797 101 40798 1
378899035049 958675683874 983677873553 35099164414
527 0 128 1
417 0 74 1
160156 0 69 400
754 6 2770 1
651 0 252 1
631 2 1035 1
793 34 13994 1
671 1 695 1
582 1 763 1
787 28 11596 1
495 0 190 1
160269 0 77 400
38204942416 208607486410 133528000900 272629627900
399 999999999999 1 400
26651 772 309193 66
476 400 160275 1
626 2 1037 1
566 1 584 1
118653904800 270949777056 161619711060 912087817585
751 8 3553 1
981956451785 532877941670 74745461848 459126998703
169 682 273116 0
41 805 322394 0
747 6 2758 1
703 4 1905 1
762 10 4363 1
679 3 1514 1
958373426607 895831966049 40919078633 73647101495
710 1 502 1
774 14 5998 1
764 7 3180 1
998144135357 267339141969 960149983468 274477940380
173341 1 761 433
156 805 322066 0
796 51 20797 1
496242032328 474327528862 399188316139 638458846335
360 234 93836 0
541 0 282 1
744 74734 29894599 0
735 5 2388 1
795 74 29996 1
785 14 5998 1
520 1 521 1
779 8 3580 1
160249 805 322078 400
755 7 3174 1
401 0 169 1
126 0 399 1
796 86 34798 1
798 76 30799 1
597 1 600 1
713 4 1923 1
325720272818 173266609736 539834432310 791785610476
333 0 20 0
525 1 649 1
798 89 35999 1
791 25 10398 1
795 17 7196 1
660 0 261 1
502 0 205 1
274 0 764 2
790 27 11196 1
508 1 615 1
795 78 31596 1
272963 272 108951 682
143711 400 160147 359
751 6 2752 1
233586 1 744 583
441 0 83 1
457 1 477 1
760 9 3997 1
401 0 60 1
443 1 486 1
450 0 51 1
188720 1 429 471
792 17 7193 1
797 103 41599 1
765 11 4769 1
797 98 39598 1
628 2 1029 1
708 3 1565 1
28438381 98169 39267600 71095
781 20 8382 1
794 57 23197 1
401 0 40 1
699 1 783 1
796 21 8797 1
793 47 19196 1
793 45 18396 1
160153 805 322248 400
469 0 70 1
730 5 2379 1
432 0 64 1
757 9 3962 1
7360194 100000 40000399 18398
485 0 170 1
761 2 1162 1
17910801 33868 13547480 44777
788 27 11197 1
1000000000000 400 500000000000 2
761 10 4370 1
792 34 13995 1
115411 1 502 288
75 0 216 0
618 1 692 1
288064 0 206 720
460 1 484 1
784 24 9991 1
791 10 4392 1
439 1 477 1
644 400 160042 1
748 4 1989 1
160192 11 4511 400
776 8 3577 1
160002 400 160247 400
769 4 1970 1
401 0 62 1
730 2 1196 1
719 1 720 1
796 69 27998 1
749 6 2762 1
794 16 6795 1
526 1 592 1
796 91 36797 1
401 0 194 1
597 1 793 1
766 11 4790 1
645 2 1046 1
564 1 728 1
106 400 160387 0
761 10 4368 1
794 3 1595 1
57201669537 509261275818 982449103391 58756469858
720 2 1121 1
756 8 3561 1
540 1 655 1
445 0 90 1
618 2 1053 1
626 1 769 1
404 0 8 1
171861953748 921532980569 109579412201 405399873095
791 23 9599 1
757 4 1958 1
31096532 46217 18486799 77740
40000399 100002 40000275 100001
322128 805 322120 805
507 1 544 1
509 1 510 1
692 2 1103 1
500000000000 0 1 1
766 11 4792 1
284 400 160107 0
40000800 33044 13217021 100000
795 59 23997 1
40000443 3 400 100000
785 25 10398 1
26325037500 592132527366 998310211558 190193463846
796 73 29598 1
796 63 25597 1
764 10 4369 1
418 0 49 1
322218 709 283826 805
648 2 1144 1
665 2 1098 1
798 110 44399 1
497 0 244 1
779 18 7599 1
624 1 625 1
420 1 440 1
278971 0 99 697
794 39 15995 1
481 1 531 1
689 3 1554 1
798 69 27999 1
563 1 668 1
160350 1 411 400
797 83 33598 1
701 61989 24796400 0
1 2 500000000000 400
160271 805 322083 400
752 8 3556 1
734 2 1190 1
771 10 4392 1
496 1 766 1
795 70 28398 1
729 2 1194 1
673 3 1478 1
797 81 32798 1
474 1 475 1
697 3 1516 1
775 10 4377 1
263 302 121011 0
782 22 9183 1
402 40 16049 1
401 0 208 1
796 97 39197 1
620 2 1058 1
757 7 3169 1
754 5 2379 1
593 1 785 1
794 53 21596 1
794 47 19198 1
786 27 11195 1
546 0 211 1
765 11 4774 1
765 3 1566 1
794 7 3195 1
788 30 12396 1
513 1 552 1
782 16 6789 1
40000399 0 307 100001
784 15 6394 1
412 0 33 1
440 1 454 1
36033086 0 1127 90081
500000000000 0 999999999999 400
654 1 655 1
609 0 210 1
39233184 66053 26420476 98083
765 8 3578 1
492 0 93 1
632 1 633 1
75027 400 160293 187
787 25 10393 1
726 4 1944 1
786 28 11589 1
782 22 9184 1
783 22 9199 1
646 0 247 1
787 28 11588 1
796 87 35199 1
389 0 313 0
746 7 3162 1
627 0 243 1
545 0 290 1
471 1 475 1
795 53 21599 1
401 0 394 1
774 7 3175 1
704 1 705 1
424 1 433 1
767 11 4794 1
40000400 0 357 100000
322307 400 160039 805
716 4 1980 1
6 1 764 0
401 0 258 1
796 54 21997 1
479 0 158 1
405 0 11 1
751 6 2765 1
793 57 23194 1
305140 596 238486 762
285 805 322017 0
785 13 5586 1
799513880869 93993638592 507845123920 742413733867
682 3 1527 1
758 1 759 1
735 6 2741 1
525 1 625 1
774 10 4387 1
502 1 503 1
794 57 23195 1
793 50 20398 1
766 1 767 1
671 3 1472 1
793 55 22396 1
757 8 3558 1
589 1 778 1
604 2 1007 1
782 11 4798 1
465 1 529 1
561 0 323 1
147 400 160026 0
729 5 2369 1
755 8 3588 1
795 73 29596 1
160230 147 58834 400
758 9 3964 1
797 95 38399 1
796 66 26799 1
577 0 178 1
792 31 12793 1
730 5 2373 1
50454551123 317103159853 211320798928 193459394663
160391 605 242101 400
183846 620 248390 459
540 0 164 1
407 1 410 1
681 3 1521 1
214948040155 786724981379 660297373471 264382508562
35764234 29536 11814134 89408
847196745100 527425315147 652962573879 385943818582
479 1 480 1
792 39 15998 1
722 5 2331 1
160049 1 686 400
401 1 1 400
715 2 1186 1
800027970419 113256088066 66738721351 923265104023
39854283 89737 35895602 99633
705 4 1925 1
649 2 1134 1
766 9 3967 1
792 32 13195 1
789 36 14790 1
24144818 2 400 60360
509 0 110 1
795 52 21196 1
374167309832 714860098714 613553674339 621666754042
719 4 1933 1
756 8 3580 1
40000020 3 400 100002
39492406 100000 40000801 98729
524 1 640 1
794 63 25598 1
645 0 336 1
796 17 7197 1
797 57 23198 1
509 1 618 1
740 6 2756 1
745 7 3146 1
634330315601 660515675576 310763594571 709863030965
667 3 1468 1
160323 400 160348 400
168 1 750 0
792 46 18793 1
794 57 23199 1
71 51 20697 0
787 16 6788 1
683 1 778 1
774 8 3598 1
778 18 7580 1
769 12 5181 1
683 1 684 1
123722 126 50607 309
702 4 1907 1
696 1 795 1
40000401 37666 15066124 100000
160090 648 259276 400
19545851 51596 20638399 48865
738 5 2351 1
27007601 72515 29005824 67519
789 34 13990 1
689 1 786 1
766 11 4787 1
401 0 338 1
21857402 1834 733999 54644
624 2 1072 1
215669 99 39878 539
795 48 19596 1
608 2 1023 1
798 93 37599 1
470 0 140 1
792 42 17194 1
790 33 13593 1
424 0 53 1
721 5 2326 1
665 1 754 1
706 4 1911 1
762 9 3963 1
160377 400 160110 400
407 0 14 1
770 10 4380 1
40000495 74882 29952374 100000
24454837 0 792 61136
83428 805 322286 208
690 3 1508 1
322308 805 322356 805
783 19 7987 1
590 0 381 1
770 13 5572 1
15488277 92226 36890572 38718
177038363257 452605953555 467197836646 324198084952
793 55 22399 1
199 465 186035 0
621 1 780 1
797 107 43198 1
322115 179 71859 805
797 64 25998 1
791 23 9592 1
787 10 4396 1
785 18 7589 1
795 48 19599 1
769 12 5197 1
793 25 10394 1
469 1 478 1
308849 805 322204 772
527 0 229 1
757 9 3969 1
798 88 35599 1
586 1 587 1
635 2 1054 1
414054172910 41707601890 826042036347 707192227748
765 11 4772 1
758 7 3170 1
577408983633 404493345580 333244828913 533064759423
794 23 9597 1
534 1 667 1
282364 158 63329 705
513 0 144 1
999999999999 400 500000000000 0
791 22 9192 1
501 0 202 1
406 1 407 1
475 0 132 1
401 0 91 1
105680792534 907215611959 733970487646 733151221798
797 23 9598 1
498 1 536 1
795 66 26797 1
109015 805 322180 272
500000000000 2 399 999999999999
401 0 65 1
322210 1 442 805
789 14 5990 1
551 0 152 1
603 2 1004 1
401 0 316 1
660297373471 264382508562 214948040155 786724981379
693 2 1162 1
768 11 4771 1
790 14 5991 1
53 733 293534 0
71103573429 932604879768 866078856925 513748947279
738 2 1139 1
792 41 16798 1
523 0 246 1
792 37 15193 1
767 11 4795 1
40000308 0 198 100001
34682401 100000 40000400 86707
263744 805 322076 659
446 0 299 1
520 0 240 1
24190 1 665 60
630 2 1039 1
606 2 1010 1
735 2 1136 1
503 1 606 1
623 2 1036 1
498 0 99 1
401 0 117 1
364785386852 744084086608 949013765650 312871206904
824264352854 265595699821 274997939247 317389463249
783 14 5993 1
751 8 3552 1
432 1 433 1
774 15 6384 1
806 71343 28537199 0
54546 0 95 136
772 9 3974 1
425 0 84 1
645 1 646 1
322166 0 109 805
500000000000 999999999999 401 1000000000000
160220 1 464 400
160088 638 255585 400
401 0 123 1
401 0 30 1
665 1 748 1
691 3 1506 1
792 34 13999 1
610 2 1016 1
160004 0 60 400
497 1 498 1
617 2 1049 1
567 0 168 1
712 0 313 1
792 32 13198 1
595 1 789 1
107543 805 322316 268
670 3 1473 1
607 1 642 1
75144311897 707593123122 196084741124 999450222472
793 32 13199 1
794 15 6395 1
449 0 223 1
40000399 100002 40000106 100001
446 1 576 1
111 400 160267 0
401 0 83 1
779 18 7591 1
714 4 1925 1
433 1 434 1
756 9 3960 1
755 4 1992 1
786 23 9587 1
401 0 145 1
2 1 2 1000000000000
783 22 9188 1
284109523430 23387929342 150440744745 863034799739
322150 543 217336 805
401 0 130 1
322275 400 160018 805
786 27 11190 1
421 1 441 1
553 0 307 1
752 5 2353 1
726 5 2351 1
400 72656 29062994 0
142618 0 1 356
2 1000000000000 999999999999 1
558 805 322001 1
764 4 1965 1
504 1 540 1
775 12 5183 1
785 21 8790 1
605 2 1009 1
499 81435 32575177 0
780 19 7981 1
470 1 471 1
617 2 1026 1
652 805 322302 1
133524 85 34124 333
794 54 21998 1
544 0 171 1
775 15 6399 1
697 2 1147 1
421 0 43 1
561 1 616 1
711 0 312 1
114682 534 213817 286
786 25 10388 1
794 50 20396 1
999999999999 2 999999999999 1000000000000
492 0 311 1
316367 378 151382 790
782 21 8788 1
636 2 1055 1
596 1 662 1
435 1 470 1
3256018 2 225 8141
419 0 20 1
740 4 1967 1
698 2 1148 1
408505914838 919889792523 878743109050 53018372645
401 0 140 1
613553674339 621666754042 374167309832 714860098714
705 4 1924 1
508162899753 816022567366 830461267436 499654727815
627 400 160244 1
404 805 322248 1
796 79 31998 1
797 53 21598 1
613 2 1020 1
791 44 17995 1
59 1 628 0
160230 805 322093 400
796 47 19197 1
655 2 1084 1
641 1 722 1
522 1 643 1
794 1 446 1
776 16 6782 1
86601 0 319 216
367 100003 40000400 0
439693338280 465221766346 943235388218 628814447499
777 12 5178 1
602 1 603 1
434 1 468 1
794 31 12795 1
781 5 2399 1
795 71 28797 1
783 12 5198 1
322 805 322119 0
767 7 3187 1
12913796 81873 32748411 32282
782 16 6790 1
452 0 63 1
32606801 100000 40000889 81517
796 93 37597 1
575 1 749 1
523 183 73312 1
733 2 1134 1
426 1 451 1
211320798928 193459394663 50454551123 317103159853
521 1 596 1
647 2 1074 1
796 81 32799 1
624 1 700 1
763 2 1170 1
193458 1 748 483
799 400 160260 1
763 10 4364 1
789 35 14390 1
795 68 27596 1
160370 566 226750 400
487 684 273630 1
81374 165 66181 203
692 2 1093 1
602 1 703 1
762 8 3573 1
783 22 9194 1
769 12 5192 1
775 11 4776 1
536 1 672 1
685 2 1128 1
796 68 27597 1
535 0 271 1
598 1 795 1
684 2 1085 1
798 112 45199 1
781 2 1182 1
764 11 4766 1
794 61 24797 1
37412001 100000 40000334 93529
791 40 16399 1
160152 264 105660 400
789 5 2390 1
797 22 9198 1
715 3 1545 1
742 6 2788 1
797 81 32799 1
786 20 8393 1
693 3 1570 1
438 0 70 1
788 30 12389 1
776 13 5583 1
791 29 11997 1
487 0 175 1
531765560728 115347669131 254346315027 636185317869
401 2 400 999999999999
774 10 4375 1
473 1 545 1
796 45 18397 1
765 11 4778 1
722 5 2327 1
8803467 85807 34322400 22007
792 49 19998 1
628 2 1083 1
769 9 3970 1
399 999999999999 500000000000 2
707 4 1934 1
791 33 13592 1
579 1 758 1
160388 1 482 400
772 6 2784 1
504 1 607 1
2 1000000000000 1000000000000 500000000000
322296 1 454 805
443 0 51 1
789 35 14394 1
709 3 1511 1
543 0 144 1
740 2 1141 1
657 1 709 1
787 29 11990 1
790 36 14792 1
793 45 18394 1
40000129 0 1056 100000
499 1 598 1
794 24 9995 1
482 0 165 1
796 14 5997 1
515 1 547 1
612 2 1036 1
200392 0 362 500
794 54 21996 1
797 115 46399 1
506 0 107 1
401 0 341 1
796 65 26399 1
785 14 5992 1
780 17 7186 1
766 7 3167 1
401 0 73 1
13292611 14386 5753600 33232
744 4 1945 1
688 3 1502 1
509 1 516 1
798 54 21999 1
758 6 2778 1
21157 805 322039 52
779 18 7590 1
455 0 333 1
481 0 172 1
796 71 28798 1
764 11 4767 1
474 519 207859 1
3517200 0 411 8792
507845123920 742413733867 799513880869 93993638592
797 118 47598 1
741 5 2342 1
739 2 1140 1
400 0 401 0
798 92 37199 1
186222 1 643 465
484 0 330 1
399059952547 811405486033 992164824570 486747017581
693 2 1094 1
747 7 3154 1
616 2 1017 1
669 3 1471 1
322358 575 230173 805
727 5 2328 1
401 500000000000 999999999999 2
16916 303 121291 42
752 0 353 1
787 6 2794 1
795 12 5196 1
789 32 13190 1
438 0 285 1
401 0 79 1
491 1 522 1
2 1 1 0
687 3 1546 1
401 0 2 1
727 5 2328 1
795 74 29996 1
793 55 22394 1
607 2 1008 1
705590925874 252175474872 599682440641 272167171543
794 48 19595 1
160725 400 160078 401
604 2 1011 1
765 10 4373 1
791 39 15992 1
422 0 58 1
695 3 1579 1
463 1 525 1
797 84 33999 1
20121879 1 350 50305
785 22 9186 1
787 9 3990 1
770 13 5578 1
524 1 566 1
790 32 13193 1
785 24 9993 1
797 73 29598 1
547 400 160326 1
140081 0 162 350
434 1 467 1
747 1 748 1
23732000 46951 18780250 59330
788 30 12399 1
797 111 44798 1
792 41 16794 1
633 0 234 1
312604 454 181711 781
794 62 25197 1
19341906309 116492037259 429137108520 629759259891
735 6 2742 1
53040 757 303160 132
543 0 287 1
531 1 661 1
781 14 5982 1
676 0 277 1
558 1 578 1
774 13 5576 1
322091 805 322214 805
762 7 3177 1
716 0 317 1
720 4 1921 1
1 999999999999 400 999999999999
467 1 534 1
561 1 615 1
422602013329 34577083243 154190944893 653238698493
243515 434 173836 608
672 2 1093 1
638 2 1112 1
564 1 726 1
38439601 0 438 96098
644 2 1130 1
401 0 119 1
787 12 5188 1
173968 753 301487 434
765 6 2766 1
622 2 1030 1
435 1 436 1
796 45 18399 1
795 38 15596 1
130707 0 398 326
791 43 17594 1
452 0 53 1
322133 0 381 805
719 4 1992 1
609 1 610 1
160191 805 322030 400
478 0 157 1
697 3 1588 1
765 3 1566 1
401 400 1000000000000 1000000000000
691 2 1100 1
794 66 26796 1
226219 0 106 565
569 0 321 1
610 1 681 1
785 25 10386 1
144264 805 322078 360
465 0 151 1
735 1 736 1
794 63 25595 1
425 0 256 1
686 1 723 1
762 7 3178 1
792 40 16393 1
717 4 1930 1
401 0 366 1
683 3 1494 1
751 8 3558 1
647 1 648 1
792 46 18799 1
186242 0 83 465
468 1 491 1
1109 100003 40000400 0
667 0 268 1
756 7 3168 1
3253 0 322 8
307316 617 247165 768
969753649150 240023958597 55393363984 159181706201
793 36 14797 1
420 0 189 1
798 108 43599 1
776 9 3999 1
784 24 9996 1
739 6 2740 1
726 5 2327 1
787 29 11989 1
748 3 1549 1
827657611669 718114985632 222951963770 874773214231
1 400 401 1
720 4 1998 1
322382 754 301887 805
40000251 1 385 100002
160294 400 160061 400
728 5 2335 1
773 2 1174 1
762 6 2785 1
697656104121 16822369065 203818038631 580545977671
493 0 231 1
764 11 4765 1
618 2 1054 1
703 3 1544 1
126746 400 160026 316
781 10 4382 1
26538326793 235976584068 110325392074 528634442981
1000000000000 999999999999 999999999999 0
733 1 734 1
473 0 146 1
748 7 3184 1
115 0 394 0
276365236475 497007201607 362022253261 42255389869
645 2 1088 1
777 13 5585 1
767 11 4782 1
796 28 11597 1
726 3 1563 1
787 19 7998 1
160327 0 391 400
788 32 13193 1
474 1 501 1
415 1 430 1
121479 805 322118 303
764 2 1165 1
439 0 54 1
639 2 1040 1
541 310 124370 1
792 48 19593 1
401 0 217 1
706 4 1930 1
2 0 399 400
160370 0 235 400
673 3 1490 1
794 62 25195 1
1 400 399 999999999999
572 1 573 1
401 0 238 1
489 1 577 1
723 5 2336 1
585 1 416 1
757 5 2384 1
189831 400 160318 474
640 1 462 1
735 6 2738 1
1000000000000 999999999999 400 400
613 2 1014 1
618439756617 385223899907 789110192276 832249465875
210344 640 256233 525
744 7 3145 1
313 27819 11128414 1
779 14 5987 1
787 30 12388 1
627 2 1079 1
401 0 240 1
626 2 1027 1
322111 0 25 805
497 1 521 1
154190944893 653238698493 422602013329 34577083243
546 1 692 1
680 2 1140 1
418 1 435 1
726 5 2332 1
796 69 27997 1
798 49 19999 1
797 102 41199 1
723 3 1557 1
783 23 9584 1
795 68 27597 1
775 15 6381 1
738 3 1581 1
741 4 1958 1
777 4 1978 1
75928 805 322261 189
351 698 279362 0
749 6 2761 1
763 9 3980 1
644 1 645 1
657 2 1171 1
591 0 382 1
647 0 248 1
708 4 1938 1
416541000740 611484824918 119585385983 402313137562
3751 0 304 9
745 7 3148 1
401 0 180 1
786 28 11590 1
451214468385 523824870811 251261432619 254352277613
401 0 116 1
582 1 764 1
40000580 6269 2508527 100000
788 8 3599 1
725 5 2350 1
725 5 2345 1
696 3 1583 1
771 12 5176 1
670 3 1477 1
777 2 1178 1
160148 0 178 400
699 2 1149 1
789 6 2790 1
160321 0 104 400
703 4 1913 1
423 1 429 1
308 100002 40000399 1
640 1 724 1
545 1 689 1
458 0 121 1
458 1 515 1
749 6 2774 1
457 400 160198 1
359 0 52 0
751755202706 767582329383 571139628808 910151486015
672 1 673 1
797 84 33998 1
526 1 528 1
771 13 5581 1
401 0 13 1
842017158252 605686354864 472467139512 195255902517
225085 400 160002 562
785 26 10787 1
713 0 314 1
610 0 211 1
779 18 7583 1
706 235 94369 1
89508 805 322248 223
725 5 2329 1
797 112 45198 1
250 671 268784 0
786 28 11593 1
2 500000000000 401 2
779 100000 40000914 0
160054 719 287679 400
524 1 647 1
614 2 1022 1
8073600 100001 40000070 20181
322008 805 322148 805
463 1 464 1
749 5 2370 1
776 13 5577 1
750 7 3198 1
785 15 6390 1
160047 400 160356 400
568 1 735 1
792 27 11193 1
527 0 255 1
788 19 7992 1
40000240 0 800 100000
781 13 5582 1
411 1 412 1
446 0 47 1
759 9 3963 1
2537420 100000 40000389 6344
672 1 764 1
765 5 2390 1
160296 275 110008 400
732 0 333 1
546 1 547 1
773 7 3174 1
790 22 9191 1
797 124 49998 1
188809 603 241241 472
18110368 58255 23303057 45275
793 47 19194 1
302830 1 505 757
787 19 7996 1
104860 805 322158 262
790 19 7994 1
486 1 487 1
771 13 5585 1
1 2 1000000000000 400
286186 665 266099 715
751 5 2374 1
322160 0 212 805
733 5 2344 1
39382281 19004 7601601 98453
259 805 322160 0
796 91 36798 1
757 5 2385 1
587 1 773 1
410 0 389 1
427 0 55 1
2115 0 181 5
244766 0 245 611
471 0 143 1
185477 748 299536 463
160103 167 67004 400
687 2 1131 1
684 3 1535 1
792 33 13593 1
29640761 0 400 74099
401 500000000000 500000000000 1
794 65 26396 1
756 8 3562 1
502 1 537 1
401 0 66 1
745 3 1593 1
789 15 6397 1
796 89 35998 1
519 0 239 1
205323 1 558 513
160091 1 638 400
790 37 15196 1
400 400 1000000000000 999999999999
243 1 592 0
322125 150 60015 805
18522 400 160210 46
759 7 3161 1
401 0 298 1
508 805 322139 1
748 3 1597 1
645 1 686 1
457 0 58 1
144109 0 234 360
748 7 3177 1
777 11 4789 1
294 1 624 0
797 104 41998 1
782 4 1983 1
732 5 2387 1
792 38 15595 1
551 0 303 1
696 3 1514 1
522 1 574 1
743095705531 903360603572 224204117014 245030681735
528 185 74314 1
24516384 100002 40000399 61288
570 0 341 1
796 97 39198 1
115699 1 725 289
322387 383 153312 805
104479 370 148193 261
11896800 2 265 29739
503 1 605 1
793 47 19195 1
510 1 548 1
411 1 415 1
765 5 2366 1
728 5 2368 1
768 12 5172 1
401 0 158 1
707 2 1161 1
797 83 33599 1
709 3 1535 1
788 33 13589 1
448 0 96 1
708 2 1163 1
3 2 245 0
601 2 1002 1
403 0 15 1
773 14 5975 1
401 1 399 400
792 14 5993 1
711 3 1512 1
473 0 328 1
785 25 10386 1
793 23 9594 1
767 6 2768 1
500000000000 1 400 1
780 19 7989 1
791 19 7992 1
788 31 12799 1
572 0 204 1
153988 400 160045 384
794 41 16795 1
423 1 431 1
575 1 750 1
779 12 5180 1
746 3 1547 1
675 2 1114 1
724 2 1187 1
687 1 688 1
402 0 3 1
787 16 6798 1
794 59 23996 1
288816 1 705 722
641 1 642 1
403 1 406 1
606 2 1016 1
423 805 322255 1
494 1 533 1
405 1 409 1
789 31 12790 1
322237 775 310284 805
401 0 264 1
553 1 706 1
749 4 1950 1
759 5 2360 1
517 1 518 1
603 2 1005 1
789 22 9197 1
767 2 1168 1
240763816061 478876008006 702767053230 725677232278
586 1 649 1
779 19 7980 1
211638 400 160180 529
748 6 2760 1
555901011017 965461912043 850868608653 747019273516
788 22 9195 1
322013 16 6408 805
426 0 113 1
795 37 15196 1
793 38 15598 1
518 0 288 1
770 1 771 1
472 1 523 1
753 7 3162 1
778 13 5587 1
657 1 658 1
512 0 224 1
322096 0 287 805
605 1 714 1
782 21 8799 1
40000400 7643 3057289 100002
549 0 150 1
115834 728 291458 289
795 76 30796 1
730 3 1552 1
797 113 45598 1
786 28 11587 1
658 2 1141 1
600 1 551 1
797 46 18798 1
715 4 1931 1
681 3 1523 1
399 1 999999999999 999999999999
677 3 1506 1
36117572013 185055497317 209532130076 855940762525
160266 400 160036 400
434 0 56 1
176985 148 59593 442
322197 805 322144 805
601 2 1002 1
322152 805 322309 805
788 20 8389 1
345 17 7187 0
462 1 463 1
607339373814 908730011879 593612918816 279151051937
615 2 1041 1
790 27 11195 1
542 1 603 1
769 12 5171 1
780 19 7999 1
611 1 682 1
733 5 2342 1
719 4 1932 1
5117823 62414 24966262 12795
742 6 2749 1
726 0 327 1
401 0 157 1
774 8 3575 1
720 4 1934 1
795 11 4796 1
93523 1 708 233
292 254 101672 0
401 0 370 1
788 1 543 1
795 31 12796 1
451 1 502 1
518 1 636 1
751 4 1986 1
674 3 1475 1
771 0 372 1
658 2 1172 1
520 1 627 1
629 1 790 1
491 0 182 1
797 116 46799 1
763 10 4366 1
145038 0 1 362
792 30 12398 1
796 93 37598 1
409 0 10 1
795 75 30397 1
669 3 1473 1
292588 541 216791 731
715 2 1119 1
545 1 690 1
778 17 7198 1
618 1 712 1
524 0 249 1
40000317 2 67 100001
756 8 3557 1
790 39 15991 1
591 1 656 1
777 0 397 1
796 35 14397 1
797 114 45999 1
788 14 5989 1
763 10 4364 1
774 12 5177 1
160257 517 207012 400
689 3 1503 1
18680093 22031 8811600 46700
784 8 3586 1
795 43 17599 1
404 0 34 1
528 1 571 1
592 1 705 1
604 1 729 1
672 0 273 1
722 4 1937 1
797 112 45198 1
783 6 2784 1
791 8 3592 1
705 2 1158 1
805004088965 834789613081 44173359489 478281300716
730 4 1951 1
797 8 3598 1
500 1 599 1
792 25 10393 1
796 11 4797 1
625 1 635 1
739 6 2772 1
544 0 289 1
711778064220 339063773552 264656269780 537531517135
521 343 137576 1
673 2 1074 1
1 0 2 1
540 1 680 1
617 0 218 1
790 24 9997 1
565 1 730 1
40000295 61593 24636800 100001
701 4 1902 1
91 400 160100 0
648 2 1142 1
794 12 5195 1
115704 0 328 289
760 9 3993 1
322003 495 198103 805
492 0 374 1
755 5 2356 1
790 39 15991 1
705 3 1529 1
674 2 1168 1
793 55 22394 1
790 33 13597 1
701 805 322283 1
726 5 2352 1
160269 447 178850 400
315 318 127284 0
756 9 3957 1
567 100000 40000401 0
957080653271 710603250868 904539327446 941337804058
770 13 5571 1
797 121 48798 1
123826 1 471 309
786 28 11592 1
322307 805 322395 805
401 0 118 1
56588864741 888660240894 120714070198 34258799996
796 95 38397 1
235677 1 594 589
435 0 36 1
494 1 498 1
792 43 17596 1
757 0 358 1
559 0 160 1
497 0 194 1
789 29 11992 1
788 32 13191 1
756 5 2357 1
401 0 375 1
768 11 4769 1
8 147 59123 0
406 1 409 1
796 92 37198 1
796 75 30397 1
734 6 2735 1
711 3 1532 1
779 19 7980 1
728 5 2330 1
742 783 313418 1
793 16 6795 1
459 0 119 1
789 28 11593 1
426 1 435 1
795 51 20798 1
856191981838 975224058525 406101874707 121490799463
473 0 74 1
745 1 746 1
770 10 4395 1
425 1 447 1
401 0 94 1
791 41 16797 1
782 17 7191 1
796 79 31999 1
773 14 5995 1
335369736680 68962405978 258999034674 602011665509
401 0 163 1
794 41 16799 1
796 98 39597 1
769 12 5172 1
719 3 1534 1
753 5 2378 1
943235388218 628814447499 439693338280 465221766346
737 6 2741 1
687 3 1548 1
662 1 663 1
748 5 2349 1
768 9 3979 1
40000400 100000 40000890 100003
794 48 19596 1
571 1 742 1
749 3 1571 1
640 1 641 1
453 1 505 1
794 66 26795 1
657 1 743 1
692 3 1493 1
572 1 744 1
401 0 202 1
796 81 32797 1
567 0 335 1
798 58 23599 1
41838 670 268179 104
783 16 6792 1
523 1 612 1
693 3 1510 1
795 52 21198 1
649 2 1147 1
675 1 676 1
488 1 576 1
795 70 28399 1
160335 400 160245 400
160115 0 328 400
720 3 1553 1
455 0 325 1
982449103391 58756469858 57201669537 509261275818
508 1 616 1
695 1 696 1
162773369313 764635566444 150586660277 465069087343
797 100 40398 1
623 2 1040 1
787 0 388 1
735 3 1577 1
125327 400 160180 313
698 3 1517 1
674 1 766 1
401 0 188 1
402 0 3 1
663 1 664 1
796 59 23999 1
207 300 120249 0
400 500000000000 1000000000000 500000000000
703 1 704 1
740 6 2778 1
643 2 1127 1
401 0 367 1
770 12 5179 1
322393 298 119564 805
793 31 12799 1
658 2 1132 1
728 5 2334 1
91 99231 39692800 2
654 2 1067 1
493 1 586 1
481 1 504 1
553 400 160262 1
781 20 8399 1
785 16 6794 1
774 15 6375 1
710093850055 604841844340 567384809267 975656934320
789 35 14396 1
1000000000000 1000000000000 401 400
435 28273 11309200 0
236706 1 420 591
648 2 1105 1
493 400 160392 1
780 18 7586 1
706 4 1907 1
680683117274 846886649093 493329396461 390230102200
468 1 469 1
16048040 43439 17376737 40118
792 44 17996 1
708 4 1939 1
779 17 7190 1
557 1 713 1
401 0 14 1
719 3 1520 1
588 1 652 1
755 8 3590 1
500000000000 1 401 500000000000
408 0 17 1
796 85 34397 1
461 1 493 1
677 400 160231 1
160024 81 32565 400
793 12 5194 1
322259 805 322265 805
791 29 11996 1
755 3 1556 1
745 4 1976 1
326 1 691 0
653 0 254 1
628 1 629 1
634 2 1035 1
785 6 2786 1
401 1000000000000 500000000000 999999999999
789 31 12791 1
428 1 455 1
752 4 1953 1
788 27 11191 1
401 0 251 1
446 1 491 1
528 1 656 1
773 6 2774 1
728 2 1129 1
401 0 185 1
738 6 2743 1
541 1 610 1
585 0 370 1
593 0 387 1
644 2 1107 1
513 1 514 1
160091 1 692 400
500000000000 500000000000 500000000000 1000000000000
415 0 305 1
40000001 100000 40000682 100000
620 2 1059 1
722 2 1123 1
459120044480 236428498329 506479576601 621071839069
322181 400 160201 805
493 1 525 1
791 43 17592 1
796 96 38797 1
717 2 1118 1
601 2 1003 1
770 9 3983 1
706 4 1926 1
790 23 9594 1
790 34 13991 1
322140 282 112868 805
758 4 1959 1
744 2 1145 1
468 1 485 1
408 0 296 1
160130 400 160375 400
788 20 8396 1
160233 418 167450 400
492 1 583 1
160160 805 322255 400
577 1 578 1
702 4 1909 1
704 4 1917 1
795 6 2796 1
424 1 425 1
794 52 21195 1
465 0 130 1
696 3 1560 1
795 72 29196 1
536 0 272 1
438967939926 494671535348 7824500085 658465098613
794 43 17595 1
414 1 423 1
786 25 10387 1
16 124 49857 0
3478969 74862 29945719 8695
669 2 1070 1
401 0 249 1
500 0 162 1
724 5 2340 1
764 7 3182 1
794 25 10395 1
742 3 1543 1
688 3 1489 1
791 35 14394 1
780 5 2381 1
5588935 46988 18795161 13973
791 26 10797 1
554 1 676 1
866596814445 299245586399 608378670449 65328672467
533 0 134 1
163443 1 680 408
160251 1 740 400
781 11 4782 1
401 0 177 1
695 2 1096 1
788 32 13194 1
795 62 25196 1
396 805 322066 0
4 1 590 0
794 64 25995 1
742 6 2780 1
670 2 1071 1
509 0 219 1
723 1 724 1
126959 62 25128 317
767 6 2793 1
777 17 7178 1
792 47 19195 1
459 1 460 1
792 29 11999 1
612843884860 187275091277 267898704029 401677601989
408 0 9 1
665 2 1066 1
420 0 40 1
112367540781 790570795807 338356466204 51354160288
18905898 0 401 47264
687 3 1500 1
438 0 76 1
322048 400 160067 805
698 2 1099 1
510 257 103151 1
670 399 159719 1
257680 163 65451 644
761 9 3966 1
793 31 12794 1
160144 572 228972 400
789 10 4390 1
75634435998 245093827310 343764109077 489930933557
728 5 2347 1
708 1 709 1
493 1 494 1
771 11 4779 1
774 3 1595 1
577 1 637 1
695 3 1577 1
704 4 1920 1
506 1 542 1
790 36 14793 1
782 21 8783 1
711 4 1951 1
443600808651 720516565559 403218567678 404946228709
150 0 373 0
798 125 50399 1
783 21 8784 1
401 0 246 1
417 0 35 1
792 44 17998 1
794 65 26399 1
634 2 1052 1
322196 0 266 805
627 1 712 1
340 89606 35843200 2
153052 86 34480 382
83291 805 322290 208
160192 0 61 400
782 20 8384 1
362022253261 42255389869 276365236475 497007201607
622 0 223 1
564 1 565 1
655 2 1083 1
511 1 512 1
798 102 41199 1
473 0 147 1
790 23 9591 1
401 0 290 1
797 95 38398 1
642 0 279 1
401 1000000000000 401 0
274997939247 317389463249 824264352854 265595699821
160262 0 142 400
794 66 26795 1
413 0 26 1
794 40 16395 1
20 23902 9560799 0
763 6 2798 1
775 10 4388 1
160316 100 40343 400
475 1 476 1
469 0 139 1
133528000900 272629627900 38204942416 208607486410
465 1 530 1
433 1 466 1
999999999999 1000000000000 1 999999999999
497 0 195 1
752 6 2753 1
793 20 8394 1
779 5 2380 1
731 2 1132 1
490 0 180 1
557 0 315 1
786 22 9190 1
38418902 25981 10391600 96049
745 2 1174 1
793 53 21595 1
796 83 33597 1
791 44 17994 1
153519 527 210891 383
796 78 31597 1
780 8 3581 1
427 1 437 1
471 1 496 1
796 400 160018 1
787 20 8388 1
696 1 697 1
766 6 2767 1
535624843805 493760745291 449219371291 402435409979
506 0 212 1
730 5 2376 1
430 400 160325 1
400 2 21 1
737 6 2758 1
796 90 36398 1
425886509754 926539974372 318437427950 463255977015
40001190 4868 1946799 100000
29587161 54881 21951651 73965
794 43 17598 1
322086 134 53676 805
401 0 289 1
542 1 590 1
765 11 4770 1
609659317393 732186677603 542772680770 799305803908
467 1 490 1
497 1 593 1
565 1 621 1
735 3 1536 1
789 35 14399 1
268 400 160188 0
719 4 1970 1
797 104 41999 1
732 3 1572 1
160256 340 136361 400
762 9 3969 1
521 1 562 1
763 8 3574 1
748 7 3153 1
777 17 7180 1
72 29811 11925544 2
714 4 1966 1
774 12 5182 1
841330233850 655667456958 777696379339 15045029552
587 1 660 1
785 15 6388 1
749 6 2750 1
322116 805 322378 805
796 87 35198 1
160396 613 245346 400
18203604 79 32500 45511
787 29 11994 1
44173359489 478281300716 805004088965 834789613081
751 3 1580 1
790 39 15993 1
734 6 2737 1
140951 538 215583 352
795 71 28796 1
460 1 520 1
490 1 514 1
570 1 740 1
114273 457 183054 285
30921709 25170 10067599 77306
576 0 352 1
795 63 25597 1
794 32 13195 1
402 0 4 1
686 3 1499 1
726 5 2331 1
401 0 72 1
686 1 782 1
949013765650 312871206904 364785386852 744084086608
348 168 67317 0
779 16 6780 1
538 1 539 1
796 33 13597 1
717 4 1918 1
767 12 5168 1
787 24 9994 1
332 1 508 0
5981999 0 981 14954
723 2 1138 1
784 11 4791 1
728 2 1152 1
588 1 776 1
478 0 160 1
743 7 3144 1
400 999999999999 401 2
774 12 5184 1
770 11 4771 1
794 5 2395 1
599 1 798 1
458 0 59 1
23977 0 209 59
524082262276 884713444166 475871565390 653035487630
790 28 11594 1
744 3 1547 1
560 1 719 1
757 3 1558 1
651 2 1078 1
433 545 218017 1
626 1 627 1
759 8 3568 1
625 0 395 1
645 2 1135 1
782 21 8798 1
1000000000000 1000000000000 1000000000000 999999999999
549 1 679 1
772 5 2373 1
678 3 1510 1
781 15 6382 1
761 8 3587 1
786 27 11194 1
767 12 5168 1
401 0 236 1
797 113 45598 1
796 48 19598 1
722 2 1173 1
160032 400 160096 400
698 0 299 1
356 1 568 0
400 2 399 2
201971 1 411 504
160059 753 301379 400
428 0 57 1
795 10 4396 1
160038 400 160076 400
797 63 25598 1
412 0 36 1
753 8 3572 1
786 21 8787 1
733604583479 732505305950 851990136560 494648049212
519 1 637 1
648 2 1143 1
1273199 99035 39613629 3184
768 805 322058 1
758 9 3979 1
736 6 2748 1
780 10 4397 1
40000151 38604 15441200 100000
781 18 7584 1
40919078633 73647101495 958373426607 895831966049
723 0 324 1
771 10 4381 1
689 3 1553 1
798 73 29599 1
160224 805 322312 400
539834432310 791785610476 325720272818 173266609736
450 1 500 1
779 8 3583 1
796 30 12397 1
619 0 376 1
531 1 575 1
571 62 24948 1
160051 5 2243 400
756 1 757 1
672 0 310 1
788 32 13197 1
3668 0 178 9
674 3 1488 1
791 43 17592 1
719 2 1180 1
745 7 3147 1
790 25 10392 1
794 42 17198 1
606 0 247 1
535 1 669 1
714 4 1924 1
401 0 271 1
450 0 100 1
759 6 2760 1
481 0 163 1
623 2 1069 1
780 7 3181 1
457 1 458 1
794 62 25199 1
160204 8 3581 400
706 3 1530 1
146992 537 214890 367
528 0 257 1
646 2 1126 1
717 2 1177 1
786 26 10797 1
795 58 23597 1
47 22448 8979601 0
796 99 39997 1
757 7 3175 1
585 1 647 1
735 6 2739 1
461 1 471 1
790 35 14391 1
795 79 31996 1
790 12 5191 1
322253 268 107255 805
620 0 221 1
593 1 786 1
793 53 21594 1
788 21 8791 1
785 5 2386 1
74967 464 185981 187
426 1 452 1
12346000 85417 34166378 30863
442 0 126 1
663 2 1187 1
795 79 31997 1
520 1 604 1
82 805 322269 0
607 1 768 1
790 27 11198 1
746 3 1594 1
11 805 322267 0
567 1 568 1
617 2 1018 1
458 0 297 1
399 0 500000000000 500000000000
500 0 201 1
613 2 1017 1
783 22 9197 1
554 1 707 1
478 1 556 1
791 32 13192 1
697 2 1181 1
637 0 373 1
776 11 4777 1
401 0 359 1
304487 400 160137 761
756 9 3958 1
39121555 100002 40000101 97804
707 4 1933 1
252303403635 330434837528 865913508871 880514773303
795 68 27599 1
632 2 1095 1
728 4 1948 1
786 26 10798 1
782 21 8786 1
784 24 9999 1
530 0 131 1
755 8 3589 1
785 17 7194 1
479 0 80 1
272483 709 283996 681
796 65 26397 1
620 1 694 1
652 2 1154 1
791 26 10798 1
677 1 759 1
752 7 3165 1
795 13 5596 1
743 3 1559 1
723 5 2334 1
322063 805 322251 805
40000525 85209 34082800 100000
754 8 3555 1
788 22 9191 1
401 0 274 1
588 0 189 1
160223 718 287579 400
771 13 5584 1
783 15 6393 1
431 762 305028 1
793 100000 40000800 0
401 0 999999999999 2
794 49 19997 1
793 39 15994 1
793 14 5994 1
532 1 577 1
782 16 6786 1
571139628808 910151486015 751755202706 767582329383
770 6 2799 1
583 1 765 1
514 0 131 1
483 0 167 1
761 10 4367 1
697 1 797 1
534 0 200 1
509 1 617 1
400 1000000000000 399 0
457 1 469 1
40001200 76722 30688968 100000
798 122 49199 1
790 38 15591 1
644 2 1045 1
990590989494 496679298294 117836650021 936192402239
476 0 340 1
401 0 129 1
777 17 7183 1
500000000000 500000000000 399 0
555 0 306 1
160339 0 155 400
160092 1 714 400
38455370951 972547090365 363464616451 247949665646
797 120 48398 1
654 2 1161 1
35855199 100000 40000204 89639
786 19 7993 1
778 16 6782 1
794 58 23598 1
781 19 7982 1
440 1 479 1
797 115 46398 1
770 13 5572 1
797 46 18798 1
784 23 9585 1
739 6 2767 1
612 2 1019 1
747 805 322222 1
796 67 27198 1
785 21 8797 1
85 706 282676 0
786 27 11187 1
794 55 22395 1
322089 400 160266 805
745 6 2754 1
792 47 19194 1
606 1 752 1
496 0 193 1
797 99 39998 1
793 46 18794 1
472 1 544 1
785 23 9587 1
34821 316 126732 87
299 805 322233 0
265469 805 322017 663
732 1 733 1
729 3 1567 1
399 51502 20600821 0
40000991 100001 40000400 100000
794 2 1195 1
754 8 3584 1
784 18 7588 1
535 0 385 1
572 0 344 1
146006 1 570 365
462 1 483 1
119 0 164 0
724 5 2325 1
746 3 1558 1
796 42 17199 1
27650663 0 830 69124
542 1 641 1
794 52 21197 1
794 65 26395 1
797 101 40799 1
479 0 106 1
498 1 595 1
574 400 160331 1
668 3 1469 1
767 3 1598 1
652 0 253 1
498 0 196 1
793 40 16396 1
275313 400 160110 688
749 7 3187 1
792 32 13197 1
792 49 19993 1
792 24 9993 1
708 1 753 1
636 1 715 1
478 0 156 1
614 2 1025 1
407566472550 622429506932 494243071879 680918655866
781 20 8393 1
761 4 1984 1
780 4 1981 1
797 28 11598 1
160199 1 510 400
749 5 2371 1
160117 400 160024 400
401 0 207 1
574 1 582 1
318437427950 463255977015 425886509754 926539974372
160238 0 333 400
399 7932 3173319 1
705 4 1922 1
796 82 33197 1
795 73 29596 1
797 108 43598 1
704 4 1910 1
792 39 15996 1
666 2 1196 1
734 5 2367 1
401 0 87 1
303384 384 153986 758
756 7 3173 1
795 51 20796 1
797 101 40799 1
763 10 4393 1
729 805 322280 1
40000060 19633 7853600 100001
425 0 213 1
779 18 7596 1
707 4 1913 1
618 2 1052 1
790 37 15192 1
785 26 10787 1
35 805 322084 0
706 2 1160 1
983677873553 35099164414 378899035049 958675683874
322166 374 149640 805
19517 805 322161 48
322165 265 106155 805
573 1 631 1
712 2 1113 1
403 1 404 1
999999999999 0 1000000000000 999999999999
763 6 2787 1
570 0 135 1
790 36 14795 1
634 1 713 1
160018 400 160012 400
526 1 651 1
772 3 1573 1
458 140 56226 1
150586660277 465069087343 162773369313 764635566444
400 1 500000000000 1
40000400 0 99 100000
61844 62 24957 154
788 20 8397 1
597 0 394 1
793 56 22798 1
160314 66 26553 400
772 10 4389 1
679 2 1080 1
649 1 650 1
739 6 2745 1
787 13 5588 1
615 2 1023 1
496 0 192 1
606 1 675 1
196301 8 3259 490
401 0 354 1
691 3 1507 1
496 1 497 1
749 0 350 1
265036571571 633169418396 599939728590 981834554391
782 20 8383 1
751 8 3554 1
796 86 34797 1
789 0 359 1
29258 2 949 73
160014 0 251 400
322329 0 217 805
788 25 10389 1
793 13 5596 1
180540 204 81921 451
791 26 10792 1
599 1 600 1
782 20 8385 1
399 0 400 1000000000000
91 0 279 0
160163 400 160111 400
2 2 1 1000000000000
425 1 449 1
736 6 2751 1
796 97 39199 1
702 2 1103 1
401 0 270 1
793 21 8794 1
789 20 8398 1
793 4 1994 1
444 100000 40000391 0
657 2 1169 1
422 1 436 1
775 9 3992 1
631 2 1091 1
578 0 179 1
410 1 420 1
798 61 24799 1
563 0 326 1
785 10 4386 1
721 4 1968 1
752 5 2355 1
401 0 147 1
160053 805 322272 400
401 0 21 1
160213 805 322103 400
755 4 1964 1
138274 400 160335 345
777 17 7179 1
778 15 6379 1
539 1 586 1
401 0 90 1
429 1 440 1
4671599 59729 23891279 11678
797 3 1598 1
703 2 1104 1
476 805 322072 1
776 16 6777 1
68 0 113 0
777 6 2791 1
763 10 4388 1
505 0 232 1
105198 1 421 262
796 91 36798 1
401 0 102 1
556 805 322228 1
776 16 6783 1
764 11 4768 1
322299 1 606 805
760 9 3998 1
797 121 48798 1
826042036347 707192227748 414054172910 41707601890
750 7 3157 1
401 0 78 1
160046 0 98 400
782 21 8796 1
774 15 6378 1
322241 0 146 805
790 9 3991 1
791 41 16793 1
89135 652 261113 222
706 4 1914 1
630 1 757 1
724 725 290100 1
793 28 11594 1
787 25 10388 1
746 5 2347 1
518 80 32214 1
746 7 3168 1
621 2 1032 1
796 47 19197 1
32737314 2 399 81844
160071 593 237464 400
322110 312 124903 805
678 3 1486 1
787 27 11188 1
759 8 3563 1
322083 702 280948 805
