499 5000
612 0 226 1
518 2 1351 1
676 1 736 1
777 0 418 1
870 0 372 1
677 0 356 1
988 3 1737 1
519 1 527 1
626 0 254 1
1592 1 902 3
651 1 652 1
502 0 72 1
745 1 746 1
1 499 498 1999
838 2 1383 1
520 0 26 1
1253 4 1497 0
500 0 361 1
817 2 1317 1
690 1 754 1
913 3 1912 1
351 3 1997 0
871 1 996 1
724 0 357 1
666 0 303 1
515 1 521 1
857 3 1871 1
653 1 707 1
1219 1523 1466 1925
571 0 206 1
616 1 617 1
802 2 1328 1
941 0 443 1
578 1 607 1
710 0 212 1
779 2 1339 1
788 2 1311 1
582 1 583 1
525 1 531 1
864 3 1882 1
1976 3 1696 3
1685 3 1633 3
794 1 893 1
747 0 497 1
603 1 706 1
1478 3 1983 2
1151 959 1200 924
761 0 366 1
822 0 324 1
1246 1 499 0
760 2 1282 1
654 0 156 1
889 2 1389 1
555 0 57 1
882 3 1881 1
1 1999 499 1999
577 0 79 1
569 1 625 1
500 0 311 1
908 3 1907 1
500 0 64 1
838 3 1840 1
649 1 799 1
500 0 368 1
932 3 1931 1
873 3 1993 1
499 1 1000 1
1537 3 1701 3
711 0 408 1
569 1 638 1
795 2 1386 1
636 1 682 1
636 0 138 1
889 3 1888 1
594 0 8 1
769 1 860 1
729 0 461 1
559 0 70 1
559 1 580 1
917 3 1967 1
1540 1212 1943 1896
882 2 1382 1
835 3 1834 1
797 0 374 1
861 3 1860 1
690 1 881 1
1280 2 998 2
766 0 268 1
900 2 1469 1
564 3 1966 1
1908 3 1649 3
415 0 93 0
1996 4 1723 2
1696 672 1092 944
597 1 631 1
65 3 1996 0
877 3 1943 1
820 1 821 1
572 1 597 1
934 3 1994 1
716 1 933 1
753 2 1260 1
639 0 280 1
759 1 760 1
926 0 428 1
2000 1999 2000 2000
883 2 1496 1
563 1 627 1
652 0 306 1
508 1 512 1
939 2 1439 1
1769 3 1855 3
182 270 93 961
355 2 1182 0
1190 2 1259 2
761 2 1264 1
761 1 849 1
855 2 1408 1
500 0 214 1
896 0 398 1
825 1 935 1
924 2 1424 1
597 3 1534 1
870 3 1982 1
398 4 1996 1
637 265 260 52
500 0 351 1
498 1 87 2
579 1 603 1
500 0 104 1
804 1 805 1
567 0 82 1
539 0 41 1
500 0 415 1
850 3 1901 1
560 1 610 1
856 2 1410 1
958 3 1957 1
908 0 410 1
743 0 488 1
577 0 87 1
500 0 207 1
854 3 1919 1
910 0 412 1
76 0 301 0
154 2 165 2
873 3 1872 1
579 0 161 1
500 0 221 1
430 309 1847 870
535 0 341 1
543 1 558 1
886 2 1459 1
871 3 1894 1
736 0 474 1
1823 1 774 3
679 0 361 1
572 0 89 1
1342 5 1725 0
851 3 1907 1
815 2 1348 1
866 3 1965 1
727 1698 1675 570
503 1 506 1
708 1 917 1
869 0 443 1
955 3 499 0
1413 3 1557 2
826 2 1479 1
643 0 145 1
746 3 1639 1
810 2 1340 1
956 3 1955 1
1995 0 809 3
870 3 1981 1
803 2 1409 1
826 2 1413 1
909 2 1491 1
861 1 983 1
864 2 1421 1
500 0 240 1
705 0 413 1
1720 3 1769 3
805 2 1305 1
1479 1 898 2
1150 1 756 2
517 0 36 1
1914 3 1936 3
566 1 567 1
498 0 2000 1
679 1 740 1
1571 93 139 1486
1813 3 1528 3
918 3 1968 1
973 1 626 1
865 3 1873 1
500 0 178 1
778 1 779 1
804 2 1331 1
1931 2 1237 5
767 3 1527 1
654 0 310 1
610 1 648 1
568 1 569 1
586 417 793 1082
665 0 333 1
540 1 542 1
969 183 1073 352
867 3 1971 1
1596 1287 1123 649
849 3 1858 1
532 0 34 1
942 1 943 1
776 2 1284 1
95 0 1104 2
1127 1148 1020 1322
1621 2 1966 1
899 3 1939 1
651 0 305 1
652 0 313 1
576 1 592 1
531 0 46 1
1563 5 1996 2
428 1 671 0
868 1 961 1
194 0 516 2
630 0 1497 0
523 1 524 1
1935 1 779 3
852 2 1404 1
527 1 532 1
888 0 390 1
572 0 147 1
527 0 29 1
621 0 245 1
792 2 1327 1
863 2 1363 1
582 0 166 1
1699 1993 725 999
739 1 740 1
632 0 134 1
706 3 1585 1
502 0 45 1
717 0 437 1
283 3 1679 0
680 1 681 1
956 3 1967 1
1498 5 1685 2
1313 1 901 2
1859 1483 856 1109
640 1 646 1
604 1 709 1
743 0 245 1
1999 499 1000 0
536 1 537 1
901 0 403 1
850 3 1849 1
809 0 376 1
501 1 502 1
689 0 381 1
754 2 1262 1
500 0 432 1
871 3 1870 1
893 1 894 1
858 3 1932 1
820 2 1460 1
617 0 236 1
758 2 1276 1
643 1 786 1
785 2 1356 1
764 1 969 1
744 1 989 1
856 3 1908 1
500 0 90 1
500 0 394 1
1782 3 1828 3
770 2 1280 1
896 3 1933 1
500 0 449 1
809 2 1429 1
834 1 947 1
872 2 1476 1
676 0 178 1
1999 1000 1 499
679 1 859 1
813 2 1355 1
635 0 137 1
731 692 39 1826
1285 252 229 1696
529 0 31 1
978 0 480 1
750 2 1250 1
722 1 926 1
701 1 902 1
1626 1 658 3
891 3 1926 1
620 1 661 1
928 3 1984 1
963 2 1463 1
700 1 900 1
653 0 155 1
645 1 694 1
878 3 1910 1
836 3 1843 1
879 1 939 1
1000 499 2 1999
500 0 12 1
66 3 1678 0
641 1 782 1
920 2 1466 1
753 0 255 1
1828 3 1668 3
784 2 1302 1
861 3 1880 1
846 2 1394 1
1913 3 1717 3
516 1 532 1
840 3 1839 1
1068 1416 1185 1949
587 1164 1758 521
674 0 176 1
883 2 1383 1
201 0 280 0
546 0 83 1
1497 1 1477 5
725 1 859 1
618 1 737 1
764 2 1292 1
618 1 659 1
888 2 1443 1
791 2 1373 1
501 0 5 1
676 1 852 1
555 0 113 1
863 1 864 1
863 3 1930 1
25 1709 187 707
840 3 1863 1
1668 0 386 3
500 0 270 1
881 3 1910 1
626 1 752 1
927 0 434 1
712 0 214 1
1328 3 1958 0
784 2 1354 1
815 2 1344 1
778 2 1292 1
823 1 910 1
1241 1538 768 523
246 2 1108 0
1977 1 691 3
599 0 101 1
787 0 456 1
991 0 493 1
738 0 478 1
623 1 628 1
699 0 161 1
500 0 285 1
749 0 251 1
809 1 810 1
564 3 1567 1
911 2 1428 1
500 0 303 1
523 0 322 1
1971 3 1802 3
542 1 557 1
487 2 1799 1
806 1 807 1
1272 0 1497 0
968 0 61 1
1998 1 608 4
606 1 713 1
873 3 1883 1
1292 1219 710 414
814 1 872 1
680 1 861 1
1702 3 1779 3
806 2 1334 1
669 1 838 1
821 0 323 1
1974 3 1035 1
608 0 219 1
873 3 1992 1
601 0 147 1
658 1 698 1
928 3 1927 1
648 0 298 1
682 0 348 1
521 1 543 1
857 1 977 1
841 1 842 1
786 1 787 1
539 1 540 1
781 2 1297 1
997 3 1750 1
862 3 1861 1
828 2 1486 1
532 1 533 1
785 1 786 1
500 0 235 1
500 0 222 1
753 1 754 1
510 0 97 1
980 2 1480 1
1229 1976 795 1809
773 1 843 1
1778 0 281 3
978 3 1808 1
650 0 169 1
730 1 808 1
861 1 712 1
1741 3 1609 3
731 1 809 1
769 2 1292 1
500 0 52 1
532 1 551 1
385 0 396 0
908 0 429 1
653 1 952 1
584 0 153 1
838 3 1853 1
777 0 279 1
757 1 758 1
788 2 1366 1
854 1 973 1
908 2 1487 1
618 361 982 1521
831 1 923 1
1 1000 1 2000
500 0 96 1
1882 1 273 5
1563 1 994 3
945 3 1896 1
597 1 695 1
866 1 867 1
838 3 1855 1
389 0 277 0
856 2 1439 1
824 3 1610 1
948 3 1960 1
591 0 93 1
798 2 1323 1
836 0 338 1
292 0 1 2
500 499 2000 2000
580 1 939 1
500 0 391 1
880 2 1446 1
1030 3 1616 2
1692 2 1034 3
878 3 1904 1
917 2 1424 1
600 0 102 1
958 2 1482 1
871 1926 651 362
565 0 71 1
205 1 781 0
851 1 969 1
2 1000 500 1999
638 0 278 1
609 0 220 1
1712 3 997 4
715 0 332 1
949 2 1467 1
500 0 434 1
507 0 16 1
831 2 1331 1
500 0 375 1
574 0 151 1
781 0 371 1
840 1 841 1
836 3 1845 1
847 3 1855 1
562 0 127 1
772 1 998 1
1996 3 565 6
740 0 329 1
959 1040 1580 1323
919 1 920 1
1576 2 148 4
814 2 1444 1
555 1 575 1
824 2 1324 1
500 0 189 1
972 2 1473 1
889 3 1923 1
887 1 938 1
812 2 1359 1
570 3 1871 1
684 0 186 1
222 3 1524 0
387 0 1 1
722 1 944 1
890 3 1924 1
22 1 581 0
807 0 309 1
862 2 1362 1
842 2 1342 1
554 0 470 1
828 2 1367 1
768 523 1241 1538
833 0 335 1
797 1 897 1
732 1 811 1
1744 3 1559 3
921 1 922 1
717 1 790 1
874 1 875 1
500 0 2 1
846 1 963 1
1757 3 1647 3
996 3 1570 1
1208 1177 966 1543
636 1 637 1
1573 3 1594 3
606 0 108 1
661 3 1525 1
776 2 1329 1
1841 3 1583 3
644 1 645 1
642 0 286 1
500 0 138 1
500 0 386 1
896 1 897 1
678 0 359 1
655 0 436 1
775 2 1275 1
603 1 639 1
1731 1 870 3
661 1 823 1
611 1 723 1
688 1 877 1
500 0 1999 2
515 1 516 1
719 1 938 1
1671 1 990 3
672 1 844 1
1113 3 499 0
778 0 295 1
437 482 86 505
815 1 935 1
437 1671 1861 568
558 0 119 1
636 1 683 1
507 1 515 1
1497 2 343 0
750 2 1252 1
611 0 113 1
620 1 621 1
636 0 275 1
695 0 393 1
602 1 705 1
911 3 1958 1
500 0 62 1
905 2 1462 1
589 0 132 1
869 3 1932 1
1161 3 1995 2
835 3 1841 1
730 0 232 1
823 2 1350 1
504 0 11 1
728 0 459 1
1081 0 54 2
1999 0 2000 1999
1778 1 941 3
861 2 1423 1
669 1 717 1
899 2 1474 1
500 0 42 1
837 1 838 1
878 3 1889 1
528 0 255 1
554 1 609 1
687 0 376 1
728 1 957 1
722 1 723 1
725 1 951 1
560 0 62 1
584 1 585 1
700 1 853 1
674 0 350 1
510 0 12 1
630 1 674 1
591 1 622 1
904 3 1903 1
849 2 1399 1
1758 521 587 1164
923 0 425 1
852 3 1853 1
504 1 509 1
861 2 1417 1
500 0 139 1
1791 2 1003 3
1984 3 1877 3
846 3 1887 1
914 2 1474 1
102 0 430 0
738 0 240 1
815 0 317 1
697 0 396 1
500 0 412 1
1478 0 288 2
833 3 1833 1
672 1 708 1
1533 3 1796 3
500 0 181 1
500 0 339 1
608 2 1895 1
262 3 1520 0
1898 3 1983 3
849 3 1848 1
500 0 292 1
500 0 408 1
529 1 559 1
1593 3 1804 3
797 2 1391 1
961 2 1461 1
511 0 110 1
605 0 238 1
660 1 820 1
647 1 1996 0
1826 0 496 3
549 1 598 1
823 1 904 1
867 2 1426 1
1970 0 216 3
294 3 1840 0
651 362 871 1926
670 1 728 1
791 0 293 1
576 1 589 1
548 0 50 1
584 1 655 1
661 1 822 1
1520 3 1921 3
1995 2 558 4
431 3 1932 0
852 3 1908 1
1996 3 1375 3
1591 0 103 3
530 2 1151 1
500 0 44 1
850 2 1401 1
583 1 612 1
510 1 518 1
500 0 141 1
673 1 847 1
1561 1 952 3
807 3 1910 1
888 1 889 1
77 388 1236 592
746 0 248 1
546 1 563 1
1972 10 1650 1813
525 1 535 1
992 3 1785 1
1 3 1808 0
789 1 841 1
500 0 163 1
1669 1 883 3
575 0 77 1
931 0 433 1
789 2 1368 1
791 2 1323 1
721 0 444 1
519 1 538 1
1 2000 1 1000
913 3 1852 1
604 1 605 1
653 0 352 1
101 2 499 2
770 2 1311 1
870 3 1980 1
91 0 245 0
757 1 844 1
500 0 307 1
761 2 1284 1
597 1 598 1
500 0 359 1
1613 1601 1900 1534
519 0 21 1
1706 3 1818 3
1533 3 1954 3
951 1 952 1
1045 1 1900 1
1616 1842 973 853
884 3 1915 1
632 1 765 1
557 0 59 1
500 0 21 1
725 1 818 1
697 1 712 1
866 0 368 1
509 0 111 1
705 1 774 1
573 0 75 1
639 1 670 1
501 0 131 1
500 0 112 1
560 0 123 1
640 1 780 1
812 2 1438 1
644 0 146 1
1678 2 1133 3
564 0 66 1
533 1 566 1
772 2 1272 1
860 3 1940 1
852 3 1909 1
505 1 511 1
774 2 1322 1
673 1 675 1
759 2 1264 1
800 2 1325 1
1662 2 1065 3
714 0 431 1
675 1 735 1
720 0 442 1
682 0 184 1
552 1 585 1
357 0 128 0
492 3 1842 0
918 3 1969 1
602 1 603 1
416 0 18 0
502 0 20 1
886 3 1984 1
768 2 1305 1
762 1 763 1
868 3 1888 1
954 0 456 1
652 0 307 1
517 0 156 1
588 1 589 1
867 1 868 1
916 2 1495 1
690 1 702 1
898 2 1398 1
668 1 671 1
773 2 1320 1
610 3 1504 1
765 2 1295 1
655 0 312 1
713 0 216 1
1415 1627 1656 317
500 0 185 1
1729 0 110 3
635 0 272 1
984 1 985 1
546 1 593 1
1473 845 817 1667
796 2 1320 1
90 0 410 0
930 1090 101 1101
990 1 991 1
964 3 1963 1
893 594 248 997
776 1 777 1
659 1 674 1
615 1 654 1
926 1 976 1
983 1 984 1
556 0 58 1
500 0 348 1
672 1 704 1
1786 0 724 4
1883 3 1996 1
579 1 641 1
982 2 1482 1
1808 3 1864 3
1894 3 1986 3
917 0 419 1
835 3 1838 1
720 1 940 1
285 3 1634 0
1275 1 1996 0
645 1 646 1
670 1 735 1
755 2 1258 1
808 2 1340 1
42 1 593 0
913 3 1961 1
642 1 682 1
933 3 1992 1
642 1 643 1
724 0 226 1
414 0 125 0
957 2 1457 1
530 1 531 1
471 3 1517 0
551 1 603 1
621 0 392 1
1776 0 998 1
687 1 870 1
587 1 632 1
729 1 823 1
748 0 401 1
500 0 400 1
217 1 635 0
786 2 1358 1
844 3 1843 1
657 1 815 1
749 2 1249 1
689 0 380 1
1550 1 782 3
187 1191 638 543
906 3 1905 1
901 1 902 1
876 0 286 1
565 0 132 1
808 1 809 1
500 0 336 1
1953 0 413 3
500 0 41 1
35 1 758 0
814 2 1442 1
556 1 576 1
818 2 1456 1
39 1826 731 692
374 3 1563 0
952 3 1951 1
790 2 1290 1
987 0 489 1
855 2 1371 1
823 1 932 1
500 0 123 1
874 2 1374 1
443 0 359 0
546 0 94 1
891 2 1442 1
1814 3 1699 3
500 0 318 1
775 2 1286 1
763 1 852 1
670 1 671 1
737 0 476 1
546 1 556 1
832 0 334 1
443 3 1895 0
763 1 980 1
761 0 263 1
744 0 422 1
751 2 1251 1
762 2 1279 1
781 2 1281 1
678 1 857 1
746 1 993 1
826 2 1478 1
750 2 1252 1
498 0 1114 2
956 1 978 1
928 3 1985 1
769 1 806 1
820 1 886 1
872 2 1372 1
826 1 936 1
965 1 966 1
862 2 1419 1
2 1999 1000 499
973 1 974 1
694 0 390 1
675 1 734 1
500 0 20 1
528 1 529 1
868 1 869 1
615 0 233 1
817 2 1351 1
1000 1 499 2
860 3 1886 1
752 1 883 1
869 3 1977 1
498 0 1000 1000
812 2 1344 1
972 3 1737 1
812 2 1436 1
950 3 1954 1
204 3 1595 0
783 2 1349 1
720 0 29 1
792 2 1314 1
893 3 1892 1
625 1 751 1
567 1 590 1
541 1 556 1
717 1 791 1
500 0 103 1
812 0 435 1
1798 1247 90 783
591 0 407 1
1758 2 332 3
774 1 866 1
988 0 408 1
733 3 807 2
1143 3 978 1
1999 1 2000 2
517 1 524 1
819 1 926 1
341 1 796 0
593 1 686 1
1701 0 147 3
895 1 896 1
646 1 792 1
567 1 883 1
1220 3 1556 2
713 1 714 1
836 3 1838 1
504 1 508 1
661 3 1847 1
900 3 1941 1
533 0 37 1
1785 233 465 987
1147 601 1639 945
699 0 283 1
857 1 858 1
804 2 1414 1
51 3 1514 0
859 1 980 1
500 0 370 1
568 1 636 1
896 2 1470 1
1912 3 1660 3
500 0 329 1
604 0 210 1
500 0 269 1
1873 1 498 3
1670 1 655 3
1995 1 1651 4
779 1 874 1
399 250 962 594
1610 2 1368 3
767 0 353 1
761 2 1285 1
505 0 7 1
621 1 662 1
1948 0 249 3
502 0 4 1
561 1 565 1
1000 0 1999 499
772 1 864 1
1675 570 727 1698
707 0 417 1
759 1 846 1
548 0 267 1
778 2 1293 1
732 0 467 1
766 2 1299 1
1 499 500 1
1561 3 1855 3
690 1 691 1
723 1 799 1
1886 1441 1315 1806
96 3 1503 0
423 1 732 0
864 2 1422 1
500 0 82 1
500 0 302 1
568 1 592 1
863 0 365 1
576 0 78 1
1742 0 498 3
678 1 687 1
600 1 635 1
901 3 1989 1
499 0 500 0
970 1 971 1
2 0 498 2
1973 1 977 3
1822 0 1497 2
499 0 745 0
1060 3 998 0
663 1 826 1
765 0 267 1
658 1 659 1
515 1 530 1
763 1 778 1
706 0 208 1
666 1 723 1
181 1 663 0
1769 1 515 3
507 0 88 1
1204 1 1204 0
800 1 979 1
752 1 837 1
533 1 553 1
672 1 731 1
830 0 373 1
500 1 1 499
1530 1 638 3
840 3 1780 1
178 1 751 0
774 2 1286 1
657 0 159 1
715 0 433 1
503 0 98 1
638 1 685 1
936 2 1486 1
883 3 1913 1
607 1 608 1
876 3 1987 1
1479 1 916 2
688 0 190 1
832 3 1831 1
500 0 495 1
823 2 1323 1
1358 3 1627 2
500 0 199 1
1997 3 1224 4
818 2 1454 1
1607 3 1871 3
1309 1599 580 827
500 0 306 1
162 1 984 0
600 1 700 1
989 3 1544 1
715 1 788 1
672 0 224 1
598 0 100 1
73 612 298 1321
1252 1 648 2
654 1 794 1
793 2 1379 1
570 1 615 1
789 1 790 1
709 1 747 1
136 0 432 0
991 3 1990 1
1512 3 1976 3
585 0 173 1
737 1 895 1
1555 3 1761 3
618 1 627 1
708 0 210 1
827 2 1481 1
529 1 547 1
1114 0 215 2
800 0 302 1
888 3 1921 1
1204 2 499 2
1901 488 1365 617
835 2 1345 1
1703 3 1925 3
500 0 296 1
621 1 742 1
726 1 953 1
588 1 619 1
664 0 166 1
561 1 583 1
842 3 1867 1
549 1 566 1
485 1 572 0
933 0 435 1
682 1 864 1
709 0 420 1
678 0 180 1
1248 0 316 2
298 1321 73 612
648 0 299 1
1653 318 992 1801
736 1 816 1
596 0 194 1
498 0 499 2000
589 0 180 1
584 1 613 1
650 0 302 1
717 1 748 1
831 2 1495 1
507 1 510 1
692 0 194 1
895 3 1894 1
651 1 656 1
669 0 171 1
510 0 424 1
165 1107 634 1517
775 2 1318 1
1935 3 1640 3
499 2 201 3
500 0 148 1
858 3 1872 1
590 1 681 1
809 1 913 1
1548 0 127 3
1996 5 1760 3
513 0 28 1
760 2 1266 1
1001 3 1534 2
741 1 931 1
558 0 187 1
688 1 709 1
778 0 280 1
500 0 429 1
868 1 992 1
919 3 1978 1
500 0 61 1
500 0 231 1
579 1 580 1
660 0 162 1
1 2 2000 499
229 1 504 0
659 1 771 1
638 0 140 1
595 1 691 1
662 1 715 1
500 0 227 1
705 0 207 1
671 0 173 1
944 1 945 1
895 3 1956 1
793 1 892 1
769 2 1270 1
717 1 934 1
559 0 219 1
1891 0 324 3
667 1 834 1
296 3 1810 0
637 0 277 1
733 1 812 1
238 3 1560 0
1055 1 903 2
826 2 1480 1
884 2 1451 1
1516 1 970 3
636 1 657 1
877 2 1441 1
500 0 70 1
862 1 984 1
566 0 227 1
1053 89 255 1545
460 3 1517 0
500 0 36 1
760 2 1265 1
881 3 1909 1
1561 0 435 3
1525 3 1762 3
647 1 763 1
546 0 318 1
754 2 1256 1
590 0 183 1
853 1 854 1
828 2 1328 1
658 0 160 1
510 0 372 1
1941 3 1851 3
697 1 764 1
1384 1745 1724 163
500 0 387 1
1725 1 1803 5
345 0 339 0
804 1 906 1
444 0 283 0
500 0 201 1
593 1 594 1
657 0 230 1
751 1 752 1
660 0 323 1
2000 1000 2 2000
742 1 985 1
565 1 566 1
846 1 847 1
869 3 1891 1
728 1 737 1
2000 0 2 1999
586 0 175 1
817 2 1451 1
500 0 7 1
768 1 802 1
500 0 246 1
912 2 1493 1
595 1 690 1
816 1 923 1
907 2 1407 1
547 1 564 1
882 2 1449 1
631 1 763 1
500 0 152 1
637 0 139 1
844 1 845 1
500 0 72 1
893 1 964 1
649 1 798 1
668 0 339 1
424 1 681 0
694 3 1924 1
731 0 464 1
93 961 182 270
880 0 382 1
513 1 518 1
689 1 753 1
945 114 1865 1150
500 0 102 1
500 0 186 1
615 1 655 1
658 1 689 1
555 0 378 1
958 1 959 1
500 0 341 1
868 2 1368 1
562 1 563 1
615 0 117 1
832 3 1831 1
747 1 830 1
1000 1 499 1
15 3 1510 0
667 1 835 1
871 2 1371 1
1520 2 1304 3
80 127 872 481
1741 0 6 3
1912 0 204 3
658 0 1449 3
982 1521 618 361
788 2 1843 0
500 1000 1999 2
602 0 297 1
827 2 1482 1
401 1 500 0
1788 3 1643 3
968 2 1468 1
1114 1 899 2
537 1 551 1
638 0 279 1
968 3 1970 1
622 1 664 1
784 2 1353 1
812 1 942 1
645 0 293 1
850 2 1400 1
865 2 1423 1
521 0 44 1
318 0 11 0
745 1 990 1
830 2 1330 1
502 0 7 1
861 3 1944 1
788 2 1319 1
661 0 324 1
792 1 786 1
500 0 337 1
1960 3 1893 3
886 2 1455 1
703 0 409 1
941 3 1942 1
2000 2 1999 1
762 2 1268 1
573 1 574 1
859 1 924 1
500 0 109 1
784 2 1301 1
619 1 620 1
753 2 1261 1
909 3 1913 1
827 1 828 1
500 0 133 1
950 0 452 1
560 1 581 1
1363 3 1681 2
18 3 1535 0
907 3 1951 1
673 1 776 1
582 1 600 1
499 0 1024 2
992 1 588 1
676 0 354 1
809 2 1339 1
499 0 15 0
500 0 347 1
902 3 1940 1
769 0 271 1
519 0 40 1
773 1 857 1
866 1 899 1
841 3 1867 1
500 0 73 1
841 3 1846 1
1806 3 1858 3
771 1 862 1
893 2 1396 1
706 0 414 1
831 1 942 1
551 1 575 1
1609 521 1879 504
778 1 871 1
755 3 1799 2
755 2 1266 1
802 0 496 1
1787 0 240 3
784 1 785 1
810 0 312 1
661 1 662 1
733 1 855 1
764 2 1271 1
860 1 861 1
596 1 629 1
94 3 1812 0
541 1 583 1
618 1 640 1
711 0 213 1
502 1 505 1
805 2 1415 1
386 1196 1677 1422
719 0 221 1
1996 3 1741 3
915 3 1921 1
1819 3 1735 3
954 2 1470 1
576 0 155 1
1271 2 499 2
868 3 1889 1
1144 80 1902 201
619 1 660 1
525 1 526 1
1003 980 1213 1818
819 2 1457 1
812 0 27 1
898 3 1937 1
672 935 215 499
973 853 1616 1842
46 3 1913 0
646 0 294 1
881 2 1494 1
758 2 1274 1
561 0 222 1
1442 3 559 1
864 3 1874 1
758 2 1262 1
1925 1562 1799 1869
863 3 1884 1
881 3 1896 1
802 2 1302 1
776 2 1330 1
1579 3 1746 3
500 0 491 1
588 0 129 1
825 0 327 1
1997 4 1773 3
628 1 756 1
536 1 552 1
1825 2 1038 3
569 0 71 1
535 1 571 1
699 0 201 1
500 0 486 1
498 2000 498 499
704 0 454 1
669 1 726 1
1163 1 894 2
709 1 749 1
720 1 794 1
954 1 955 1
859 3 1897 1
1829 3 1543 3
633 1 678 1
939 0 441 1
577 0 204 1
714 1 929 1
794 2 1294 1
662 0 327 1
843 1 958 1
1995 3 908 4
634 0 270 1
857 2 1357 1
849 1 967 1
520 0 22 1
754 2 1254 1
756 2 1270 1
1346 1619 391 634
616 0 167 1
1543 1 944 3
946 2 1446 1
1092 944 1696 672
593 0 95 1
572 1 573 1
716 1 789 1
500 0 108 1
679 1 680 1
618 0 120 1
1677 1422 386 1196
771 1 772 1
665 1 672 1
662 0 209 1
832 3 1831 1
2 2000 2 1
799 0 301 1
773 2 1285 1
778 2 1324 1
743 1 825 1
558 1 913 1
500 0 366 1
500 0 194 1
1988 0 52 3
933 3 1993 1
864 3 1956 1
660 1 795 1
975 0 477 1
547 0 437 1
914 2 1496 1
500 0 321 1
372 3 1715 0
500 0 323 1
813 2 1439 1
715 0 332 1
560 1 561 1
793 2 1380 1
657 0 317 1
532 0 40 1
517 0 37 1
954 3 1955 1
284 3 1762 0
565 0 67 1
571 0 245 1
1120 1 1996 0
1000 1000 2000 0
1451 0 111 2
728 3 1667 1
1739 1 889 3
1606 3 1729 3
137 756 197 239
815 2 1445 1
903 1 944 1
867 1 991 1
908 2 1488 1
687 0 189 1
500 0 69 1
732 1 965 1
712 1 779 1
1025 5 1831 1
833 2 1394 1
1997 1 1043 4
500 0 136 1
500 0 192 1
726 1 952 1
564 0 325 1
609 0 126 1
828 0 330 1
502 2 1025 1
785 2 1303 1
719 1 720 1
682 0 366 1
920 2 1431 1
505 0 10 1
671 0 345 1
500 0 324 1
853 0 355 1
541 0 84 1
1744 1 773 3
839 3 1842 1
695 1 876 1
584 0 171 1
783 2 1351 1
989 3 1988 1
661 1 751 1
901 2 1477 1
822 2 1322 1
640 1 644 1
648 0 150 1
543 0 48 1
950 2 1318 1
511 1 514 1
852 3 1911 1
1949 3 1940 3
743 1 987 1
553 1 599 1
512 0 438 1
1996 1 1514 6
544 1 576 1
790 1 888 1
500 1 498 499
841 3 1866 1
733 0 469 1
836 3 1846 1
648 1 698 1
574 0 300 1
1844 0 339 3
865 3 1961 1
673 0 349 1
802 2 1329 1
640 1 781 1
776 1 869 1
917 2 1417 1
946 1 947 1
956 1 746 1
370 0 154 0
500 0 171 1
639 0 497 1
937 0 439 1
1791 1 707 3
711 1 922 1
870 1 902 1
1926 1 762 3
500 0 308 1
567 1 635 1
709 1 780 1
988 3 1987 1
160 3 779 0
506 1 509 1
1437 0 314 2
662 1 663 1
885 3 1884 1
960 2 1460 1
611 0 266 1
561 0 125 1
802 2 1316 1
500 0 196 1
608 1 609 1
1456 1276 187 1620
644 0 291 1
547 1 550 1
846 3 1845 1
758 0 364 1
504 0 10 1
1656 895 53 180
828 2 1343 1
1869 1 685 3
728 1 729 1
580 1 630 1
989 1 990 1
921 3 1973 1
621 1 640 1
536 1 541 1
197 239 137 756
888 2 1388 1
705 1 910 1
1917 3 1762 3
912 3 1959 1
1609 1 786 3
1996 0 457 6
500 0 8 1
834 5 1497 0
837 2 1337 1
839 3 1841 1
895 0 397 1
559 0 61 1
257 1 973 0
603 1 707 1
500 0 465 1
835 3 1843 1
500 0 18 1
790 2 1372 1
310 540 1457 1396
794 1 795 1
500 2 2 1000
704 1 909 1
872 1 873 1
820 2 1355 1
782 2 1348 1
1727 0 442 3
782 1 783 1
1591 1 533 3
1642 1745 1922 475
591 0 185 1
1861 568 437 1671
786 2 1360 1
852 0 354 1
500 0 176 1
748 1 824 1
893 3 1928 1
655 0 313 1
745 1 839 1
816 2 1362 1
721 1 942 1
568 1 637 1
847 0 309 1
280 0 499 0
1650 0 235 3
791 2 1375 1
981 1757 867 1539
1787 0 330 3
562 1 625 1
1 1000 499 0
905 3 1953 1
840 3 1862 1
525 0 52 1
254 3 1926 0
925 3 1924 1
824 1 933 1
500 0 418 1
821 2 1321 1
577 1 654 1
806 2 1306 1
1370 0 179 0
762 1 851 1
933 1 934 1
859 2 1391 1
992 3 1991 1
916 0 425 1
1545 2 1190 3
522 0 457 1
862 3 1518 1
637 0 141 1
699 1 898 1
1580 3 1596 3
990 3 1650 1
901 3 1942 1
1015 1741 1601 1749
773 2 1314 1
937 1 938 1
738 1 818 1
1539 0 406 3
1159 127 879 1488
890 2 1460 1
774 2 1274 1
500 0 367 1
820 0 356 1
755 2 1265 1
669 1 670 1
1709 3 1679 3
340 224 1101 963
578 1 579 1
557 1 614 1
706 1 718 1
873 3 1981 1
1860 504 1097 110
500 0 210 1
616 0 118 1
651 1 803 1
842 3 1841 1
957 1 958 1
840 2 1386 1
1535 1 523 3
751 0 253 1
602 0 104 1
827 2 1464 1
935 3 1934 1
586 0 174 1
826 0 494 1
842 1 993 1
1462 2 1292 2
857 0 359 1
1102 0 301 2
894 2 1467 1
664 1 829 1
771 2 1313 1
648 0 253 1
49 2 1996 1
844 1 960 1
620 1 741 1
500 0 464 1
672 0 241 1
601 0 204 1
653 1 806 1
931 3 1990 1
664 0 99 1
906 2 1484 1
500 0 453 1
500 0 312 1
500 0 279 1
794 2 1317 1
837 1 950 1
68 1 641 0
987 2 1487 1
502 0 114 1
708 1 916 1
1694 2 498 1
644 0 197 1
640 1 770 1
693 0 195 1
613 1 727 1
506 1 512 1
643 1 787 1
652 1 804 1
744 0 491 1
512 1 525 1
1497 3 1682 1
663 0 165 1
498 499 498 2000
872 1 997 1
638 1 776 1
1020 1322 1127 1148
724 1 832 1
834 3 1837 1
499 3 1605 3
756 2 1268 1
275 1 557 0
571 0 298 1
500 0 389 1
879 0 381 1
789 1 887 1
887 0 389 1
763 0 487 1
965 2 1465 1
682 1 744 1
867 1539 981 1757
900 2 1400 1
673 3 1536 1
977 0 479 1
985 2 1485 1
676 0 355 1
1929 0 355 3
500 0 251 1
1996 5 1562 4
724 0 319 1
502 1 504 1
500 0 261 1
425 1 778 0
500 0 53 1
764 0 266 1
617 0 237 1
801 2 1358 1
117 2 499 2
968 1 969 1
813 2 1441 1
626 1 753 1
659 1 713 1
924 3 1978 1
691 1 883 1
686 0 374 1
506 1 513 1
1913 3 1774 3
992 1 993 1
153 3 1938 0
899 0 401 1
925 2 1425 1
916 3 1966 1
700 0 403 1
687 1 750 1
891 2 1272 1
1917 3 1664 3
903 3 1945 1
1497 0 645 0
810 1 811 1
931 3 1989 1
885 3 1513 1
607 0 177 1
622 0 124 1
948 1 949 1
499 2000 498 0
660 1 661 1
892 0 453 1
663 0 329 1
426 1 643 0
904 2 1429 1
628 0 258 1
549 0 93 1
537 0 116 1
1922 1 853 3
736 0 475 1
855 0 357 1
794 2 1373 1
838 1 911 1
1901 3 1765 3
1866 0 1439 1
500 0 313 1
1995 0 348 3
984 0 165 1
899 0 471 1
596 1 616 1
594 0 190 1
740 1 741 1
563 0 421 1
500 0 46 1
1506 0 122 3
734 0 236 1
792 2 1376 1
960 3 1959 1
860 1 962 1
577 0 157 1
1711 1 581 3
608 1 619 1
559 1 619 1
704 1 908 1
854 3 1917 1
577 0 108 1
729 1 780 1
624 1 749 1
547 1 594 1
1657 1 537 3
557 0 367 1
1812 3 1745 3
1322 3 1816 2
544 1 549 1
771 1 863 1
921 3 1920 1
518 1 524 1
604 1 640 1
500 0 121 1
519 0 49 1
1724 3 1607 3
1852 1 1036 4
702 1 911 1
528 1 535 1
628 0 358 1
26 3 1711 0
810 1 914 1
672 0 347 1
606 0 214 1
796 1 896 1
1739 0 498 1
706 1 801 1
1271 0 139 2
1610 1 498 3
751 2 1253 1
941 3 1983 1
848 2 1397 1
1692 2 1001 3
500 1999 2 1000
680 0 340 1
754 2 1257 1
837 3 1839 1
873 2 1381 1
1998 3 1651 4
897 3 1935 1
898 2 1472 1
796 0 298 1
1361 1310 425 1838
747 0 249 1
862 3 1951 1
503 1 507 1
178 3 1785 0
500 0 379 1
810 2 1310 1
573 0 447 1
976 3 1995 1
615 1 731 1
175 216 274 623
580 827 1309 1599
913 2 1413 1
984 0 486 1
435 3 1972 0
603 0 105 1
511 1 522 1
906 2 1485 1
500 0 314 1
1605 3 1703 3
500 0 410 1
988 632 651 11
981 1 858 1
537 1 550 1
1143 3 1730 2
566 0 135 1
500 0 3 1
1992 5 1804 2
10 3 1905 0
590 0 275 1
935 3 1963 1
848 3 1893 1
864 3 1883 1
537 1 559 1
500 0 460 1
1603 3 1668 3
833 2 1395 1
511 0 25 1
665 0 332 1
858 2 1412 1
762 1 837 1
884 2 1411 1
274 865 208 1448
500 0 478 1
1925 0 318 3
830 2 1492 1
826 1 830 1
727 1 804 1
857 2 1488 1
1536 1 872 3
784 1152 904 812
824 1 825 1
924 1 925 1
1948 1 572 3
500 0 100 1
859 3 1936 1
655 1 811 1
513 0 15 1
624 0 126 1
836 3 1847 1
1816 0 261 3
2 1 2 2000
627 1 628 1
764 2 1264 1
820 1 928 1
852 3 1851 1
685 1 821 1
893 2 1465 1
1917 3 1536 3
617 0 203 1
598 899 932 422
663 1 827 1
892 2 1463 1
897 2 1397 1
520 1 521 1
760 0 262 1
500 0 263 1
500 0 365 1
763 1 815 1
988 0 490 1
962 2 1462 1
568 0 449 1
695 0 392 1
764 1 853 1
653 1 705 1
714 0 430 1
601 0 445 1
742 0 486 1
579 1 607 1
500 0 446 1
1834 0 247 3
884 564 455 462
1348 120 1669 1972
703 1 772 1
1775 1 762 3
567 1 581 1
845 3 1844 1
894 0 396 1
1813 3 1822 3
709 1 918 1
1591 1 697 3
795 2 1295 1
743 1 986 1
759 2 1278 1
914 1 915 1
702 0 389 1
1821 1 1258 3
757 2 1261 1
533 0 68 1
833 3 1832 1
1224 1 548 2
845 2 1380 1
381 1037 479 1817
499 1000 2 499
644 1 788 1
440 251 1264 1917
440 3 1860 0
858 2 1413 1
550 0 102 1
500 0 91 1
825 1 934 1
574 1 648 1
843 3 1875 1
856 3 1869 1
671 0 344 1
706 1 776 1
728 1 805 1
772 0 474 1
500 0 479 1
745 1 756 1
561 1 622 1
53 180 1656 895
911 1 912 1
539 0 80 1
506 1 513 1
1947 3 1570 3
1264 1917 440 251
801 1520 1360 1493
876 2 1440 1
500 0 19 1
531 0 173 1
936 3 1744 1
500 0 249 1
589 1 679 1
1585 3 1682 3
617 1 618 1
1751 0 158 3
986 3 1985 1
872 3 1988 1
1563 3 1970 3
996 0 498 1
1105 3 1995 0
578 1 656 1
698 0 399 1
579 1 634 1
942 2 1128 1
853 0 113 1
1984 3 1750 3
880 1 881 1
685 0 259 1
567 0 137 1
762 2 1269 1
500 0 208 1
503 0 387 1
958 3 1975 1
840 2 1409 1
832 0 382 1
1242 3 1565 0
915 3 1914 1
787 1 997 1
500 0 438 1
923 3 1922 1
586 1 672 1
971 1 972 1
873 1 878 1
1902 201 1144 80
732 1 733 1
509 0 143 1
1483 4 1857 1988
569 0 450 1
844 3 1850 1
684 0 371 1
1052 1948 1472 1415
142 2 1785 0
724 1 904 1
848 3 1847 1
727 1 841 1
531 0 65 1
500 0 342 1
216 3 1776 0
638 1 639 1
1900 1534 1613 1601
513 1 515 1
556 0 114 1
352 3 1579 0
921 3 1927 1
1607 0 148 3
634 1 768 1
549 0 75 1
534 1 535 1
500 0 143 1
861 2 1361 1
1738 3 1855 3
1626 3 1958 3
739 1 820 1
1994 1 722 3
967 1345 1750 1293
793 1082 586 417
358 1 871 0
848 2 1398 1
914 3 1986 1
778 2 1335 1
862 3 1950 1
552 0 54 1
789 0 291 1
630 0 263 1
814 2 1347 1
909 0 411 1
529 1 530 1
797 2 1393 1
790 2 1333 1
1656 0 288 3
887 0 998 0
709 1 833 1
642 0 287 1
699 1 722 1
881 0 383 1
1753 0 91 3
834 3 1836 1
624 1 748 1
769 2 1308 1
500 0 172 1
1996 2 263 2
854 3 1892 1
500 2000 1000 1999
838 3 1849 1
587 1 617 1
917 3 1957 1
576 1 584 1
1996 1 1895 1
784 1 948 1
551 0 105 1
600 1 634 1
926 3 1981 1
615 0 490 1
721 0 292 1
1907 1 866 3
750 2 1251 1
850 3 1903 1
1649 3 1859 3
514 3 1536 1
96 3 1545 0
1815 326 1488 1206
899 2 1399 1
522 3 1925 1
395 0 314 0
902 3 1977 1
1804 0 998 4
120 0 56 0
940 0 493 1
727 1 728 1
511 0 95 1
1 1999 1999 2000
513 0 71 1
740 1 980 1
665 0 167 1
1970 3 1048 1
636 1 772 1
788 2 1308 1
601 1 647 1
479 2 1901 0
633 0 269 1
919 3 1918 1
91 0 494 0
566 1 612 1
571 0 73 1
758 2 1260 1
335 0 489 0
995 0 497 1
856 3 1855 1
611 1 613 1
667 0 169 1
952 3 1973 1
624 1 666 1
498 1 1999 1999
856 3 1925 1
590 1 572 1
741 1 844 1
905 3 1948 1
611 0 224 1
614 1 729 1
674 1 848 1
646 0 295 1
857 2 1411 1
1581 0 163 3
755 2 1255 1
1984 1 993 3
1625 3 1977 3
505 3 1805 1
500 0 60 1
1756 543 1170 697
768 2 1268 1
246 1 852 0
813 0 315 1
785 2 1285 1
547 0 53 1
61 1098 90 662
923 3 1976 1
824 2 1374 1
633 1 766 1
1733 0 127 3
768 2 1273 1
787 2 1363 1
717 0 282 1
525 1 529 1
916 3 1936 1
900 0 402 1
779 2 1315 1
1 0 2 1
664 1 512 1
480 3 1630 0
809 2 1428 1
952 1 953 1
879 1 880 1
1101 1 975 2
500 0 260 1
543 1 586 1
1858 3 1805 3
1000 2 2000 499
500 1 501 1
505 0 13 1
605 0 212 1
829 2 1487 1
923 3 1923 1
917 1 918 1
353 0 251 0
576 1 631 1
1754 2 1031 3
1990 1 609 3
2 499 499 1000
845 2 1345 1
542 1 584 1
918 0 420 1
500 0 444 1
625 0 253 1
620 0 243 1
500 0 71 1
499 2000 499 2000
187 1620 1456 1276
789 2 1369 1
1497 1 1635 3
503 0 9 1
771 2 1272 1
839 2 1384 1
500 0 330 1
848 3 1895 1
500 0 15 1
858 3 1857 1
940 3 1982 1
1738 3 1746 3
1650 3 1636 3
645 1 791 1
500 0 224 1
1497 3 1716 1
727 0 457 1
1569 1 654 3
500 0 57 1
563 0 65 1
738 0 479 1
1 3 1373 0
1542 3 1938 3
781 2 1344 1
1974 3 1821 3
528 1 556 1
539 1 707 1
676 1 677 1
978 2 1478 1
1578 0 23 4
628 1 757 1
1611 3 1613 3
1995 3 611 4
529 0 61 1
856 1 976 1
746 0 494 1
792 2 1377 1
500 0 377 1
543 0 89 1
718 1 936 1
592 1 685 1
500 0 484 1
602 0 206 1
479 1817 381 1037
511 0 24 1
683 0 368 1
1132 1529 1405 796
923 3 1629 1
499 2 1568 2
580 1 608 1
500 0 258 1
140 1 722 0
617 1 735 1
728 0 230 1
1154 962 1950 1579
534 1 547 1
504 1 506 1
1831 3 1687 3
535 1 570 1
500 0 383 1
686 1 873 1
818 0 320 1
534 0 281 1
529 0 60 1
508 1 517 1
101 894 1799 1960
727 0 229 1
500 0 3 1
622 1 623 1
737 0 239 1
790 2 1275 1
967 0 469 1
975 2 1475 1
1580 1323 959 1040
813 2 1313 1
530 1 662 1
924 3 1923 1
902 0 404 1
724 0 450 1
756 1 757 1
1769 1 883 3
866 3 1885 1
776 2 1290 1
912 2 1412 1
794 2 1382 1
892 0 394 1
911 156 523 1827
520 0 42 1
644 0 290 1
1544 1 723 3
779 2 1294 1
101 1101 930 1090
782 2 1282 1
730 1 791 1
737 1 974 1
698 1 742 1
833 1 834 1
866 1 892 1
721 1 796 1
1405 796 1132 1529
883 2 1450 1
1524 4 1861 2
902 1 903 1
886 2 1440 1
798 2 1298 1
582 1 611 1
603 0 208 1
593 0 229 1
796 2 1388 1
41 3 1734 0
898 2 1455 1
60 2 1383 0
658 1 761 1
896 3 1895 1
566 1 633 1
884 1 930 1
702 1 703 1
522 0 24 1
686 1 749 1
749 2 1249 1
581 1 663 1
618 0 238 1
1672 1 520 3
757 0 259 1
721 0 445 1
767 2 1301 1
1759 1 937 3
589 1 620 1
595 1 628 1
225 0 236 0
943 0 445 1
776 2 1281 1
891 0 409 1
841 3 1864 1
506 1 507 1
814 1 920 1
552 1 553 1
500 0 234 1
650 0 152 1
918 3 1917 1
508 0 10 1
841 2 1341 1
1854 3 1946 3
533 0 69 1
966 3 1750 1
734 0 471 1
666 1 762 1
837 2 1381 1
779 0 281 1
854 3 1888 1
1760 1 633 3
835 2 1353 1
938 0 440 1
514 0 33 1
266 3 1820 0
550 0 52 1
500 0 500 2000
832 2 1332 1
532 0 66 1
583 0 85 1
204 1 927 0
622 3 1728 1
1616 0 309 3
953 3 1952 1
768 0 144 1
921 0 423 1
908 3 1952 1
886 2 1454 1
765 2 1265 1
927 1 928 1
559 0 120 1
980 0 482 1
656 0 158 1
839 1 840 1
501 0 3 1
762 1 905 1
500 0 353 1
500 0 439 1
823 2 1452 1
971 3 1970 1
501 1 503 1
525 1 550 1
683 1 684 1
858 3 1862 1
1147 1 773 2
594 0 191 1
544 1 697 1
1651 0 191 3
824 1 831 1
652 1 803 1
599 1 699 1
254 3 1815 0
681 1 742 1
855 1 856 1
806 2 1335 1
761 2 1261 1
500 0 128 1
861 2 1398 1
770 2 1310 1
776 0 278 1
720 1 721 1
257 1 556 0
847 3 1889 1
1728 2 1006 3
559 1 595 1
768 2 1277 1
198 900 648 254
1865 1150 945 114
507 1 511 1
809 0 341 1
682 1 865 1
817 1667 1473 845
527 0 56 1
1023 1 1114 0
581 1 582 1
1865 0 374 3
1170 697 1756 543
927 3 1926 1
500 0 490 1
527 1 537 1
618 0 239 1
1 2 43 0
614 1 653 1
539 1 553 1
876 3 1875 1
736 1 973 1
629 1 759 1
692 1 1764 0
688 0 379 1
821 1 929 1
839 3 1859 1
542 1 585 1
743 1 784 1
817 2 1453 1
704 0 411 1
687 1 865 1
833 3 1834 1
537 0 76 1
519 1 539 1
1774 0 322 5
966 0 468 1
745 0 492 1
743 0 489 1
841 2 1354 1
54 1 636 0
885 3 1916 1
628 0 391 1
801 2 1403 1
500 0 158 1
500 0 243 1
277 1 931 0
642 1 784 1
1970 3 1993 3
623 1 746 1
777 2 1291 1
8 3 1571 0
500 0 197 1
808 2 1425 1
320 1 758 0
719 1 793 1
738 1 976 1
564 0 81 1
229 1696 1285 252
882 1 997 1
922 3 1921 1
1439 0 394 2
826 2 1364 1
972 2 1472 1
19 1 521 0
500 0 34 1
816 2 1448 1
578 0 159 1
1551 3 1773 3
884 2 1384 1
512 0 26 1
890 1 891 1
795 0 307 1
500 0 118 1
93 3 1572 0
639 1 779 1
892 3 1927 1
633 1 649 1
715 0 255 1
1639 945 1147 601
1755 0 1410 1
1315 1806 1886 1441
607 3 1750 1
925 3 1948 1
1676 3 1632 3
795 2 1387 1
500 0 81 1
498 499 500 1
744 1 827 1
1623 1 845 3
662 1 824 1
502 0 21 1
500 0 129 1
115 3 1882 0
885 0 466 1
770 2 1281 1
500 0 17 1
1831 1942 391 337
1887 0 198 3
500 0 428 1
834 0 336 1
500 0 326 1
985 1 986 1
1890 3 1682 3
500 0 493 1
1236 3 1782 2
876 0 485 1
700 1 901 1
1758 3 1826 3
885 2 1385 1
664 0 337 1
1950 1579 1154 962
837 3 1848 1
836 2 1336 1
1262 1 533 2
1915 0 466 3
799 1 800 1
691 1 692 1
729 1 959 1
844 0 87 1
778 2 1334 1
1960 0 308 3
1979 2 1030 3
936 3 1935 1
706 0 414 1
1648 3 1602 3
624 0 250 1
882 0 384 1
909 2 1489 1
692 1 885 1
748 1 901 1
573 1 647 1
506 0 14 1
919 3 1970 1
548 1 565 1
1831 3 1997 3
500 0 204 1
617 1 657 1
566 1 632 1
1498 0 147 2
621 1 743 1
500 0 461 1
823 2 1471 1
805 2 1416 1
514 1 528 1
1544 3 1507 3
526 0 54 1
507 0 84 1
811 1 812 1
1753 5 48 1740
1508 62 1333 525
788 2 1191 1
905 3 1904 1
824 2 1473 1
649 0 301 1
858 1 979 1
920 0 422 1
918 3 1959 1
567 0 69 1
852 3 1881 1
737 1 975 1
518 0 38 1
658 0 319 1
1684 1 721 3
1906 4 1497 1
640 1 665 1
667 1 724 1
789 2 1309 1
1497 0 1172 4
918 2 1453 1
500 0 150 1
729 1 730 1
810 2 1432 1
795 2 1335 1
615 1 697 1
1680 0 157 3
1999 499 499 499
865 3 1864 1
1710 3 1740 3
1279 537 1078 904
804 2 1304 1
523 0 25 1
516 1 521 1
821 2 1368 1
564 0 131 1
666 1 667 1
1760 2 997 4
633 3 1606 1
657 1 710 1
613 1 614 1
699 1 785 1
619 0 241 1
968 0 470 1
682 1 683 1
812 0 314 1
959 2 1459 1
624 1 659 1
500 0 86 1
1184 3 1617 2
625 1 895 1
654 1 690 1
578 0 80 1
1999 2 500 0
1996 2 194 5
1780 2 1460 3
500 0 255 1
728 0 458 1
569 1 586 1
1999 1 2 2000
632 1 764 1
500 0 433 1
819 2 1354 1
1600 0 389 2
603 2 1406 1
498 1 2000 1000
670 1 840 1
872 3 1991 1
628 1 750 1
536 0 75 1
514 0 16 1
255 1545 1053 89
838 3 1854 1
567 1 568 1
1565 2 499 2
746 0 495 1
680 0 399 1
26 2 1538 2
498 1999 1000 2
897 1 945 1
762 0 264 1
1817 0 31 3
500 0 9 1
1292 3 1931 2
500 0 99 1
603 1 643 1
995 3 1994 1
609 1 666 1
524 0 43 1
529 1 558 1
763 1 991 1
1270 27 1093 304
500 0 271 1
849 0 351 1
1755 3 1866 3
553 1 572 1
566 1 609 1
1685 0 692 5
1000 1 500 1000
1854 3 1667 3
854 1 754 1
626 1 669 1
702 0 406 1
523 0 48 1
1360 1493 801 1520
730 0 463 1
500 0 2 1
775 0 277 1
500 0 5 1
910 2 1490 1
499 0 1089 2
449 1 557 0
1678 2 1958 1
500 0 11 1
741 1 983 1
498 2 1648 0
2000 2000 500 499
500 0 223 1
786 1 882 1
852 1 970 1
505 1 506 1
870 1 994 1
67 0 260 0
857 3 1930 1
904 2 1404 1
905 2 1483 1
873 3 1896 1
668 1 836 1
966 1 987 1
524 0 182 1
971 2 1471 1
595 0 417 1
571 1 596 1
923 3 1977 1
571 1 572 1
706 1 838 1
810 2 1430 1
688 0 342 1
842 2 1389 1
500 2 1 1
1205 1443 1594 1580
699 1 777 1
798 1 899 1
281 1 594 0
768 1 825 1
503 1 505 1
693 1 759 1
604 0 145 1
996 3 1629 1
538 0 78 1
724 1 725 1
48 1740 1753 5
666 2 1438 1
500 0 322 1
1144 1101 804 945
674 1 849 1
641 1 642 1
1743 2 1234 3
740 0 284 1
766 1 856 1
112 3 1633 0
1955 0 1497 4
599 1 600 1
176 1657 893 227
1000 2 498 1999
965 0 467 1
862 1 903 1
654 1 706 1
807 1 910 1
569 2 1230 1
563 0 128 1
47 3 1904 0
831 2 1385 1
775 3 1737 1
498 2 2 0
500 0 67 1
702 0 379 1
527 1 554 1
498 3 1646 2
1711 0 68 3
844 3 1878 1
1256 3 1651 2
585 0 87 1
1088 0 1497 0
752 0 254 1
768 2 1280 1
510 0 118 1
982 1 983 1
712 1 713 1
807 2 1360 1
625 0 241 1
863 3 1954 1
845 0 347 1
811 2 1434 1
677 1 737 1
565 1 588 1
599 0 200 1
822 1 823 1
970 0 472 1
1392 379 83 1607
791 2 1312 1
999 0 1379 1
500 0 294 1
940 1918 1774 404
744 1 745 1
545 0 120 1
920 2 1420 1
507 1 508 1
781 2 1345 1
736 1 972 1
804 2 1412 1
588 1 676 1
522 1 531 1
1570 3 1997 1
861 0 363 1
974 0 476 1
958 2 1458 1
1893 1 777 3
1285 3 1955 2
966 1543 1208 1177
1995 1 226 5
926 1 927 1
862 3 1950 1
737 1 745 1
892 2 1392 1
535 1 536 1
744 1 826 1
931 1 932 1
1128 3 1911 2
582 1 610 1
844 0 346 1
839 2 1384 1
1868 3 1775 3
521 1 539 1
719 0 488 1
624 0 202 1
834 3 1834 1
604 0 211 1
637 0 276 1
558 0 170 1
500 0 8 1
731 1 732 1
499 0 1057 3
690 0 1443 0
2 1 1 0
1694 1 1996 5
875 2 1402 1
759 2 1259 1
703 0 270 1
755 2 1267 1
908 3 1953 1
2 1999 2000 0
500 0 278 1
584 0 154 1
537 0 91 1
56 1 826 0
500 0 426 1
500 0 349 1
893 3 1938 1
139 1486 1571 93
919 3 1945 1
805 2 1417 1
991 1 992 1
750 0 252 1
690 0 192 1
784 0 286 1
643 1 716 1
819 1 968 1
522 0 47 1
627 1 671 1
812 0 334 1
527 1 537 1
1497 4 1887 4
706 1 707 1
875 2 1383 1
786 2 1359 1
500 0 191 1
1604 1 799 3
661 0 163 1
567 1 591 1
518 0 39 1
876 0 378 1
1901 433 192 1069
562 1 596 1
926 2 1426 1
587 3 1546 1
806 0 308 1
712 1 924 1
500 0 297 1
914 3 1962 1
363 3 1796 0
837 3 1837 1
1 1 500 2
664 0 330 1
500 0 435 1
836 1 949 1
550 1 551 1
664 1 720 1
643 0 419 1
695 1 761 1
658 1 817 1
577 1 604 1
725 0 453 1
1497 0 533 2
596 0 195 1
658 1 712 1
173 3 1759 0
830 1 941 1
998 0 1364 1
886 3 1906 1
632 0 237 1
502 0 6 1
735 0 473 1
689 1 879 1
764 1 765 1
804 0 306 1
536 1 545 1
867 1 521 1
596 0 127 1
854 3 1853 1
668 1 836 1
500 0 169 1
655 1 708 1
1584 0 357 3
834 3 1833 1
825 1 826 1
966 1 967 1
1926 3 1686 3
790 0 292 1
860 3 1931 1
517 0 19 1
606 1 680 1
623 1 747 1
2000 2000 2000 1999
751 2 1254 1
1000 0 1 1
554 0 223 1
1665 520 1546 1827
522 0 190 1
583 1 667 1
500 0 436 1
1 1 1000 0
803 2 1303 1
260 52 637 265
1583 3 1996 1
596 1 692 1
625 0 252 1
500 0 242 1
701 1 903 1
781 1 782 1
523 1827 911 156
876 3 1902 1
857 3 1899 1
1667 0 398 3
620 0 122 1
859 2 1430 1
538 1 577 1
652 1 805 1
994 0 496 1
685 1 686 1
1582 2 1294 3
557 0 117 1
841 2 1372 1
507 0 489 1
669 0 340 1
511 1 512 1
591 0 184 1
127 2 1141 0
508 1 516 1
1599 3 1715 3
802 0 304 1
2 0 498 499
855 1 974 1
516 1 517 1
102 2 1497 1
1236 592 77 388
27 3 1930 0
692 1 790 1
835 2 1378 1
565 2 1863 2
999 4 1207 1
499 0 1188 1
787 0 289 1
899 3 1938 1
622 1 744 1
1078 904 1279 537
540 0 251 1
742 1 984 1
857 0 165 1
831 2 1493 1
948 0 450 1
942 0 444 1
855 3 1868 1
779 0 288 1
1504 0 470 3
1757 2 1174 3
669 1 839 1
609 3 1867 1
789 1 894 1
1867 3 1964 3
724 0 451 1
798 1 799 1
870 1 995 1
752 1 819 1
810 1 822 1
500 0 320 1
99 0 143 0
927 2 1468 1
608 1 635 1
488 666 342 145
943 3 1942 1
653 1 807 1
656 1 709 1
657 0 498 1
868 2 1416 1
1749 3 1902 3
1948 1 512 3
1820 1 905 3
506 0 96 1
2000 499 1 2
922 3 1975 1
732 0 234 1
862 0 364 1
861 3 1877 1
500 0 402 1
824 1 958 1
859 3 1858 1
661 1 716 1
594 0 96 1
500 0 98 1
970 2 1470 1
500 1 501 1
1019 3 1714 2
500 0 343 1
562 0 126 1
860 0 362 1
98 2 1010 0
790 2 1370 1
776 0 253 1
561 0 100 1
700 1 768 1
964 1 965 1
702 1 771 1
243 2 1188 0
1612 3 756 5
503 0 179 1
1879 3 1963 3
545 0 47 1
930 3 1988 1
887 2 1387 1
864 1 987 1
938 1 939 1
909 3 1955 1
670 0 172 1
56 1789 1560 77
829 2 1329 1
885 3 1900 1
678 1 646 1
500 0 94 1
986 2 1486 1
593 1 687 1
751 1 836 1
1879 504 1609 521
1303 0 306 2
948 1 583 1
900 2 1444 1
827 1 937 1
521 1 522 1
548 0 189 1
1997 0 1265 4
500 0 85 1
822 1 922 1
767 1 768 1
603 0 209 1
1093 304 1270 27
1776 0 160 1
548 0 98 1
647 0 149 1
2000 1 498 0
1067 3 1940 2
500 0 51 1
888 3 1890 1
634 0 271 1
867 3 1968 1
610 1 611 1
579 0 160 1
391 634 1346 1619
731 1 984 1
674 1 733 1
342 3 1583 0
915 3 1964 1
836 3 1835 1
500 0 14 1
652 0 188 1
756 1 994 1
562 1 584 1
612 1 651 1
500 0 13 1
500 0 256 1
927 3 1983 1
1964 0 156 3
768 2 1306 1
711 0 231 1
747 1 748 1
594 0 192 1
741 1 822 1
290 3 1931 0
701 0 404 1
525 0 106 1
550 0 103 1
851 2 1351 1
738 1 798 1
521 0 23 1
522 0 58 1
500 0 289 1
880 2 1380 1
853 2 1405 1
880 3 1908 1
546 0 48 1
1954 1 775 3
1540 1 532 3
555 3 1971 1
498 499 2 0
870 3 1869 1
800 2 1402 1
860 3 1943 1
513 0 29 1
500 0 498 1
1438 0 191 2
900 2 1476 1
1522 3 1585 3
500 0 106 1
500 0 265 1
613 0 229 1
883 2 1359 1
1309 3 1782 2
780 2 1295 1
738 1 977 1
936 3 1980 1
561 0 124 1
513 1 526 1
856 1109 1859 1483
833 3 1832 1
687 1 688 1
627 1 670 1
837 3 1848 1
142 3 1707 0
662 1 727 1
588 1 618 1
1631 3 1969 3
1661 3 1677 3
970 1842 547 880
509 1 511 1
891 1 918 1
2 2000 1999 1
510 0 462 1
540 1 580 1
1000 1000 498 0
773 1 865 1
850 3 1861 1
686 0 188 1
998 1 347 2
763 2 1263 1
735 1 971 1
557 0 116 1
666 0 168 1
684 1 685 1
1333 525 1508 62
554 0 110 1
761 1524 1298 323
807 2 1422 1
559 0 121 1
990 2 1490 1
1799 1960 101 894
1355 3 1791 2
1017 3 1961 2
756 0 258 1
685 1 871 1
545 0 92 1
1329 3 1861 2
541 0 85 1
765 1 766 1
924 3 1979 1
584 1 668 1
846 3 1854 1
704 0 410 1
729 0 460 1
849 3 1898 1
688 1 710 1
833 2 1375 1
828 1 829 1
592 1 593 1
437 1 571 0
777 1 778 1
584 0 170 1
809 0 284 1
904 812 784 1152
12 1 631 0
520 1 523 1
498 1999 1 499
684 1 694 1
867 3 1902 1
634 1517 165 1107
524 0 42 1
994 3 1595 1
731 1 963 1
581 0 164 1
576 0 154 1
908 2 1434 1
192 1069 1901 433
512 0 14 1
799 2 1399 1
912 2 1493 1
1699 0 998 5
963 3 1962 1
911 3 1910 1
792 2 1325 1
675 0 352 1
176 3 1666 0
940 3 1992 1
811 2 1342 1
956 2 1456 1
1514 3 1604 3
745 1 828 1
827 2 1483 1
915 0 441 1
852 3 1878 1
535 0 249 1
499 1 1664 0
1007 1 459 0
895 2 1395 1
1640 1 679 3
841 1 956 1
694 0 391 1
859 2 1414 1
500 0 35 1
861 3 1945 1
752 2 1258 1
658 1 816 1
518 0 20 1
605 0 107 1
1522 1 689 3
822 2 1468 1
607 0 139 1
637 3 1543 1
740 0 242 1
542 0 243 1
810 2 1341 1
500 2 1061 0
809 0 495 1
500 0 369 1
786 2 1304 1
869 3 1868 1
738 1 819 1
943 1 944 1
904 0 166 1
843 3 1874 1
573 1 599 1
197 3 1608 0
1000 499 1 2
575 1 650 1
686 0 375 1
866 0 460 1
500 0 195 1
849 3 1896 1
613 3 1903 1
500 0 388 1
1063 1 796 2
596 1 597 1
591 1 629 1
921 3 1974 1
852 3 1857 1
744 0 246 1
865 3 1962 1
500 0 188 1
606 0 289 1
565 0 135 1
701 0 386 1
717 1 935 1
882 2 1448 1
868 3 1972 1
538 0 182 1
510 0 44 1
1995 0 1420 3
879 3 1878 1
565 0 133 1
559 1 560 1
816 2 1350 1
677 1 678 1
762 2 1262 1
1562 4 1578 3
692 1 693 1
500 0 357 1
500 0 441 1
822 2 1358 1
501 1 502 1
819 2 1418 1
704 0 206 1
665 1 721 1
500 0 363 1
1867 3 1878 3
629 0 131 1
613 0 230 1
599 1 698 1
915 3 1939 1
500 0 43 1
625 0 127 1
903 0 405 1
603 0 405 1
800 2 1334 1
867 3 1918 1
515 0 33 1
515 0 17 1
526 0 55 1
765 2 1296 1
847 1 992 1
630 1 631 1
619 0 121 1
500 0 107 1
523 1 546 1
1547 3 1813 3
609 1 646 1
910 2 1491 1
19 3 1597 0
1728 0 245 3
1141 5 1996 1
633 1 679 1
553 1 591 1
500 0 193 1
660 1 715 1
774 2 1312 1
1663 3 1679 3
709 1 919 1
223 1440 1545 1861
836 2 1484 1
520 1 540 1
500 0 101 1
500 0 35 1
1601 1749 1015 1741
1885 3 1880 3
853 3 1854 1
328 3 1989 0
913 3 1960 1
500 0 93 1
1748 1 876 3
1813 4 1996 4
896 2 1469 1
499 499 1999 499
908 1 950 1
1999 2 1999 2000
946 1 605 1
747 1 995 1
1995 4 1732 4
920 1 921 1
745 0 280 1
1205 522 194 734
1995 1 81 4
750 1 782 1
760 1589 589 1285
518 1 525 1
985 3 1984 1
994 3 1802 1
825 2 1477 1
936 1 937 1
1000 1999 500 2000
864 3 1958 1
1552 3 1727 3
931 2 1431 1
545 1 579 1
500 0 59 1
556 1 557 1
759 2 1269 1
944 2 1444 1
552 0 63 1
872 481 80 127
1581 1 705 3
938 2 1438 1
864 3 1863 1
1996 1 371 1
889 3 1927 1
332 0 220 0
865 1 866 1
868 0 370 1
837 2 1357 1
641 0 284 1
874 3 1873 1
834 2 1377 1
551 0 140 1
794 2 1296 1
609 1 610 1
939 1 940 1
838 3 1842 1
944 0 481 1
504 1 507 1
641 1 783 1
685 0 373 1
559 0 212 1
500 0 110 1
715 0 432 1
613 0 228 1
636 1 773 1
176 3 1889 0
703 0 408 1
1097 110 1860 504
261 0 38 0
976 1 977 1
1901 1907 64 1358
1827 3 1510 3
803 0 305 1
673 0 175 1
881 3 1907 1
1862 0 3 2
768 1 858 1
540 3 1792 1
676 1 853 1
519 0 68 1
566 0 416 1
553 0 55 1
783 0 285 1
500 0 50 1
148 3 1714 0
752 2 1254 1
500 0 494 1
1093 0 201 2
737 0 413 1
871 3 1987 1
825 2 1476 1
930 3 1929 1
856 3 1903 1
500 0 40 1
707 0 416 1
911 1 914 1
587 1 622 1
1997 5 1714 4
830 1 834 1
726 1 915 1
894 3 1893 1
650 1 775 1
750 1 751 1
986 0 488 1
1568 3 1755 3
925 0 427 1
615 1 521 1
646 1 676 1
621 0 244 1
1786 4 1997 2
595 1 596 1
1828 1 980 3
647 1 795 1
498 3 1438 0
928 1 929 1
783 2 1283 1
656 1 813 1
642 1 645 1
910 3 1909 1
694 0 467 1
554 0 56 1
500 0 304 1
651 1 661 1
835 3 1842 1
706 0 266 1
1742 4 1996 5
1745 3 1504 3
596 1 693 1
906 1 919 1
1611 3 1997 5
598 1 696 1
807 2 1336 1
741 1 982 1
824 2 1362 1
872 0 374 1
858 3 1934 1
655 1 726 1
21 0 500 0
537 1 538 1
308 1 585 0
1973 1 641 3
676 1 728 1
704 1 566 1
959 3 1969 1
1439 1 933 2
500 0 459 1
1176 3 1703 2
569 0 141 1
1502 2 1475 3
643 1 644 1
688 0 378 1
816 1 817 1
1634 2 1231 3
707 1 731 1
857 3 1856 1
591 1 592 1
821 1 822 1
1445 3 998 2
1361 1 1885 1
792 0 350 1
986 2 1490 1
716 1 513 1
763 1 764 1
507 0 56 1
746 1 800 1
826 0 328 1
677 1 854 1
824 2 1474 1
500 0 481 1
623 0 248 1
1821 3 1755 3
822 1 930 1
707 1 708 1
777 1 870 1
983 0 485 1
2000 0 1000 1000
696 1 887 1
1136 3 1967 2
905 2 1492 1
579 0 86 1
753 2 1253 1
841 3 1864 1
712 1 577 1
775 1 863 1
873 3 1995 1
783 1 878 1
623 1 624 1
820 0 322 1
561 1 562 1
1133 3 1532 2
575 0 78 1
515 0 32 1
500 0 58 1
580 0 163 1
914 3 1963 1
500 0 266 1
876 1 877 1
754 0 256 1
672 0 174 1
757 2 1272 1
771 1 792 1
778 1 872 1
1472 1415 1052 1948
549 0 338 1
1005 1351 1075 1242
257 0 379 0
569 1 593 1
561 1 623 1
681 0 183 1
2000 1999 499 499
942 3 929 0
528 0 30 1
653 0 309 1
932 2 1432 1
694 1 888 1
544 1 554 1
1774 404 940 1918
566 0 134 1
702 0 407 1
941 2 1441 1
1670 1 716 3
615 1 616 1
840 1 955 1
927 3 1926 1
948 3 1947 1
803 1 905 1
659 1 818 1
343 3 1669 0
500 0 4 1
561 1 582 1
645 0 380 1
758 2 1258 1
937 2 1437 1
649 0 360 1
542 1 543 1
508 0 11 1
801 2 1405 1
1336 1859 1301 1606
585 1 615 1
638 543 187 1191
21 4 1389 1
1496 4 1593 4
666 0 334 1
916 2 1416 1
526 1 536 1
1185 1949 1068 1416
465 987 1785 233
540 1 555 1
543 1 587 1
600 0 202 1
46 1 627 0
1999 1999 498 1
566 1 589 1
1712 3 1996 2
215 499 672 935
913 3 1947 1
1200 924 1151 959
319 0 436 1
930 2 1430 1
806 2 1420 1
788 0 290 1
577 0 156 1
82 0 177 0
1830 1 732 3
795 2 1322 1
804 945 1144 1101
824 2 1361 1
540 1 554 1
243 2 1688 0
780 1 975 1
707 1 777 1
637 1 642 1
652 1 704 1
798 2 1395 1
853 3 1914 1
516 1 522 1
571 1 643 1
124 3 1982 0
881 1 882 1
733 0 468 1
836 1 837 1
753 2 1255 1
164 3 1811 0
931 3 1965 1
1996 1 1751 4
1581 651 807 1969
771 2 1271 1
797 2 1321 1
905 2 1405 1
720 0 443 1
877 3 1876 1
1943 1896 1540 1212
854 1 956 1
628 1512 618 1426
500 0 22 1
542 0 225 1
1669 1972 1348 120
907 0 409 1
777 2 1332 1
956 1 957 1
500 0 168 1
850 2 1397 1
1746 1 665 3
1688 3 1567 3
695 1 890 1
172 3 1856 0
627 1 732 1
988 1 771 1
859 0 361 1
625 1 626 1
605 3 1956 1
531 1 542 1
344 2 1335 0
1297 2 1131 2
773 1 774 1
839 3 1857 1
770 0 272 1
514 1 529 1
1720 0 51 3
646 0 148 1
515 1 517 1
519 1 520 1
1727 0 413 3
521 0 109 1
701 0 405 1
868 3 1973 1
500 0 301 1
537 0 77 1
945 2 1445 1
815 0 459 1
847 2 1396 1
533 0 47 1
813 0 458 1
656 1 812 1
498 3 1603 1
1694 3 1705 3
807 1969 1581 651
898 2 1473 1
686 1 872 1
928 2 1428 1
779 2 1337 1
1999 2 500 1000
691 0 193 1
858 3 1863 1
930 0 432 1
873 1 927 1
693 1 743 1
694 1 889 1
533 1 562 1
687 1 874 1
1845 3 1789 3
1998 1 759 4
530 0 480 1
472 3 1629 0
832 2 1374 1
715 1 724 1
521 0 427 1
500 0 335 1
868 3 1882 1
956 0 458 1
838 3 1852 1
632 0 159 1
862 1 967 1
618 1 650 1
1990 2 498 1
514 0 128 1
597 0 57 1
619 1 738 1
883 1 884 1
925 1 953 1
626 1 651 1
525 1 534 1
516 0 34 1
787 2 1361 1
788 2 1365 1
562 1 624 1
679 0 200 1
1751 3 1537 3
1546 1827 1665 520
863 3 1952 1
769 1 1996 0
834 1 835 1
878 1 898 1
810 1 915 1
892 1 893 1
574 0 76 1
1272 0 401 2
807 2 1423 1
850 2 1450 1
985 0 487 1
500 0 26 1
1252 2 997 2
1299 3 1592 2
1930 1 1211 1
551 1 582 1
666 1 833 1
877 0 449 1
775 2 1327 1
875 2 1375 1
475 1 953 0
544 1 558 1
846 3 1886 1
564 1 629 1
549 1 599 1
851 1 860 1
715 0 217 1
611 136 289 240
846 1 986 1
688 1 876 1
940 2 1440 1
720 1 941 1
772 2 1284 1
946 1 687 1
1466 1925 1219 1523
861 3 1947 1
853 3 1865 1
845 3 1880 1
818 2 1352 1
517 1 534 1
612 1 650 1
1958 2 1028 3
1799 1869 1925 1562
915 3 1919 1
1921 0 119 3
1457 1396 310 540
853 2 1435 1
607 0 228 1
1999 1999 498 1000
342 145 488 666
456 0 436 0
847 3 1852 1
1577 0 498 3
850 3 1900 1
839 0 341 1
992 1801 1653 318
1999 2000 1999 2
917 3 1916 1
874 2 1436 1
512 1 513 1
850 1 851 1
834 1 946 1
632 1 677 1
631 3 1548 1
500 0 499 0
531 0 33 1
738 1 739 1
732 1 810 1
1 2000 2 2
504 1 508 1
519 0 115 1
653 0 309 1
1791 1 1533 4
735 1 736 1
523 1 547 1
807 1 808 1
738 1 813 1
869 2 1392 1
934 3 1933 1
551 0 104 1
696 0 198 1
670 0 343 1
1 3 1946 0
695 1 891 1
1750 1293 967 1345
653 3 626 3
601 1 703 1
553 1 607 1
500 0 454 1
746 1 747 1
837 3 1851 1
959 0 461 1
845 2 1347 1
685 0 372 1
936 3 1966 1
678 1 753 1
1781 4 1995 5
555 0 112 1
978 1 979 1
552 0 107 1
597 1 630 1
858 0 360 1
500 0 39 1
997 4 1699 3
751 2 1252 1
468 1 625 0
500 0 28 1
500 0 283 1
1591 438 921 280
391 955 76 69
667 0 205 1
651 1 702 1
90 662 61 1098
536 1 572 1
705 1 775 1
758 1 759 1
245 0 489 0
450 1 984 0
780 2 1340 1
815 1 921 1
994 2 731 0
375 1 549 0
686 0 369 1
653 1 769 1
605 0 213 1
769 2 1278 1
845 1 961 1
886 1 996 1
707 2 1164 1
853 3 1869 1
952 3 1968 1
1000 2000 1000 1000
928 0 430 1
630 0 262 1
944 3 1943 1
1647 0 248 3
624 1 667 1
500 0 23 1
514 1 520 1
2000 1999 1999 0
1035 3 1905 2
1605 1 952 3
743 1 744 1
852 2 1369 1
981 2 1481 1
839 2 1379 1
1365 617 1901 488
989 0 491 1
1857 1988 1483 4
562 351 913 38
838 1 952 1
800 0 484 1
639 0 260 1
842 1 957 1
202 3 1900 0
2000 1000 499 1000
526 0 294 1
893 2 1393 1
839 3 1856 1
803 2 1411 1
842 0 344 1
568 1 604 1
820 2 1320 1
734 1 968 1
797 2 1297 1
906 3 1950 1
1999 2000 1 1999
1995 3 697 5
500 0 153 1
507 0 18 1
498 1000 1999 1999
534 1 569 1
721 1 846 1
511 1 523 1
677 1 855 1
708 0 419 1
830 1 960 1
243 1 874 0
561 1 574 1
500 0 395 1
553 0 64 1
653 0 389 1
500 1 501 1
646 1 647 1
564 1 565 1
641 0 143 1
500 0 84 1
500 0 142 1
840 1 954 1
526 1 552 1
1102 3 1701 2
571 1 639 1
795 2 1385 1
244 3 1786 0
208 1448 274 865
649 1 664 1
715 1 719 1
802 1 848 1
364 3 499 1
794 2 1349 1
560 0 157 1
777 2 1333 1
849 1 850 1
641 1 689 1
500 0 396 1
843 0 345 1
500 0 257 1
791 2 1299 1
795 2 1318 1
742 0 244 1
799 2 1324 1
89 1 781 0
579 1 606 1
509 1 519 1
803 2 1410 1
877 2 1454 1
1655 5 1996 3
500 0 217 1
920 3 1919 1
906 3 1949 1
1120 1 498 4
694 1 736 1
851 1 852 1
714 0 216 1
712 1 906 1
601 3 1930 1
240 3 1594 0
90 783 1798 1247
654 1 809 1
787 2 1287 1
587 0 176 1
213 1 498 2
425 1838 1361 1310
432 1 615 0
926 3 1925 1
691 1 882 1
1251 3 1498 2
590 1 591 1
759 0 427 1
915 1 916 1
1614 3 1862 3
525 0 53 1
577 0 90 1
534 0 36 1
768 2 1304 1
675 1 814 1
531 1 562 1
784 1 880 1
701 1 769 1
1756 1 864 3
660 0 172 1
808 2 1308 1
500 0 821 0
695 0 197 1
615 0 232 1
774 0 439 1
656 0 164 1
778 1 850 1
981 3 1980 1
3 1 814 0
252 1 967 0
848 1 965 1
676 0 299 0
888 3 1887 1
737 0 477 1
500 0 414 1
659 0 342 1
1036 1 752 2
500 0 162 1
643 1 773 1
643 1 692 1
985 0 105 1
929 2 1429 1
544 1 560 1
672 1 679 1
586 1 587 1
500 0 287 1
825 2 1475 1
1497 3 1050 5
500 0 230 1
819 1 927 1
498 2 499 2
1508 3 1507 3
810 0 475 1
511 0 273 1
1569 0 500 2
1128 96 806 1536
866 3 1886 1
812 2 1343 1
917 3 1928 1
286 3 1798 0
1626 4 1997 3
352 2 1117 0
772 2 1316 1
839 2 1339 1
806 1536 1128 96
843 1 959 1
830 0 472 1
969 1 970 1
613 1 652 1
532 3 1997 2
929 0 431 1
690 0 383 1
698 1 897 1
500 2000 500 0
500 0 88 1
904 0 406 1
837 3 1836 1
816 1 818 1
725 1 900 1
245 3 1833 0
766 2 1298 1
817 2 1452 1
818 2 1328 1
500 0 31 1
842 3 1870 1
870 2 1431 1
582 0 123 1
740 0 483 1
664 3 1676 1
903 1 904 1
1620 3 1935 3
1984 1 498 4
533 1 545 1
523 1 546 1
500 0 474 1
580 1 660 1
871 3 1986 1
396 3 1956 0
582 1 664 1
1488 1206 1815 326
919 0 421 1
895 1 771 1
831 1 943 1
500 0 146 1
158 1 871 0
1629 2 1996 5
500 0 132 1
245 1 851 0
710 1 711 1
782 2 1346 1
246 3 1964 0
507 0 17 1
552 0 415 1
780 2 1290 1
1877 0 284 3
708 1 778 1
862 3 1948 1
1939 3 1682 3
636 0 274 1
743 0 439 1
848 3 1856 1
843 2 1343 1
825 1 988 1
693 1 758 1
36 4 1497 0
843 0 353 1
522 0 28 1
697 0 397 1
936 0 438 1
530 0 63 1
781 1 995 1
452 3 1713 0
756 1 842 1
801 2 1301 1
722 1 797 1
499 0 1 1000
1718 3 1641 3
977 2 1477 1
649 0 151 1
833 3 1835 1
500 0 30 1
740 1 981 1
945 1 946 1
759 2 1279 1
534 0 70 1
933 2 1433 1
830 2 1371 1
2 1000 500 2
656 0 314 1
771 2 1315 1
842 1 869 1
513 0 138 1
524 1 533 1
1 2 1000 499
866 3 1865 1
869 3 1890 1
538 0 79 1
795 1809 1229 1976
508 0 51 1
558 0 362 1
879 3 1906 1
500 0 452 1
670 0 318 1
552 0 265 1
878 1 879 1
641 0 285 1
500 0 73 1
709 0 211 1
888 2 1458 1
1844 3 1988 3
465 0 483 0
762 2 1288 1
183 4 1995 0
820 2 1427 1
962 594 399 250
632 0 377 1
629 1 630 1
523 0 119 1
1858 1 849 3
509 1 519 1
876 2 1376 1
500 0 49 1
867 3 1887 1
626 0 220 1
761 1 862 1
539 0 81 1
755 1 755 1
537 1 574 1
894 3 1904 1
841 3 1865 1
693 0 388 1
946 2 1472 1
600 1 648 1
617 0 119 1
873 2 1435 1
1953 1 914 3
508 0 27 1
619 1 739 1
915 2 1415 1
911 3 1957 1
933 0 448 1
500 0 237 1
755 1 841 1
889 3 1922 1
670 0 296 1
1229 1 865 2
309 2 1053 0
780 2 1342 1
500 0 393 1
727 1 955 1
855 1 975 1
500 0 79 1
772 0 274 1
737 1 738 1
500 0 328 1
726 3 1684 1
847 0 349 1
870 3 1983 1
884 1 885 1
210 3 1753 0
643 1 695 1
641 0 269 1
1852 0 1104 2
530 1 541 1
695 1 696 1
858 1 859 1
500 0 462 1
1594 1580 1205 1443
753 3 1664 1
498 2 1263 2
808 2 1376 1
579 1 658 1
1680 3 1739 3
657 1 711 1
547 880 970 1842
1996 2 561 6
1616 1 602 3
500 0 397 1
866 3 1964 1
616 1 656 1
846 3 1884 1
666 1 832 1
969 2 1469 1
702 1 904 1
883 3 1882 1
761 2 1283 1
761 1 762 1
949 0 451 1
938 3 1979 1
500 0 310 1
502 0 6 1
924 0 426 1
500 0 364 1
589 1285 760 1589
544 0 80 1
523 0 434 1
640 1 641 1
1075 1242 1005 1351
839 3 1858 1
756 1 843 1
549 0 51 1
752 2 1256 1
729 0 274 1
818 3 1577 1
657 0 316 1
707 1 913 1
946 0 448 1
847 3 1846 1
553 1 569 1
524 1 525 1
586 1 673 1
651 0 320 1
864 3 1851 1
1649 3 1518 3
754 2 1259 1
699 1 730 1
631 0 133 1
558 0 215 1
500 0 117 1
936 2 1436 1
798 2 1313 1
911 3 1971 1
856 3 1860 1
600 1 658 1
979 2 1479 1
765 2 1288 1
639 0 196 1
84 0 150 2
898 0 400 1
874 2 1422 1
830 2 1491 1
739 0 481 1
1 499 1999 1000
500 1000 1000 1
651 0 304 1
857 3 1929 1
629 1 758 1
1820 1 1754 1
919 1 973 1
716 1 932 1
500 0 362 1
891 1 892 1
722 1 945 1
949 2 1449 1
949 1 950 1
755 0 257 1
500 0 74 1
808 2 1424 1
768 2 1277 1
418 1519 906 1413
825 2 1363 1
791 2 1291 1
892 3 1891 1
103 0 498 2
556 3 935 1
815 2 1447 1
976 0 478 1
1927 2 1443 3
2 1 1999 1999
531 1 532 1
1510 1 830 3
383 1 692 0
500 0 32 1
775 1 868 1
850 3 1902 1
787 2 1306 1
857 2 1438 1
572 0 343 1
656 1 657 1
784 2 1352 1
809 2 1427 1
584 1 606 1
523 0 239 1
797 2 1392 1
588 0 179 1
105 3 1946 0
389 0 144 0
591 0 112 1
103 3 1522 0
1538 4 1771 5
1213 1818 1003 980
765 1 854 1
689 1 690 1
1119 1 1666 0
541 0 181 1
1954 3 1628 3
663 1 718 1
556 0 152 1
890 3 1912 1
988 1 989 1
187 707 25 1709
592 0 187 1
1704 3 1581 3
617 1 636 1
546 0 95 1
538 0 101 1
444 2 1049 0
499 2 498 2
576 1 577 1
889 2 1459 1
500 0 166 1
601 0 66 1
756 2 1259 1
526 3 1624 1
916 1 917 1
606 1 637 1
604 0 106 1
713 0 215 1
590 0 182 1
703 1 906 1
552 1 605 1
858 1 978 1
890 2 1390 1
526 1 534 1
544 0 90 1
622 0 247 1
1875 0 422 3
837 2 1364 1
631 0 264 1
780 0 282 1
699 0 400 1
640 0 283 1
899 3 1898 1
528 0 142 1
500 0 116 1
842 3 1866 1
536 0 38 1
672 1 845 1
539 1 578 1
726 0 228 1
618 1 668 1
280 1728 1761 1367
1700 1 1552 2
904 1 905 1
82 4 1244 2
699 1 816 1
1575 0 69 3
668 1 501 1
664 0 331 1
865 0 367 1
690 1 880 1
533 1 555 1
500 0 259 1
64 1358 1901 1907
499 2 1000 1
1918 0 9 3
843 3 1873 1
500 0 144 1
822 2 1466 1
506 0 184 1
800 2 1300 1
556 0 115 1
825 2 1348 1
548 0 99 1
1847 870 430 309
955 0 457 1
959 1 960 1
834 3 1838 1
1972 0 206 3
427 1 897 0
912 1 525 1
859 3 1924 1
823 0 385 1
679 0 360 1
609 1 719 1
749 1 833 1
1497 2 425 0
891 2 1462 1
500 0 385 1
635 1 770 1
857 3 1917 1
851 3 1906 1
808 2 1338 1
868 0 191 1
616 1 733 1
953 0 455 1
498 1 1798 1
699 1 700 1
700 3 1661 1
535 0 388 1
47 3 1649 0
1496 3 1523 2
677 1 734 1
785 2 1357 1
126 3 1997 2
519 1 528 1
800 2 1400 1
573 1 587 1
812 2 1437 1
851 3 1905 1
652 0 276 1
876 2 1437 1
811 2 1401 1
635 1 771 1
867 2 1367 1
675 0 177 1
499 5 1854 3
809 0 311 1
1650 1813 1972 10
807 2 1307 1
500 0 352 1
161 0 336 0
787 3 1749 1
623 0 125 1
973 3 1972 1
540 0 104 1
971 0 473 1
500 0 111 1
854 3 1712 1
500 0 281 1
651 1 802 1
616 1 732 1
735 0 472 1
770 1 858 1
908 2 1408 1
500 0 382 1
912 3 1974 1
645 0 381 1
552 1 571 1
500 0 145 1
694 0 321 1
845 2 1393 1
1792 0 131 3
809 2 1309 1
1207 4 1997 0
875 3 1935 1
833 3 1832 1
1930 0 221 3
908 1 909 1
955 2 1455 1
697 1 894 1
500 0 424 1
1968 3 1905 3
793 2 1381 1
83 1607 1392 379
857 3 1931 1
565 1 567 1
530 0 32 1
843 2 1095 1
795 1 895 1
500 0 293 1
791 1 889 1
684 0 370 1
501 1 502 1
502 1 503 1
1000 1000 1000 2000
795 1 796 1
1394 3 1595 2
699 1 767 1
870 3 1892 1
1327 3 1723 2
537 0 39 1
798 1 879 1
848 2 1410 1
776 2 1276 1
516 0 18 1
883 3 1912 1
524 1 549 1
935 1 936 1
750 2 1250 1
944 0 446 1
587 1 675 1
675 1 850 1
833 3 1833 1
1927 3 1640 3
499 1000 2000 1000
592 1 623 1
849 1 966 1
680 0 363 1
668 0 170 1
940 0 442 1
518 0 130 1
500 0 423 1
725 1 801 1
556 0 113 1
650 1 800 1
500 0 425 1
665 1 797 1
1 0 985 0
1586 0 498 2
867 3 1871 1
670 0 326 1
868 3 1901 1
1694 0 139 3
500 0 203 1
754 1 840 1
710 414 1292 1219
560 1 621 1
569 0 140 1
722 0 447 1
680 0 168 1
534 1 568 1
1552 2 1208 3
1918 3 1989 3
662 1 717 1
843 3 1849 1
2000 499 1000 2
500 0 457 1
696 0 394 1
500 0 480 1
873 3 1897 1
732 0 466 1
751 1 820 1
808 1 917 1
528 1 538 1
879 1488 1159 127
906 2 1408 1
631 1 706 1
1478 0 220 2
828 2 1485 1
639 1 640 1
499 2 886 0
705 1 845 1
844 3 1851 1
1699 0 1 4
647 1 697 1
34 3 1510 0
500 0 77 1
1 1 102 0
857 3 1928 1
871 2 1483 1
570 1 602 1
909 3 1954 1
600 1 701 1
536 1 573 1
961 0 463 1
500 0 202 1
500 0 236 1
773 2 1273 1
552 2 1026 1
503 1 504 1
232 0 405 0
837 1 982 1
646 1 793 1
749 1 750 1
914 2 1077 1
735 1 970 1
766 2 1300 1
878 2 1378 1
194 734 1205 522
813 1 814 1
500 0 38 1
885 3 1897 1
724 0 268 1
764 2 1294 1
865 1 988 1
913 0 415 1
735 1 888 1
523 0 290 1
1545 1861 223 1440
500 0 448 1
760 1 808 1
715 1 931 1
854 0 356 1
500 0 54 1
500 0 149 1
500 0 205 1
612 1 725 1
1004 3 1914 2
547 0 97 1
660 1 714 1
500 0 134 1
500 0 346 1
826 2 1365 1
856 2 1356 1
859 2 1359 1
916 3 1976 1
1685 3 1886 3
589 1 678 1
843 2 1390 1
878 2 1443 1
860 3 1941 1
623 1 686 1
1861 3 1944 3
716 0 218 1
1687 0 20 1
582 1 665 1
1301 1606 1336 1859
973 0 475 1
932 0 434 1
592 0 94 1
861 1 580 1
788 1 789 1
500 0 87 1
836 2 1379 1
774 1 867 1
584 1 594 1
1761 1367 280 1728
162 3 1607 0
745 2 1475 1
814 2 1314 1
911 3 1944 1
637 1 638 1
1927 0 286 3
884 1 890 1
455 462 884 564
904 3 1946 1
558 1 616 1
569 1 598 1
653 4 2000 1
820 2 1461 1
164 3 1855 0
500 0 358 1
574 1 600 1
1934 3 1764 3
851 2 1421 1
2 2000 2000 1000
3 3 1969 0
635 0 273 1
801 0 331 1
948 2 1448 1
1996 1 1930 3
754 2 1263 1
818 2 1353 1
499 2000 499 2000
826 2 1414 1
500 0 485 1
627 1 755 1
1569 0 431 3
500 0 218 1
844 3 1876 1
828 1 939 1
510 1 514 1
500 0 384 1
1770 1 1956 4
1657 2 1401 3
506 0 15 1
500 0 487 1
801 0 303 1
633 0 268 1
897 2 1489 1
312 4 1217 2
1783 1 951 3
767 2 1303 1
587 0 320 1
500 0 284 1
713 0 429 1
646 1 696 1
786 2 1305 1
878 3 1877 1
981 1 982 1
770 0 998 1
918 1 919 1
1855 3 1677 3
632 0 267 1
112 3 1981 0
655 0 157 1
1996 1 1700 1
990 0 492 1
1996 4 1824 1
500 0 154 1
511 0 13 1
872 2 1434 1
699 0 401 1
1098 3 1634 0
1999 1999 2 1
501 1 503 1
674 1 767 1
560 0 122 1
549 0 500 0
631 1 762 1
500 0 89 1
673 1 846 1
1960 1 571 3
964 2 1464 1
831 0 333 1
700 0 402 1
1454 1 634 2
640 0 465 1
780 1 786 1
612 1 654 1
618 1426 628 1512
845 3 1881 1
1298 323 761 1524
733 0 235 1
939 3 1938 1
672 0 346 1
628 0 286 1
109 2 1497 0
731 1 833 1
508 1 510 1
580 0 162 1
898 3 1936 1
594 1 626 1
886 3 1918 1
765 2 1273 1
841 3 1845 1
878 3 1905 1
776 2 1289 1
790 2 1310 1
558 1 579 1
620 1 633 1
932 422 598 899
643 1 660 1
893 3 1540 1
699 1 899 1
289 240 611 136
644 0 213 1
534 0 103 1
598 0 136 1
781 1 876 1
530 1 548 1
675 1 699 1
895 3 1932 1
1101 963 340 224
512 0 27 1
852 2 1352 1
941 3 1940 1
789 2 1289 1
500 0 427 1
545 1 561 1
851 0 353 1
1632 3 1535 3
672 1 730 1
524 1 548 1
888 2 1457 1
837 0 339 1
562 0 64 1
681 1 682 1
1498 0 859 2
766 2 1274 1
723 1 946 1
668 1 669 1
820 2 1425 1
343 1 740 0
846 1 962 1
563 0 129 1
788 2 1288 1
814 0 316 1
1937 0 99 5
955 1 956 1
661 0 325 1
894 1 895 1
522 1 545 1
712 0 427 1
533 1 567 1
500 0 9 1
879 2 1403 1
687 0 377 1
540 1 578 1
840 1 909 1
605 1 641 1
982 0 484 1
635 1 681 1
1606 0 415 3
576 1 602 1
966 3 1965 1
979 3 1978 1
889 3 1990 1
907 1 908 1
678 1 738 1
482 0 357 0
880 3 1879 1
703 1 704 1
872 3 1893 1
740 1 821 1
499 499 2000 1999
1929 1 616 3
1218 0 260 0
854 2 1407 1
788 2 1307 1
564 1 618 1
590 1 621 1
391 337 1831 1942
500 0 376 1
899 0 476 1
906 1 907 1
747 0 496 1
769 1 770 1
653 3 1603 1
592 1 684 1
499 1999 500 2
916 3 1915 1
890 3 1985 1
918 2 1418 1
782 2 1347 1
567 1 590 1
819 0 321 1
665 1 831 1
1147 0 409 2
683 1 787 1
726 1 727 1
807 1 911 1
1901 1 991 3
711 1 923 1
500 0 338 1
659 2 1213 1
678 1 739 1
869 3 1875 1
723 1 947 1
248 997 893 594
734 0 470 1
950 1 951 1
819 2 1319 1
1727 0 153 3
915 3 1914 1
830 2 1406 1
912 2 1494 1
787 1 788 1
556 1 612 1
886 3 1885 1
1560 77 56 1789
713 1 785 1
891 3 1890 1
787 1 884 1
862 3 1879 1
833 2 1386 1
534 1 546 1
906 1413 418 1519
1922 475 1642 1745
840 3 1861 1
689 0 191 1
1721 0 494 3
835 3 1840 1
919 3 1971 1
643 0 288 1
575 1 576 1
500 0 216 1
1913 2 1421 3
1656 317 1415 1627
560 1 570 1
913 38 562 351
527 0 99 1
866 0 305 1
518 1 536 1
816 0 318 1
762 1 937 1
616 1 638 1
721 1 722 1
683 1 745 1
725 999 1699 1993
274 623 175 216
893 227 176 1657
614 1 653 1
700 1 701 1
961 1 962 1
558 0 60 1
853 1 972 1
839 3 1850 1
500 0 282 1
921 280 1591 438
727 0 456 1
834 2 1377 1
754 0 628 0
763 1 896 1
536 1 549 1
500 0 2 1
943 3 1958 1
965 3 1964 1
1623 0 442 3
687 1 875 1
637 1 774 1
521 0 45 1
540 1 581 1
709 0 421 1
947 2 1447 1
1227 0 270 2
86 505 437 482
780 1 781 1
2 2 1 2000
890 2 1420 1
731 0 233 1
572 0 74 1
650 1 741 1
856 1 857 1
1644 1 972 3
500 0 225 1
511 3 1806 1
842 2 1388 1
860 3 1859 1
941 3 1993 1
592 0 336 1
1794 2 1996 5
779 1 856 1
817 1 924 1
866 2 1465 1
763 0 265 1
938 3 1937 1
897 1 898 1
500 0 398 1
590 0 92 1
606 1 642 1
919 2 1419 1
1724 163 1384 1745
850 3 1860 1
796 2 1389 1
657 1 814 1
532 1 544 1
840 3 1844 1
869 3 1979 1
572 1 645 1
1555 1 819 3
764 2 1293 1
998 3 1546 3
108 0 141 0
599 0 201 1
869 1 870 1
588 1 677 1
800 0 406 1
663 1 705 1
812 2 1312 1
947 3 1946 1
758 2 1275 1
726 0 455 1
1392 3 1839 2
499 1999 1 1999
500 0 179 1
980 1 981 1
808 1 912 1
642 0 144 1
552 1 604 1
917 1 951 1
748 0 250 1
845 2 1370 1
1565 1 990 3
801 1 802 1
659 0 161 1
866 3 1934 1
940 1 941 1
513 0 483 1
802 2 1406 1
848 1 849 1
703 1 907 1
528 0 174 1
704 0 473 1
219 1 927 0
624 1 625 1
500 0 305 1
957 3 1991 1
1662 3 1768 3
1996 0 1375 1
1381 3 1619 2
1734 0 136 3
1547 4 1587 2
1627 0 387 3
898 3 1911 1
881 3 1880 1
874 3 1899 1
1512 1 919 3
1558 3 1983 3
503 0 5 1
630 1 760 1
750 2 1251 1
796 2 1319 1
1868 0 260 3
701 0 203 1
500 0 250 1
1679 2 1356 3
547 1 595 1
962 0 464 1
651 11 988 632
656 1 673 1
871 3 1961 1
1972 3 1514 3
1934 3 1886 3
644 1 789 1
500 0 380 1
810 0 375 1
723 1 724 1
552 1 570 1
634 1 680 1
1618 3 1549 3
510 3 1897 1
500 2 499 1999
500 0 198 1
855 1 571 1
648 254 198 900
611 1 722 1
929 3 1986 1
543 1 544 1
500 0 130 1
549 1 564 1
587 0 177 1
797 0 299 1
697 0 395 1
914 1 555 1
594 1 688 1
514 3 1995 3
648 1 797 1
745 0 247 1
486 1 546 0
1377 2 1845 0
1073 352 969 183
821 2 1464 1
831 1 832 1
661 0 261 1
1714 3 1701 3
850 1 968 1
782 1 877 1
758 1 793 1
649 0 300 1
732 1 964 1
759 1 804 1
806 2 1418 1
606 0 215 1
611 1 649 1
1123 649 1596 1287
500 0 482 1
116 2 1041 0
697 0 199 1
683 0 185 1
811 2 1433 1
669 0 267 1
821 2 1366 1
866 2 1366 1
800 2 1338 1
500 0 175 1
628 0 130 1
757 2 1257 1
693 1 847 1
500 0 6 1
808 1 963 1
500 0 187 1
693 1 886 1
779 2 1293 1
855 3 1920 1
575 1 601 1
526 1 527 1
55 0 153 0
850 2 1365 1
815 2 1315 1
500 0 315 1
870 2 1370 1
500 0 440 1
710 0 422 1
561 0 63 1
582 0 167 1
889 3 1937 1
891 0 393 1
408 1 368 2
500 0 165 1
754 1 757 1
801 2 1404 1
990 3 1989 1
774 2 1287 1
767 2 1267 1
925 2 1472 1
775 2 1326 1
698 0 287 1
607 1 644 1
792 1 890 1
754 1 755 1
861 3 1946 1
901 2 1449 1
500 0 68 1
1708 2 1418 3
750 2 1250 1
924 1 933 1
871 0 373 1
723 2 1278 1
564 0 264 1
874 2 1451 1
535 1 548 1
805 2 1333 1
988 2 1102 1
509 0 25 1
953 1 954 1
651 1 703 1
598 0 199 1
826 2 1326 1
1770 1 667 3
612 0 114 1
2000 1000 498 1
724 1 948 1
597 0 196 1
678 0 358 1
862 3 1949 1
983 3 1982 1
574 1 588 1
814 2 1346 1
585 1 601 1
1925 2 1311 3
500 0 416 1
942 3 1941 1
500 0 45 1
500 0 83 1
822 1 931 1
574 2 1186 1
660 0 488 1
535 0 72 1
1837 3 1523 3
757 2 1607 2
785 1 881 1
76 69 391 955
818 1 925 1
796 2 1382 1
554 1 608 1
696 0 395 1
854 2 1406 1
