17 5000
10 2 44 0
28 1 29 1
23 1 25 1
6 56 35 75
25 0 13 1
23 1 24 1
50 7 1 16
30 1 31 1
21 0 5 1
23 1 25 1
19 1 20 1
25 1 28 1
61 3 59 3
30 3 66 1
29 3 64 1
31 3 67 1
21 0 9 1
21 4 72 1
30 0 14 1
21 1 24 1
18 0 2 1
39 13 61 56
38 34 29 64
29 3 64 1
18 0 15 1
23 0 7 1
30 3 66 1
19 57 36 31
32 3 67 1
53 14 72 52
19 0 9 1
29 2 48 1
28 2 48 1
29 3 67 1
75 2 41 4
23 0 12 1
23 1 24 1
28 1 33 1
30 3 66 1
42 61 71 66
5 61 30 5
25 1 29 1
19 1 20 1
20 0 7 1
27 0 11 1
18 0 7 1
26 0 10 1
19 1 20 1
4 4 69 0
24 1 27 1
55 2 48 3
26 2 44 1
24 1 27 1
18 0 12 1
19 0 3 1
24 1 31 1
24 1 31 1
70 4 70 4
18 0 12 1
40 2 70 0
29 3 64 1
32 2 50 1
18 0 14 1
27 0 15 1
22 0 6 1
23 1 28 1
26 2 44 1
63 0 5 3
25 1 33 1
32 2 50 1
21 0 5 1
69 0 9 4
18 2 1 1
24 1 27 1
31 54 68 52
29 2 47 1
30 3 65 1
19 0 5 1
74 17 17 17
21 1 24 1
31 1 32 1
28 2 49 1
21 0 5 1
26 0 10 1
25 0 9 1
17 74 1 74
20 0 8 1
29 3 64 1
8 2 37 0
20 1 21 1
11 31 34 50
70 0 16 4
69 0 13 4
22 1 25 1
30 2 50 1
24 0 9 1
31 2 49 1
18 0 12 1
9 4 69 2
22 1 23 1
24 0 14 1
30 3 65 1
18 0 2 1
31 3 67 1
44 1 20 2
22 1 26 1
22 0 11 1
63 3 57 3
6 0 2 0
25 0 14 1
27 1 28 1
29 3 65 1
32 3 67 1
21 0 9 1
72 3 66 4
24 1 30 1
32 1 33 1
18 0 3 1
22 1 24 1
73 0 1 4
22 0 15 1
22 1 25 1
20 1 23 1
56 1 17 3
27 1 28 1
29 2 47 1
26 2 44 1
29 2 49 1
25 1 33 1
20 0 4 1
60 3 64 3
17 74 18 2
25 0 9 1
19 1 20 1
23 0 13 1
31 3 66 1
26 1 30 1
18 0 7 1
16 1 28 0
30 2 48 1
18 1 19 1
28 2 50 1
24 0 14 1
69 6 75 3
60 1 23 3
18 0 11 1
25 0 16 1
25 0 14 1
23 1 28 1
24 1 30 1
18 0 3 1
23 1 24 1
30 0 14 1
18 1 19 1
28 1 29 1
27 3 65 1
35 3 59 2
31 2 50 1
68 0 44 4
18 0 4 1
27 0 11 1
18 0 2 1
29 3 64 1
26 2 44 1
6 41 11 45
18 0 4 1
19 1 20 1
29 2 49 1
4 17 11 53
20 1 21 1
18 0 16 1
30 3 67 1
21 0 5 1
24 0 10 1
25 0 12 1
2 2 1 75
19 0 4 1
29 1 30 1
19 0 4 1
18 0 16 1
29 0 13 1
19 1 20 1
25 1 33 1
19 1 20 1
31 2 49 1
25 0 16 1
23 0 8 1
27 1 30 1
25 1 26 1
19 0 7 1
21 0 9 1
29 1 30 1
25 1 32 1
21 1 25 1
70 0 3 4
12 1 27 0
26 0 13 1
25 1 27 1
24 0 8 1
68 0 22 1
70 3 67 4
28 2 47 1
24 4 68 1
27 2 45 1
31 2 49 1
20 1 21 1
25 1 26 1
27 2 46 1
23 1 28 1
73 2 67 6
19 0 5 1
19 1 20 1
20 0 7 1
26 1 27 1
18 0 14 1
32 2 50 1
23 1 26 1
29 3 65 1
19 0 3 1
29 3 64 1
23 1 26 1
31 3 67 1
27 0 11 1
25 1 27 1
22 0 10 1
18 0 5 1
8 0 14 0
29 2 47 1
16 0 75 1
26 1 30 1
22 0 16 1
41 37 15 41
25 0 16 1
20 1 21 1
23 1 28 1
4 4 74 0
38 1 18 37
32 1 33 1
62 3 64 3
29 2 48 1
23 1 26 1
20 0 7 1
23 1 29 1
36 4 74 2
18 3 62 0
19 1 21 1
21 0 8 1
24 0 15 1
27 2 45 1
30 1 31 1
28 2 46 1
18 1 19 1
54 0 35 2
28 2 46 1
28 1 32 1
22 3 61 1
18 0 14 1
1 0 51 0
31 3 67 1
23 1 29 1
29 3 64 1
19 0 7 1
22 1 23 1
10 4 70 0
22 1 27 1
18 0 2 1
26 1 27 1
19 0 3 1
21 0 5 1
26 1 27 1
29 2 49 1
25 1 26 1
21 3 65 1
19 1 20 1
21 0 8 1
23 0 11 1
51 2 13 4
18 0 3 1
30 1 31 1
22 3 67 1
27 73 22 37
20 1 23 1
32 1 33 1
18 0 16 1
21 1 23 1
18 0 74 2
18 0 6 1
48 4 75 0
29 3 64 1
40 3 61 2
24 1 25 1
19 1 20 1
19 1 20 1
23 0 12 1
75 0 13 4
24 0 8 1
25 1 33 1
20 0 8 1
28 2 48 1
20 0 14 1
22 1 24 1
30 3 67 1
29 3 64 1
29 63 65 1
27 2 46 1
19 1 21 1
32 2 50 1
28 1 32 1
4 3 56 0
10 0 8 0
57 0 16 5
18 0 8 1
18 0 2 1
32 2 50 1
49 3 61 2
32 1 33 1
19 0 5 1
35 31 4 57
20 1 23 1
58 73 20 16
25 1 26 1
29 3 65 1
18 0 3 1
27 2 46 1
19 1 21 1
27 2 46 1
28 2 49 1
29 2 49 1
22 1 27 1
18 0 6 1
25 0 16 1
29 3 65 1
32 0 16 1
30 3 65 1
21 0 5 1
31 3 67 1
69 1 16 3
29 2 48 1
73 75 75 26
24 1 27 1
19 1 21 1
26 0 10 1
24 0 12 1
21 1 25 1
24 1 26 1
14 0 11 0
31 0 15 1
21 0 5 1
31 2 49 1
18 0 2 1
28 2 49 1
18 0 5 1
75 37 17 37
60 3 65 3
38 37 16 0
20 1 22 1
18 1 19 1
29 64 38 34
27 2 45 1
6 3 61 0
21 0 8 1
26 1 30 1
20 0 6 1
22 1 26 1
63 0 9 3
25 3 21 1
24 1 25 1
26 1 27 1
22 1 24 1
30 2 50 1
18 1 19 1
21 0 5 1
28 2 46 1
20 0 5 1
51 55 60 4
23 1 26 1
31 3 66 1
1 1 38 0
67 3 67 3
31 3 66 1
18 0 2 1
30 3 67 1
24 4 72 1
19 1 20 1
21 1 23 1
59 3 61 3
29 2 48 1
28 2 49 1
66 2 46 3
29 3 64 1
19 0 4 1
24 1 26 1
25 0 11 1
67 2 21 4
29 3 64 1
18 0 16 1
24 0 15 1
26 0 13 1
75 1 20 4
25 0 9 1
27 1 28 1
10 0 16 0
26 1 30 1
6 0 9 0
25 1 22 1
27 2 46 1
18 2 16 0
31 3 67 1
20 3 62 1
73 3 67 4
19 1 21 1
2 75 74 1
29 3 65 1
19 1 20 1
26 2 44 1
20 0 4 1
15 3 52 0
18 0 4 1
28 0 15 1
27 1 30 1
20 0 9 1
34 2 17 3
27 2 47 1
23 1 26 1
23 0 12 1
29 3 64 1
29 3 65 1
53 73 11 33
10 1 30 0
24 1 26 1
69 3 57 4
19 0 3 1
62 1 31 3
18 1 1 17
13 4 75 0
20 0 4 1
18 0 15 1
19 0 2 1
23 1 24 1
29 3 64 1
29 3 64 1
27 2 47 1
32 1 33 1
75 1 21 4
74 17 38 0
20 1 22 1
21 1 24 1
18 0 14 1
27 1 30 1
26 2 44 1
19 0 14 1
1 0 2 1
28 1 29 1
64 67 1 33
69 2 15 5
18 0 2 1
22 1 24 1
29 3 64 1
21 1 23 1
15 47 36 59
74 1 26 4
22 0 10 1
27 2 46 1
27 2 46 1
28 0 12 1
72 1 20 4
18 0 6 1
24 0 14 1
18 0 6 1
32 1 33 1
19 3 59 1
22 1 23 1
25 1 28 1
23 1 26 1
21 0 5 1
18 0 7 1
20 1 21 1
24 0 8 1
60 2 45 3
30 3 66 1
24 1 31 1
51 2 68 5
24 1 28 1
59 1 29 4
28 2 46 1
19 1 20 1
20 1 22 1
70 3 63 4
28 1 31 1
20 1 22 1
25 1 29 1
38 0 10 2
41 3 61 2
74 3 59 4
75 75 18 17
4 1 33 0
72 0 8 4
18 1 19 1
30 3 67 1
29 0 13 1
18 0 7 1
18 0 2 1
28 2 48 1
20 1 29 1
28 2 46 1
22 1 25 1
19 1 21 1
24 1 31 1
23 0 12 1
25 1 29 1
27 2 46 1
28 2 49 1
32 1 33 1
42 2 45 2
22 0 6 1
20 0 4 1
27 0 11 1
9 4 71 0
18 0 2 1
9 0 16 2
21 1 24 1
18 1 19 1
30 3 66 1
18 1 19 1
27 1 28 1
22 0 7 1
22 1 23 1
26 1 30 1
21 1 25 1
18 0 5 1
19 0 4 1
63 3 62 3
29 2 48 1
22 0 6 1
22 0 11 1
19 1 20 1
30 3 65 1
22 1 25 1
23 1 29 1
28 1 29 1
32 3 67 1
30 2 48 1
31 3 67 1
18 0 2 1
33 1 24 1
24 1 27 1
66 1 29 3
29 3 65 1
20 1 21 1
20 1 22 1
27 2 45 1
18 75 38 74
27 2 46 1
18 0 4 1
20 0 7 1
18 0 6 1
22 0 14 1
30 3 66 1
56 1 23 3
29 3 64 1
20 0 6 1
29 3 64 1
48 3 65 2
23 1 28 1
25 1 32 1
29 1 30 1
27 2 46 1
8 3 54 0
28 2 46 1
40 1 20 2
22 1 26 1
18 0 11 1
18 0 4 1
24 1 30 1
19 0 3 1
20 0 16 1
1 2 48 0
26 2 44 1
23 1 24 1
15 1 20 0
18 0 2 1
18 0 2 1
74 4 70 4
19 1 20 1
75 0 2 74
27 2 45 1
29 0 13 1
30 3 65 1
20 1 23 1
29 2 48 1
21 0 10 1
18 69 32 34
18 0 15 1
30 3 66 1
25 1 32 1
20 0 4 1
29 3 64 1
29 3 64 1
22 1 24 1
22 0 6 1
24 1 25 1
18 0 2 1
20 1 23 1
30 2 50 1
26 1 30 1
27 2 45 1
22 1 24 1
60 4 70 3
47 1 25 2
24 1 31 1
18 1 19 1
7 6 68 0
18 0 12 1
45 2 43 2
20 1 23 1
29 1 30 1
60 4 70 1
23 1 24 1
29 3 65 1
32 2 50 1
61 3 61 3
27 0 11 1
26 2 44 1
19 1 20 1
18 0 16 1
70 2 42 4
28 2 46 1
18 2 2 37
30 2 48 1
15 0 7 0
28 2 47 1
70 3 60 4
22 0 6 1
19 1 21 1
70 70 38 32
28 0 12 1
31 0 15 1
19 1 20 1
24 0 8 1
12 26 53 73
21 0 5 1
27 1 31 1
29 3 64 1
47 1 22 2
29 2 47 1
27 2 46 1
20 1 22 1
18 0 9 1
18 3 32 1
24 0 8 1
25 0 16 1
30 3 66 1
35 75 6 56
49 3 69 0
30 1 32 1
19 0 9 1
31 3 67 1
20 0 9 1
19 1 21 1
29 0 13 1
29 3 64 1
24 1 27 1
29 1 30 1
19 1 21 1
18 1 19 1
72 3 59 4
30 0 14 1
18 0 2 1
53 20 42 9
20 1 21 1
28 1 29 1
21 0 8 1
30 0 14 1
2 75 75 37
18 0 10 1
31 3 66 1
18 75 18 0
18 0 13 1
20 54 19 37
18 0 3 1
61 56 39 13
18 0 15 1
28 1 32 1
21 1 24 1
2 40 46 9
24 1 31 1
23 0 12 1
70 0 4 4
26 0 15 1
25 4 71 1
61 2 18 5
24 0 14 1
21 0 8 1
29 2 47 1
30 3 67 1
27 1 31 1
22 1 26 1
19 0 4 1
27 2 46 1
18 1 19 1
31 0 15 1
28 2 47 1
70 0 16 4
21 1 22 1
18 0 16 1
18 1 19 1
26 2 44 1
20 0 6 1
18 0 2 1
38 2 75 17
28 1 32 1
69 1 28 4
25 0 15 1
27 2 46 1
28 2 50 1
18 1 19 1
19 1 21 1
28 2 47 1
18 0 10 1
30 3 67 1
31 2 49 1
52 0 13 3
32 1 33 1
19 1 21 1
23 1 30 1
60 45 45 4
19 1 20 1
64 1 56 2
26 2 44 1
29 3 65 1
29 3 65 1
20 1 22 1
6 3 22 74
32 3 67 1
21 0 8 1
22 0 10 1
18 0 14 1
26 1 28 1
66 53 44 13
30 2 50 1
41 2 49 2
2 1 18 0
30 3 66 1
18 0 10 1
18 0 3 1
69 3 61 4
29 3 65 1
29 3 64 1
20 1 21 1
74 1 20 4
29 2 47 1
23 0 7 1
25 1 28 1
18 0 6 1
48 6 70 2
23 0 7 1
29 0 13 1
32 1 33 1
26 0 13 1
24 0 8 1
69 3 63 3
44 0 4 2
25 0 3 1
19 0 3 1
31 1 32 1
24 1 27 1
29 54 24 66
1 37 17 0
26 1 30 1
29 1 31 1
30 1 28 1
18 0 15 1
19 1 20 1
18 1 19 1
60 3 62 3
4 3 59 0
31 0 15 1
23 1 28 1
53 65 54 3
21 1 25 1
18 0 10 1
17 0 26 0
27 2 46 1
21 1 25 1
6 4 69 0
51 5 75 1
28 2 49 1
22 2 39 1
29 2 47 1
27 1 31 1
24 1 31 1
19 1 20 1
30 2 48 1
28 2 46 1
23 0 13 1
24 1 25 1
28 2 48 1
61 64 72 70
21 1 25 1
22 1 26 1
56 27 20 42
23 1 25 1
18 0 8 1
18 1 19 1
2 3 56 0
18 0 2 1
29 0 13 1
31 3 66 1
26 2 44 1
20 0 4 1
30 2 50 1
26 2 44 1
18 0 4 1
28 2 50 1
18 0 8 1
70 4 72 4
28 2 49 1
22 1 23 1
18 0 6 1
73 4 71 4
20 0 6 1
19 1 20 1
75 37 2 75
23 1 24 1
18 0 7 1
24 0 14 1
19 0 4 1
27 1 31 1
26 1 27 1
19 1 21 1
47 23 35 67
26 1 30 1
22 1 25 1
19 0 5 1
19 1 20 1
18 0 12 1
18 0 14 1
14 65 2 22
32 0 16 1
31 3 67 1
48 3 60 2
21 0 9 1
21 0 7 1
21 0 9 1
30 3 67 1
27 0 11 1
18 0 15 1
24 0 9 1
21 1 22 1
22 1 25 1
18 1 19 1
8 24 13 47
23 0 7 1
24 0 8 1
30 0 11 1
19 1 21 1
40 3 67 4
18 0 12 1
23 1 26 1
29 0 14 1
30 3 65 1
29 2 49 1
32 0 16 1
30 2 50 1
50 3 29 23
61 0 1 2
18 1 19 1
32 1 33 1
18 0 15 1
22 0 11 1
18 0 2 1
31 3 66 1
30 1 31 1
28 1 29 1
29 2 47 1
20 1 22 1
27 2 47 1
28 2 48 1
19 0 5 1
20 0 4 1
25 1 32 1
25 2 44 1
18 0 14 1
28 1 33 1
20 0 9 1
2 0 11 0
28 2 50 1
18 0 2 1
25 1 29 1
29 2 47 1
23 1 24 1
66 1 24 3
23 1 26 1
34 14 65 66
31 1 32 1
19 0 15 1
30 3 67 1
24 1 28 1
23 1 26 1
32 0 16 1
27 0 11 1
23 0 15 1
68 40 61 49
16 75 16 17
3 3 61 0
30 3 65 1
28 2 46 1
21 0 8 1
25 1 29 1
19 0 4 1
35 3 53 2
27 2 45 1
14 3 63 0
19 1 20 1
20 1 23 1
26 1 28 1
23 1 28 1
27 2 45 1
23 1 26 1
29 1 32 1
18 0 16 1
18 0 7 1
73 0 16 4
18 0 2 1
19 1 20 1
30 0 14 1
19 0 3 1
26 0 12 1
24 1 25 1
28 0 13 1
19 0 4 1
67 0 14 3
29 3 64 1
26 3 63 1
25 0 13 1
18 0 11 1
18 1 19 1
59 1 28 3
31 1 32 1
18 0 8 1
74 1 2 75
23 4 75 1
28 0 1 1
31 3 67 1
24 1 31 1
71 1 25 4
69 52 48 53
20 0 4 1
74 27 29 50
25 1 26 1
27 2 45 1
26 2 44 1
22 1 27 1
28 2 46 1
19 1 20 1
30 1 31 1
22 1 23 1
21 1 23 1
27 0 12 1
29 2 48 1
30 2 48 1
57 0 3 3
29 2 47 1
49 56 50 32
73 0 5 4
75 26 73 75
51 0 38 0
27 0 11 1
23 60 29 64
21 0 9 1
28 0 5 1
59 3 62 3
20 0 10 1
65 1 16 1
20 0 4 1
27 2 45 1
48 3 63 2
18 0 2 1
37 3 21 1
25 0 16 1
18 0 3 1
16 1 19 0
21 1 22 1
69 1 33 4
71 5 22 28
19 1 21 1
2 4 31 23
27 2 45 1
30 4 75 1
16 4 64 0
1 2 71 1
32 3 67 1
45 1 29 2
27 0 11 1
28 1 29 1
26 0 10 1
23 1 28 1
28 2 46 1
22 1 24 1
29 2 16 1
16 74 38 2
31 4 69 1
14 4 70 0
18 0 2 1
29 2 47 1
20 1 22 1
45 0 25 0
64 3 67 1
22 74 6 3
35 67 47 23
25 1 26 1
23 0 15 1
28 1 33 1
20 1 22 1
30 3 65 1
22 0 10 1
20 0 7 1
25 1 28 1
18 0 3 1
32 0 16 1
75 4 75 4
28 2 47 1
68 66 66 6
22 1 24 1
18 0 13 1
29 1 30 1
21 1 24 1
25 1 33 1
25 0 12 1
10 1 25 0
22 1 27 1
28 2 46 1
18 0 7 1
18 0 6 1
8 3 51 1
23 1 26 1
23 1 28 1
22 1 24 1
69 46 31 72
19 1 21 1
18 1 19 1
21 1 25 1
26 1 27 1
18 0 2 1
28 0 12 1
18 0 5 1
23 1 29 1
19 3 67 1
8 22 69 55
25 1 32 1
20 1 23 1
25 1 33 1
18 0 16 1
22 1 26 1
28 2 48 1
30 1 31 1
18 0 14 1
18 0 14 1
22 0 11 1
27 2 45 1
26 0 10 1
2 17 17 37
3 1 31 0
28 1 33 1
25 1 33 1
60 1 28 3
68 5 60 2
8 54 34 3
75 2 74 1
18 0 9 1
48 3 61 2
52 0 12 3
30 2 50 1
22 1 24 1
67 1 26 3
24 0 14 1
70 3 65 4
31 3 66 1
28 1 29 1
2 4 72 0
75 0 38 37
18 0 2 1
19 0 10 1
24 1 27 1
21 1 22 1
27 2 47 1
31 0 15 1
18 0 12 1
25 1 33 1
28 0 12 1
28 2 46 1
26 2 44 1
20 0 4 1
22 1 26 1
20 1 22 1
22 0 6 1
25 1 26 1
2 2 36 0
42 7 61 23
37 45 29 14
19 1 21 1
29 2 48 1
9 6 68 9
30 1 31 1
31 72 69 46
31 2 49 1
21 0 9 1
18 0 7 1
28 2 47 1
71 1 23 4
20 1 22 1
18 1 19 1
18 1 19 1
21 0 9 1
25 0 9 1
14 3 66 0
26 1 30 1
26 0 10 1
28 2 46 1
26 1 33 1
68 1 47 6
28 1 30 1
24 1 25 1
24 1 30 1
18 0 4 1
29 2 49 1
59 2 37 3
67 0 10 5
22 1 25 1
74 3 64 4
23 0 13 1
20 0 5 1
74 3 64 4
18 0 8 1
18 0 5 1
29 0 16 1
1 1 26 0
31 3 62 1
27 2 46 1
27 1 28 1
37 1 33 2
18 0 2 1
27 1 33 1
41 1 10 4
27 0 11 1
26 2 44 1
18 0 15 1
27 2 47 1
28 0 12 1
32 1 33 1
22 1 27 1
23 1 29 1
21 1 25 1
28 2 48 1
18 0 9 1
18 0 13 1
18 0 5 1
18 0 8 1
29 3 65 1
69 0 13 4
32 2 45 1
24 1 30 1
32 0 16 1
22 1 27 1
31 0 15 1
24 1 25 1
18 0 5 1
18 1 19 1
18 1 19 1
30 0 15 1
27 2 45 1
70 0 6 4
20 0 7 1
25 0 16 1
19 0 12 1
20 1 22 1
19 1 20 1
20 1 22 1
18 1 19 1
21 1 25 1
26 2 44 1
27 2 45 1
18 0 8 1
18 0 7 1
19 1 20 1
10 1 29 0
22 0 6 1
20 0 5 1
29 48 43 41
24 1 25 1
27 2 45 1
21 0 5 1
19 0 9 1
30 2 48 1
26 1 29 1
18 2 17 74
20 0 9 1
2 64 61 60
25 1 29 1
27 2 45 1
18 0 13 1
28 2 49 1
24 1 27 1
21 1 22 1
29 0 16 1
24 1 30 1
31 1 19 1
21 0 5 1
18 0 15 1
30 3 66 1
22 1 26 1
20 1 21 1
19 1 21 1
22 1 26 1
29 3 65 1
18 0 16 1
22 1 27 1
30 3 61 1
18 0 16 1
61 23 42 7
31 0 16 1
18 0 14 1
26 2 44 1
20 0 6 1
30 3 67 1
27 2 46 1
18 0 8 1
27 2 45 1
20 0 16 1
20 1 23 1
74 74 16 1
19 0 3 1
21 0 5 1
65 3 64 3
19 0 4 1
18 37 38 1
21 1 24 1
23 1 24 1
3 2 49 0
9 34 20 34
26 1 27 1
20 0 7 1
17 3 70 0
20 0 16 1
25 1 26 1
25 1 28 1
29 2 49 1
26 1 30 1
28 0 14 1
24 64 12 43
64 0 5 3
25 0 12 1
18 0 9 1
34 50 11 31
24 0 14 1
64 70 39 60
28 2 49 1
64 2 68 3
30 3 65 1
27 0 13 1
18 0 2 1
29 0 13 1
32 2 50 1
21 1 24 1
26 2 44 1
27 2 46 1
29 2 48 1
22 1 26 1
24 1 29 1
18 0 11 1
19 1 20 1
18 0 3 1
20 0 6 1
31 0 15 1
24 1 25 1
72 4 73 4
18 0 7 1
66 4 71 3
18 0 6 1
28 2 47 1
62 3 61 3
29 2 47 1
25 1 28 1
66 3 67 5
24 1 27 1
23 0 13 1
60 4 74 3
31 1 32 1
34 0 3 0
69 2 48 4
27 1 31 1
18 1 19 1
31 3 66 1
26 2 44 1
28 2 48 1
20 0 6 1
30 0 10 1
23 1 28 1
38 0 74 17
27 2 45 1
18 1 19 1
32 0 16 1
28 2 46 1
35 65 33 5
25 0 14 1
1 37 1 75
39 1 21 18
1 75 2 2
28 1 29 1
31 1 32 1
21 0 8 1
73 0 6 4
20 0 6 1
25 2 16 0
27 1 31 1
24 0 13 1
32 3 67 1
28 1 29 1
69 3 70 3
24 1 26 1
18 1 19 1
6 3 50 1
25 3 65 1
24 0 10 1
18 0 3 1
21 0 8 1
27 1 30 1
74 4 71 4
19 0 3 1
18 0 10 1
30 2 50 1
30 1 26 1
30 1 31 1
8 33 41 14
28 2 46 1
29 3 64 1
4 30 46 53
23 1 24 1
24 1 27 1
32 1 33 1
18 1 19 1
27 2 45 1
24 1 30 1
27 2 45 1
27 1 28 1
27 1 18 1
30 3 66 1
18 0 9 1
29 2 50 1
23 0 12 1
29 2 48 1
33 4 75 1
23 0 12 1
27 0 11 1
18 0 5 1
22 1 26 1
31 1 32 1
22 1 25 1
32 4 68 2
29 3 65 1
20 0 4 1
26 0 11 1
24 0 10 1
54 4 72 3
73 0 11 4
19 1 20 1
21 0 5 1
27 1 32 1
12 31 32 45
23 1 26 1
24 3 66 1
72 0 9 4
72 1 33 4
28 1 33 1
24 1 30 1
25 1 33 1
17 37 75 37
18 0 2 1
19 1 20 1
29 2 50 1
30 1 31 1
25 1 28 1
22 0 10 1
25 1 33 1
21 18 39 1
29 1 31 1
28 2 48 1
23 1 28 1
30 2 50 1
36 31 19 57
34 0 10 3
27 2 45 1
29 2 50 1
30 3 66 1
30 5 75 0
18 0 12 1
44 5 68 0
28 2 50 1
18 0 8 1
19 0 4 1
50 3 65 4
21 1 22 1
31 0 15 1
30 1 32 1
30 3 65 1
27 1 28 1
18 0 9 1
18 0 16 1
31 3 67 1
19 1 21 1
56 0 9 3
20 1 22 1
23 0 13 1
18 0 2 1
18 0 8 1
18 1 19 1
22 1 26 1
29 3 65 1
18 0 16 1
21 1 22 1
9 2 47 0
20 0 7 1
1 2 38 17
20 0 7 1
27 2 46 1
65 1 33 3
17 2 38 1
56 0 15 3
20 4 75 1
52 4 41 3
28 2 48 1
29 3 65 1
74 2 17 4
24 0 8 1
30 2 50 1
32 3 67 1
27 2 47 1
22 0 11 1
22 0 6 1
24 1 30 1
23 0 11 1
18 0 13 1
19 1 21 1
38 17 1 2
30 1 33 1
18 0 4 1
28 1 33 1
28 1 29 1
74 3 57 4
29 2 47 1
22 1 23 1
27 0 11 1
25 3 60 1
28 0 12 1
69 1 14 4
15 41 41 37
21 1 22 1
30 2 49 1
22 0 10 1
23 0 7 1
25 1 29 1
24 1 31 1
29 2 49 1
16 1 67 2
32 2 50 1
18 0 16 1
18 0 16 1
28 1 33 1
22 0 7 1
5 0 11 0
27 2 45 1
22 1 24 1
26 1 27 1
25 1 33 1
28 1 29 1
11 3 60 0
25 0 9 1
20 1 33 1
25 1 26 1
24 0 8 1
24 0 8 1
28 2 47 1
49 14 9 67
29 2 49 1
9 64 73 23
61 60 2 64
30 3 66 1
29 3 64 1
18 0 10 1
30 4 74 1
16 17 16 75
21 1 24 1
28 2 49 1
20 1 21 1
18 0 2 1
28 0 12 1
29 2 49 1
4 1 22 0
21 0 8 1
2 4 74 0
39 5 64 0
19 1 20 1
20 0 14 1
18 0 9 1
30 3 65 1
18 1 19 1
24 1 27 1
30 3 66 1
16 3 46 2
31 3 67 1
18 0 3 1
32 3 67 1
22 28 71 5
18 0 13 1
19 0 5 1
31 3 67 1
27 2 45 1
28 2 47 1
26 3 73 0
15 3 62 0
28 2 48 1
21 0 16 1
15 0 1 0
27 1 33 1
29 1 30 1
72 1 68 6
30 2 49 1
17 37 2 17
30 1 33 1
28 2 48 1
13 4 71 0
21 0 1 1
24 1 25 1
29 50 74 27
27 2 45 1
41 4 71 2
60 0 16 3
22 1 25 1
32 4 69 1
18 0 14 1
24 0 15 1
64 0 10 3
30 2 50 1
28 1 29 1
26 0 10 1
20 1 23 1
51 1 44 0
1 2 46 0
31 2 50 1
20 1 23 1
65 2 16 2
24 1 27 1
28 2 50 1
19 0 5 1
27 2 45 1
25 1 27 1
19 1 20 1
29 3 64 1
31 2 50 1
23 0 12 1
64 0 16 3
71 3 64 4
66 3 62 3
31 3 60 1
57 1 20 3
26 2 44 1
28 2 48 1
22 1 24 1
26 1 27 1
29 3 64 1
28 1 33 1
32 0 16 1
27 2 45 1
73 1 27 4
18 0 9 1
4 2 43 0
29 0 13 1
30 3 66 1
21 1 22 1
63 0 7 3
25 1 32 1
16 1 23 2
19 1 20 1
27 2 45 1
27 1 28 1
12 4 73 0
28 2 47 1
66 4 75 3
67 4 58 1
28 2 47 1
18 0 6 1
20 0 6 1
70 2 49 4
32 2 50 1
29 2 48 1
29 2 48 1
68 1 3 4
27 2 47 1
18 0 10 1
22 1 27 1
20 1 23 1
26 3 62 1
18 0 2 1
18 0 4 1
29 2 47 1
26 2 44 1
75 0 14 4
24 3 59 1
18 0 10 1
22 1 23 1
24 0 14 1
18 0 14 1
24 1 31 1
23 1 24 1
65 1 29 63
48 53 69 52
16 2 2 0
22 1 24 1
30 0 14 1
18 0 2 1
24 0 14 1
18 0 5 1
71 3 65 4
27 0 11 1
31 3 66 1
22 1 23 1
26 1 27 1
25 1 32 1
27 2 46 1
69 4 73 4
18 1 19 1
22 0 11 1
18 0 3 1
30 2 50 1
27 0 11 1
19 0 5 1
12 0 10 0
26 1 27 1
30 2 48 1
25 1 33 1
8 3 59 0
19 0 3 1
29 1 30 1
11 53 4 17
28 1 30 1
30 1 31 1
18 0 5 1
18 1 19 1
21 1 22 1
28 0 13 1
28 2 50 1
20 42 56 27
11 4 72 0
30 4 70 1
25 1 27 1
26 1 30 1
32 3 67 1
30 2 48 1
18 0 2 1
23 0 13 1
8 4 75 0
18 1 19 1
19 1 21 1
20 1 21 1
21 1 23 1
30 0 14 1
57 65 53 17
18 0 7 1
54 2 49 3
63 0 7 3
22 1 25 1
14 1 21 0
73 1 35 3
74 37 1 17
12 43 24 64
23 1 29 1
23 0 13 1
18 0 5 1
30 3 66 1
27 2 46 1
21 0 8 1
27 2 45 1
22 0 7 1
18 0 8 1
65 3 66 3
19 1 20 1
18 0 12 1
24 0 15 1
27 2 45 1
26 1 27 1
21 1 24 1
18 1 19 1
30 0 14 1
27 1 31 1
28 2 46 1
59 1 42 1
18 0 2 1
25 1 32 1
27 2 46 1
18 0 3 1
19 1 21 1
22 0 6 1
27 1 30 1
27 2 45 1
22 7 33 44
56 2 16 4
19 2 50 1
11 41 47 9
23 0 13 1
33 0 11 1
1 3 65 0
28 2 44 1
20 1 23 1
29 0 13 1
65 3 57 3
29 1 30 1
28 2 47 1
27 1 32 1
18 0 2 1
18 0 8 1
28 2 47 1
18 0 13 1
6 3 64 0
18 1 16 17
18 0 10 1
23 0 13 1
18 0 12 1
22 0 11 1
17 2 5 1
26 2 44 1
23 24 72 0
18 0 8 1
18 0 2 1
23 1 24 1
25 1 28 1
32 3 67 1
21 1 25 1
22 1 25 1
62 3 66 3
59 1 33 3
21 1 25 1
72 4 71 4
30 3 65 1
18 0 5 1
31 2 49 1
32 4 75 1
27 2 46 1
23 1 29 1
32 3 67 1
29 3 65 1
9 31 45 21
69 2 15 6
21 1 24 1
19 0 5 1
13 4 72 0
32 1 33 1
25 0 16 1
30 2 48 1
27 2 45 1
29 3 65 1
27 2 46 1
63 4 69 3
7 4 71 0
20 0 4 1
19 1 20 1
27 2 45 1
55 48 60 1
23 0 7 1
28 0 12 1
20 1 23 1
32 3 67 1
20 0 6 1
26 2 44 1
27 2 45 1
13 3 56 0
68 52 31 54
22 1 27 1
68 2 51 3
16 60 35 45
30 3 67 1
28 2 47 1
21 1 23 1
18 1 19 1
25 1 33 1
22 1 23 1
26 0 10 1
18 1 19 1
29 3 64 1
29 1 30 1
21 1 25 1
23 1 24 1
27 2 46 1
13 3 59 0
24 1 25 1
71 4 70 4
1 33 64 67
66 0 18 4
28 2 49 1
72 3 65 4
20 1 21 1
26 2 44 1
28 1 33 1
29 3 65 1
74 0 75 74
74 0 4 4
17 1 14 3
11 33 53 73
50 1 68 3
20 0 7 1
74 1 75 2
62 1 23 3
24 1 27 1
71 66 42 61
71 53 9 56
18 0 5 1
24 0 14 1
27 1 28 1
9 1 31 0
19 1 20 1
22 0 13 1
20 1 22 1
69 4 70 4
64 0 12 3
20 0 6 1
51 2 62 3
18 0 5 1
18 0 3 1
12 3 67 0
32 1 33 1
17 4 69 0
50 5 56 3
74 2 36 4
20 0 6 1
19 0 4 1
29 3 64 1
25 0 16 1
20 1 23 1
20 1 22 1
26 1 27 1
27 2 46 1
22 1 23 1
21 0 6 1
18 0 2 1
28 1 29 1
69 2 45 4
20 0 6 1
31 0 15 1
29 0 15 1
26 1 27 1
28 2 50 1
27 1 31 1
19 0 4 1
22 0 11 1
14 4 75 0
16 74 1 17
19 3 64 1
27 0 11 1
29 2 49 1
22 1 27 1
16 1 75 37
28 1 29 1
59 0 14 3
7 0 14 0
18 0 14 1
22 0 11 1
29 2 47 1
28 2 50 1
31 3 66 1
18 0 11 1
31 0 15 1
60 2 44 5
73 1 27 4
30 2 48 1
27 0 14 1
26 0 10 1
32 0 16 1
66 0 9 3
21 0 7 1
20 1 23 1
50 0 1 1
18 0 4 1
65 4 74 3
19 1 21 1
32 2 50 1
9 4 72 0
21 1 22 1
49 5 65 0
31 3 66 1
23 0 7 1
2 22 14 65
21 0 8 1
9 67 49 14
18 0 3 1
19 1 20 1
31 2 50 1
26 2 44 1
31 3 66 1
18 0 2 1
20 2 15 1
23 0 13 1
30 1 31 1
69 0 12 3
30 3 66 1
75 3 65 4
21 1 23 1
21 1 24 1
30 2 50 1
18 0 13 1
29 3 65 1
27 2 45 1
69 65 34 32
32 1 19 1
30 2 49 1
72 1 68 5
18 0 12 1
28 2 48 1
29 2 49 1
18 1 19 1
27 0 11 1
26 72 32 56
26 1 28 1
26 1 30 1
73 4 75 4
67 0 41 4
20 1 22 1
29 2 47 1
20 0 4 1
27 2 45 1
20 1 23 1
23 1 28 1
18 0 7 1
31 1 32 1
31 2 49 1
18 0 2 1
23 0 15 1
62 0 1 3
29 3 64 1
24 0 8 1
18 0 2 1
27 2 45 1
19 0 9 1
26 1 27 1
30 3 66 1
19 1 20 1
26 2 37 1
23 1 29 1
58 64 66 51
18 0 11 1
22 0 11 1
28 2 48 1
64 1 24 3
18 0 6 1
25 1 32 1
18 0 3 1
31 1 32 1
23 0 13 1
16 3 61 0
26 1 27 1
27 1 28 1
20 0 7 1
3 48 74 30
29 2 49 1
29 3 65 1
32 1 33 1
24 0 8 1
75 1 26 4
24 1 28 1
29 3 65 1
18 0 2 1
21 1 23 1
39 4 72 2
22 0 10 1
22 1 27 1
22 0 6 1
19 1 20 1
66 51 58 64
19 0 3 1
20 1 22 1
29 2 48 1
24 1 30 1
20 1 22 1
29 2 47 1
31 3 59 1
22 0 7 1
32 2 50 1
27 2 45 1
18 0 4 1
30 3 65 1
30 0 14 1
67 3 67 3
68 5 70 5
25 1 26 1
26 2 44 1
29 3 64 1
28 2 46 1
73 0 1 2
26 2 44 1
18 0 11 1
18 0 14 1
24 0 15 1
32 3 67 1
20 1 21 1
32 2 50 1
22 0 15 1
28 1 31 1
19 0 3 1
32 2 50 1
24 0 15 1
63 0 1 1
18 0 2 1
24 0 14 1
29 1 30 1
18 0 8 1
27 1 28 1
24 1 31 1
27 2 46 1
21 0 5 1
29 3 65 1
21 0 8 1
21 3 64 1
23 0 7 1
22 1 23 1
24 3 66 1
18 0 3 1
11 45 6 41
26 2 44 1
23 1 26 1
21 0 1 1
27 1 30 1
26 1 27 1
71 4 69 4
18 0 7 1
21 0 9 1
29 3 65 1
18 0 3 1
30 2 48 1
22 1 23 1
22 4 72 1
27 1 30 1
19 1 20 1
23 1 28 1
18 1 19 1
22 1 26 1
18 0 4 1
23 1 24 1
21 0 5 1
28 2 46 1
20 1 21 1
27 1 28 1
64 0 14 3
18 0 2 1
65 5 67 2
21 1 23 1
27 2 45 1
25 1 29 1
21 1 24 1
27 2 46 1
28 1 33 1
24 1 31 1
24 1 18 1
27 0 11 1
30 3 66 1
21 1 22 1
7 72 23 24
28 1 32 1
1 75 1 37
22 1 23 1
24 0 8 1
65 0 6 3
60 1 16 4
55 12 66 3
32 2 50 1
30 3 66 1
19 1 20 1
28 1 29 1
31 3 66 1
19 1 21 1
47 4 73 2
28 1 29 1
24 1 31 1
23 0 11 1
28 2 47 1
19 1 20 1
39 60 64 70
31 3 67 1
31 2 50 1
31 3 67 1
24 1 30 1
28 2 50 1
32 56 26 72
22 0 11 1
30 3 66 1
20 0 6 1
26 3 60 1
19 0 4 1
25 1 28 1
30 3 66 1
71 4 72 4
18 0 8 1
22 0 10 1
29 3 64 1
30 2 50 1
24 0 8 1
25 1 29 1
36 1 56 3
19 0 5 1
25 1 28 1
20 0 8 1
25 1 28 1
28 2 47 1
25 1 32 1
21 0 9 1
18 0 14 1
31 2 49 1
29 3 64 1
18 0 16 1
26 2 44 1
29 3 64 1
29 3 64 1
14 0 11 0
34 3 38 3
30 3 67 1
8 3 60 0
28 1 32 1
27 2 46 1
27 1 28 1
27 1 28 1
22 0 6 1
19 0 5 1
27 2 45 1
45 12 24 53
28 2 48 1
18 0 4 1
1 1 26 0
23 1 29 1
25 1 32 1
29 2 48 1
29 3 64 1
22 1 25 1
29 1 30 1
63 0 3 3
28 2 48 1
61 3 59 3
18 2 44 1
31 1 32 1
26 2 44 1
67 0 14 3
18 0 11 1
74 0 1 4
29 3 64 1
22 1 26 1
28 1 32 1
74 1 11 2
27 0 13 1
68 2 63 6
60 3 60 3
28 2 48 1
2 3 60 0
18 1 19 1
25 1 28 1
21 0 9 1
69 2 54 4
19 0 9 1
19 0 5 1
20 0 6 1
20 0 11 1
33 2 72 1
27 2 46 1
18 0 13 1
29 2 49 1
27 1 28 1
52 38 55 73
29 3 64 1
22 0 11 1
13 3 62 0
22 0 6 1
16 3 34 0
63 0 6 3
23 0 13 1
28 2 46 1
15 1 32 0
19 0 5 1
30 3 65 1
22 1 27 1
23 1 19 1
22 0 11 1
62 3 65 3
28 2 49 1
21 0 5 1
29 3 64 1
23 1 26 1
31 0 4 1
19 1 20 1
75 0 15 4
27 1 28 1
19 0 13 1
22 0 6 1
20 0 4 1
20 0 4 1
23 1 28 1
19 0 3 1
22 0 16 1
73 38 4 44
28 2 48 1
20 1 23 1
18 0 9 1
21 0 12 1
28 1 33 1
28 3 65 1
18 0 6 1
31 1 32 1
21 0 12 1
18 0 2 1
20 0 4 1
23 0 12 1
18 0 4 1
20 0 6 1
12 1 29 0
18 1 19 1
23 1 28 1
19 1 21 1
29 3 64 1
21 1 22 1
22 1 24 1
66 2 68 1
1 17 74 37
15 50 22 43
25 0 11 1
10 0 4 0
21 1 22 1
65 2 49 5
25 1 32 1
28 1 33 1
18 0 12 1
24 0 8 1
40 1 22 2
24 0 14 1
30 1 31 1
20 0 6 1
21 0 8 1
37 0 15 2
22 1 23 1
20 1 22 1
28 2 49 1
19 1 21 1
23 1 26 1
28 2 47 1
21 0 5 1
7 1 31 0
9 14 50 29
18 0 2 1
31 2 49 1
68 4 68 4
65 0 10 3
18 0 13 1
28 2 49 1
18 0 2 1
1 4 71 0
28 2 48 1
20 1 22 1
61 4 67 1
33 1 29 1
18 0 2 1
15 0 10 0
21 1 25 1
50 1 9 3
28 2 46 1
18 1 19 1
73 23 9 64
28 2 50 1
16 0 38 37
29 3 64 1
22 0 11 1
30 3 66 1
24 0 8 1
36 39 34 72
20 1 21 1
45 4 60 45
73 1 20 4
29 2 49 1
19 1 20 1
23 0 7 1
30 3 67 1
21 1 22 1
28 2 48 1
28 1 33 1
29 1 30 1
30 3 66 1
27 1 28 1
47 9 11 41
4 6 68 1
29 2 48 1
28 1 32 1
22 0 11 1
18 0 8 1
19 0 3 1
31 3 67 1
27 1 31 1
29 0 14 1
12 1 27 0
32 2 50 1
4 4 72 0
20 16 58 73
22 1 25 1
20 34 9 34
27 2 45 1
29 64 23 60
28 3 63 1
24 1 33 1
24 0 15 1
31 2 49 1
22 1 27 1
21 0 9 1
69 2 50 4
18 0 13 1
32 0 39 0
28 2 46 1
22 1 23 1
25 0 9 1
28 2 48 1
26 1 30 1
24 1 31 1
18 1 19 1
19 0 3 1
30 1 31 1
18 0 6 1
31 1 32 1
19 1 21 1
19 1 20 1
22 1 25 1
2 37 18 74
25 1 28 1
20 1 20 1
23 0 7 1
25 1 29 1
27 0 16 1
31 3 67 1
70 2 43 4
15 30 29 72
18 0 6 1
23 1 28 1
18 0 10 1
25 1 26 1
24 1 27 1
18 1 19 1
28 2 46 1
25 0 9 1
28 1 33 1
30 3 66 1
18 1 19 1
31 1 29 1
71 0 6 4
27 2 45 1
25 1 28 1
22 0 8 1
29 0 13 1
26 1 27 1
21 0 9 1
19 1 20 1
28 2 49 1
30 0 4 1
22 1 24 1
29 0 13 1
21 1 24 1
31 3 66 1
35 3 45 2
43 4 50 0
24 0 8 1
29 3 65 1
28 1 29 1
25 1 26 1
22 0 10 1
23 0 13 1
19 1 20 1
30 3 66 1
67 3 62 3
14 1 30 0
18 0 2 1
72 0 9 4
24 0 15 1
22 1 23 1
69 4 73 4
20 0 4 1
21 1 22 1
18 0 12 1
22 1 26 1
21 1 27 1
26 2 44 1
28 1 32 1
20 0 8 1
21 0 15 1
18 0 3 1
19 1 20 1
26 1 33 1
18 0 4 1
18 0 7 1
28 1 32 1
62 3 62 3
19 1 21 1
31 3 67 1
20 0 7 1
72 7 41 22
18 0 4 1
74 0 14 4
33 44 22 7
29 3 65 1
18 0 14 1
32 1 33 1
28 1 30 1
23 0 5 1
18 0 4 1
22 0 6 1
73 3 63 4
14 1 25 0
23 1 24 1
18 0 14 1
18 0 15 1
29 3 65 1
29 3 64 1
19 1 20 1
21 0 8 1
72 1 30 4
22 1 23 1
25 1 33 1
18 0 2 1
28 0 14 1
24 1 27 1
28 1 33 1
28 1 33 1
1 3 66 0
25 0 16 1
75 1 53 4
30 3 66 1
21 1 24 1
32 3 67 1
29 0 13 1
28 1 31 1
29 2 47 1
27 1 28 1
31 3 66 1
19 0 5 1
18 0 16 1
18 0 3 1
43 1 18 0
31 0 15 1
21 1 23 1
74 1 63 5
27 2 46 1
18 0 3 1
19 0 3 1
26 2 44 1
38 1 17 1
22 0 6 1
29 14 37 45
19 61 21 41
18 0 8 1
18 1 19 1
5 4 73 0
20 0 5 1
29 3 64 1
35 4 74 2
22 1 23 1
22 0 10 1
20 0 7 1
27 2 46 1
25 0 16 1
29 3 65 1
27 2 46 1
26 2 44 1
66 2 48 3
40 4 73 2
18 1 19 1
22 0 13 1
23 1 29 1
33 0 1 0
30 1 31 1
18 0 2 1
19 1 21 1
21 1 23 1
21 0 9 1
60 3 59 3
27 2 47 1
3 0 1 0
23 1 24 1
31 1 32 1
30 1 33 1
31 1 26 1
69 1 2 3
27 2 46 1
22 0 10 1
31 2 49 1
35 2 7 1
75 17 38 2
21 3 64 1
27 2 47 1
74 1 64 2
4 5 6 58
19 0 5 1
28 2 47 1
30 2 49 1
22 0 10 1
19 1 20 1
25 1 33 1
71 4 72 4
25 1 29 1
27 2 46 1
25 0 9 1
6 0 6 0
30 0 14 1
28 0 12 1
27 1 28 1
32 1 33 1
32 0 16 1
21 0 5 1
23 1 25 1
27 1 31 1
2 0 16 17
26 0 12 1
24 0 8 1
20 0 6 1
31 1 32 1
27 2 47 1
28 0 12 1
27 2 45 1
24 1 31 1
28 2 48 1
21 2 66 3
41 4 71 2
30 0 14 1
11 59 29 24
28 1 33 1
21 1 24 1
25 1 28 1
65 4 69 3
29 1 30 1
13 2 38 0
26 1 29 1
22 1 26 1
24 1 30 1
25 1 32 1
11 3 17 2
28 1 32 1
19 1 20 1
10 0 6 0
24 0 15 1
51 1 60 5
27 1 28 1
19 1 21 1
20 1 21 1
15 4 73 0
34 5 64 0
25 1 26 1
30 3 66 1
19 1 21 1
25 1 29 1
71 1 20 4
18 1 19 1
29 2 48 1
31 3 67 1
74 2 18 37
71 2 41 4
27 2 45 1
27 2 46 1
22 1 27 1
67 0 10 5
24 1 27 1
19 0 5 1
19 1 21 1
31 0 15 1
30 3 65 1
23 57 17 42
64 0 11 3
27 1 31 1
30 3 67 1
25 1 29 1
22 0 7 1
26 2 50 3
27 2 45 1
9 56 71 53
20 1 21 1
18 1 19 1
31 3 67 1
26 2 44 1
19 0 5 1
26 0 10 1
24 0 15 1
22 1 24 1
29 3 64 1
31 0 15 1
67 1 23 3
18 0 2 1
29 2 49 1
19 1 20 1
18 0 12 1
25 0 16 1
21 0 11 1
19 1 20 1
24 53 45 12
32 3 67 1
27 2 47 1
30 3 66 1
21 1 24 1
18 0 2 1
30 1 31 1
65 0 12 3
19 1 21 1
21 1 24 1
45 21 9 31
47 0 1 2
21 1 25 1
27 2 45 1
15 3 60 0
28 0 13 1
30 2 48 1
24 1 28 1
26 0 10 1
20 0 9 1
71 0 12 4
31 3 67 1
22 0 11 1
18 1 19 1
23 0 13 1
16 0 2 0
28 2 50 1
68 2 5 1
20 1 22 1
60 4 69 5
24 1 29 1
28 1 32 1
25 1 29 1
74 75 74 2
16 1 29 0
74 0 12 4
23 0 7 1
28 2 46 1
29 3 64 1
61 4 71 3
74 75 1 74
28 2 47 1
64 0 11 3
23 0 12 1
49 3 60 2
29 3 65 1
26 2 44 1
26 2 44 1
27 2 46 1
28 2 48 1
27 2 45 1
17 75 16 0
18 0 15 1
4 4 8 71
15 3 66 0
24 1 25 1
26 2 44 1
27 1 28 1
30 3 65 1
47 1 25 2
2 3 64 0
18 0 6 1
29 2 48 1
32 1 33 1
30 3 66 1
18 0 6 1
22 1 26 1
17 75 17 75
19 1 20 1
18 1 19 1
29 2 47 1
16 0 15 1
16 1 27 0
16 1 31 0
32 0 16 1
31 3 66 1
18 1 19 1
23 1 26 1
21 1 25 1
25 1 32 1
18 0 2 1
18 0 11 1
30 3 66 1
25 1 29 1
28 1 32 1
46 3 61 2
20 1 22 1
22 1 26 1
30 3 66 1
59 3 53 3
28 2 49 1
42 5 61 0
25 1 29 1
53 73 12 26
23 4 72 1
1 74 74 75
23 1 24 1
18 0 9 1
18 0 7 1
18 0 10 1
18 0 3 1
29 3 64 1
30 3 66 1
30 3 67 1
23 1 29 1
20 0 4 1
52 3 64 3
24 1 27 1
67 0 18 2
25 0 16 1
21 1 22 1
29 2 49 1
29 0 13 1
18 0 4 1
26 2 44 1
32 0 16 1
25 1 29 1
18 0 2 1
53 2 17 1
29 2 48 1
61 3 62 3
20 1 22 1
24 0 9 1
29 1 33 1
31 2 49 1
28 2 49 1
25 1 29 1
22 1 27 1
27 2 45 1
18 1 19 1
18 0 7 1
28 2 49 1
29 0 14 1
19 4 72 1
25 1 28 1
21 1 25 1
31 3 67 1
65 1 44 1
26 1 30 1
19 3 67 1
18 0 10 1
29 1 32 1
27 2 45 1
27 2 46 1
30 2 48 1
27 1 32 1
24 1 31 1
27 2 45 1
19 1 67 0
22 0 10 1
23 0 7 1
27 1 31 1
19 0 4 1
30 3 66 1
20 0 16 1
15 4 73 0
30 3 66 1
19 1 21 1
64 0 7 3
66 2 37 3
69 4 72 4
13 0 10 0
25 1 28 1
63 5 67 1
18 1 19 1
28 2 48 1
72 0 8 4
20 1 22 1
24 0 14 1
24 1 30 1
2 0 5 0
27 2 45 1
21 1 22 1
18 0 2 1
18 0 10 1
20 1 22 1
66 0 51 4
21 1 22 1
26 1 30 1
30 3 66 1
32 34 18 69
32 0 16 1
32 3 67 1
26 1 30 1
75 1 33 6
21 0 5 1
18 1 19 1
24 0 11 1
25 1 29 1
28 2 50 1
24 0 14 1
26 3 61 1
18 0 12 1
27 4 73 1
24 1 31 1
18 1 19 1
24 0 8 1
22 1 24 1
24 0 11 1
62 3 66 3
20 0 1 1
52 1 25 3
41 22 72 7
24 0 15 1
26 2 44 1
15 0 7 0
72 3 61 4
23 0 12 1
19 1 21 1
18 0 13 1
21 1 23 1
18 0 2 1
63 4 50 2
20 0 4 1
25 1 28 1
22 1 27 1
29 2 48 1
20 0 12 1
24 0 14 1
16 0 15 0
27 2 46 1
29 1 30 1
19 0 3 1
26 2 44 1
20 1 21 1
28 2 47 1
18 0 11 1
19 0 3 1
18 0 3 1
25 1 29 1
20 1 21 1
18 0 2 1
27 2 45 1
25 1 26 1
25 1 33 1
27 2 45 1
33 0 14 1
19 0 3 1
40 2 30 0
25 1 33 1
22 1 24 1
26 1 30 1
21 1 22 1
54 3 59 3
50 1 24 2
16 17 18 1
29 3 64 1
9 26 65 69
44 3 61 2
64 0 34 2
18 0 2 1
31 0 15 1
19 0 5 1
23 0 16 1
28 1 32 1
28 2 46 1
68 3 65 2
23 0 13 1
47 51 43 33
44 4 72 2
18 0 7 1
19 1 20 1
29 2 49 1
26 1 31 1
28 2 48 1
69 1 20 4
4 57 35 31
24 1 31 1
19 0 3 1
17 41 55 39
7 4 70 0
28 0 15 1
28 2 46 1
75 2 42 4
21 1 23 1
2 74 75 0
22 4 74 1
21 0 8 1
67 5 68 1
21 0 15 1
29 3 65 1
22 0 6 1
75 74 74 0
5 3 61 0
21 1 25 1
19 1 20 1
22 1 23 1
75 17 1 2
70 0 28 5
22 37 27 73
29 3 65 1
27 2 45 1
18 0 2 1
22 1 25 1
5 3 63 0
74 2 74 75
64 0 14 3
20 0 6 1
25 1 33 1
22 0 16 1
2 74 38 17
18 0 10 1
2 3 63 0
19 1 20 1
74 0 8 4
29 2 47 1
18 0 10 1
70 2 42 4
21 0 5 1
18 0 6 1
24 1 30 1
27 2 46 1
22 1 24 1
32 2 50 1
24 1 31 1
21 1 22 1
18 0 14 1
63 0 14 3
25 1 26 1
24 1 27 1
30 2 48 1
65 4 73 3
18 0 9 1
18 0 11 1
20 1 23 1
29 3 64 1
18 1 19 1
26 1 30 1
27 1 31 1
28 2 50 1
52 3 64 3
74 74 16 37
18 0 3 1
27 2 45 1
29 2 48 1
30 2 48 1
23 0 13 1
27 2 47 1
18 0 10 1
23 1 29 1
31 3 67 1
25 0 1 1
28 2 49 1
26 1 27 1
27 2 45 1
18 0 11 1
26 1 33 1
25 1 33 1
1 1 27 0
25 3 65 1
26 2 44 1
62 43 64 73
65 62 42 16
19 0 5 1
24 1 30 1
31 2 49 1
17 17 75 74
27 2 45 1
30 3 65 1
22 1 27 1
29 70 2 17
20 0 6 1
19 0 3 1
28 1 30 1
24 0 15 1
20 1 21 1
27 2 45 1
19 1 20 1
26 2 44 1
29 3 65 1
43 41 29 48
25 1 26 1
18 1 19 1
26 1 29 1
21 1 24 1
28 3 59 1
20 0 9 1
20 1 21 1
20 1 22 1
23 0 7 1
27 2 46 1
22 1 27 1
18 0 2 1
24 1 31 1
8 4 71 0
32 3 67 1
29 1 30 1
32 2 50 1
18 0 3 1
18 1 20 1
33 0 40 2
28 2 46 1
67 3 55 4
22 1 26 1
8 0 7 0
28 0 12 1
30 3 67 1
25 0 16 1
70 0 1 4
69 1 31 4
30 2 50 1
31 1 32 1
19 1 20 1
28 2 47 1
19 0 4 1
22 1 26 1
18 17 75 75
21 0 8 1
22 1 26 1
27 1 32 1
27 2 45 1
28 2 49 1
20 1 21 1
27 2 45 1
31 3 67 1
18 0 15 1
65 1 31 3
26 1 27 1
27 2 45 1
30 3 67 1
32 3 67 1
30 3 66 1
21 1 23 1
23 0 7 1
19 0 3 1
52 31 11 73
26 2 44 1
28 2 46 1
3 3 64 0
18 1 19 1
29 3 64 1
16 4 73 0
28 2 46 1
30 2 49 1
24 1 25 1
23 0 7 1
21 0 8 1
18 0 3 1
23 1 26 1
31 2 49 1
74 0 7 4
41 14 8 33
24 0 15 1
29 3 65 1
19 1 20 1
30 0 15 1
23 1 26 1
24 1 28 1
28 2 49 1
67 1 26 3
1 1 18 2
19 1 20 1
30 0 15 1
19 0 3 1
22 0 11 1
25 54 52 31
26 2 44 1
18 0 6 1
67 5 59 5
46 4 75 2
25 1 28 1
19 1 21 1
28 2 50 1
18 0 8 1
27 2 46 1
20 1 22 1
23 1 29 1
19 1 20 1
19 0 4 1
24 0 8 1
27 2 45 1
18 0 7 1
23 0 7 1
39 2 41 2
22 1 25 1
26 0 10 1
29 3 64 1
26 1 33 1
29 2 48 1
71 1 30 4
20 0 4 1
16 0 17 75
26 2 44 1
22 1 26 1
18 0 7 1
8 0 6 0
32 3 67 1
20 1 21 1
18 0 3 1
29 3 64 1
23 1 28 1
23 1 29 1
25 3 62 1
30 3 66 1
22 1 25 1
27 1 29 1
71 0 1 4
42 1 28 2
29 3 65 1
50 4 51 0
30 3 66 1
18 0 13 1
19 0 10 1
26 0 10 1
16 4 70 0
24 0 8 1
22 43 15 50
22 1 25 1
7 1 27 0
13 0 2 0
18 0 2 1
18 0 15 1
2 4 69 0
20 57 58 55
18 0 13 1
18 0 7 1
10 3 67 0
27 2 45 1
29 2 47 1
19 0 5 1
31 2 49 1
23 1 24 1
18 0 3 1
29 2 49 1
37 3 66 2
23 1 28 1
30 2 50 1
18 0 15 1
20 1 23 1
8 1 22 0
25 0 16 1
24 0 11 1
29 2 48 1
18 0 9 1
27 0 11 1
20 1 22 1
18 0 12 1
28 1 32 1
31 0 15 1
2 75 2 1
22 0 6 1
23 1 24 1
29 3 65 1
63 1 31 3
18 0 9 1
19 1 20 1
26 2 44 1
31 3 67 1
27 2 47 1
28 2 50 1
27 2 46 1
21 0 9 1
29 1 30 1
9 2 17 0
27 0 13 1
26 1 30 1
21 1 27 1
29 2 48 1
18 1 19 1
29 2 47 1
26 1 31 1
28 2 50 1
27 0 11 1
24 0 45 2
29 3 65 1
62 0 3 3
18 0 3 1
18 0 11 1
26 2 44 1
26 0 10 1
22 0 6 1
20 1 21 1
27 1 28 1
24 1 25 1
32 3 67 1
63 2 16 3
22 29 4 55
32 2 50 1
59 1 21 3
32 0 1 1
62 1 19 3
18 1 19 1
30 2 50 1
28 2 50 1
61 3 62 3
26 2 44 1
29 72 15 30
23 1 26 1
26 2 44 1
24 1 26 1
65 1 27 3
26 0 10 1
20 0 7 1
39 4 70 2
25 0 9 1
18 0 4 1
62 4 72 3
29 1 32 1
18 0 3 1
24 0 14 1
30 2 50 1
31 3 67 1
21 1 22 1
28 1 33 1
27 2 47 1
28 1 33 1
21 4 72 1
20 0 4 1
23 1 24 1
18 0 7 1
21 1 22 1
30 1 32 1
21 1 24 1
18 0 2 1
30 3 66 1
27 2 45 1
23 1 28 1
75 1 16 0
24 0 16 1
21 1 23 1
21 1 22 1
29 1 32 1
19 1 20 1
22 0 6 1
20 1 22 1
67 3 64 3
61 1 33 3
63 3 59 3
21 0 9 1
29 2 48 1
22 0 10 1
49 4 72 2
23 0 10 1
3 0 8 0
29 24 11 59
28 1 32 1
29 2 49 1
19 0 4 1
18 0 9 1
29 1 30 1
19 0 3 1
11 1 27 0
24 1 31 1
20 1 22 1
22 1 24 1
18 0 3 1
23 1 29 1
20 1 21 1
24 0 15 1
27 2 45 1
23 0 12 1
18 1 19 1
18 0 7 1
50 0 51 3
22 1 27 1
25 1 32 1
27 2 46 1
22 0 6 1
26 0 10 1
18 0 11 1
20 1 22 1
18 0 14 1
2 1 74 74
7 3 59 0
21 0 1 1
23 0 9 1
75 4 74 4
28 2 50 1
25 1 26 1
55 5 68 3
18 0 3 1
67 3 65 3
21 0 6 1
21 1 25 1
21 0 8 1
25 0 9 1
29 3 65 1
34 4 64 1
18 1 19 1
18 0 15 1
18 0 11 1
70 5 68 3
28 2 50 1
15 0 2 0
26 2 44 1
29 3 65 1
19 0 3 1
27 1 31 1
23 1 24 1
29 0 13 1
18 0 6 1
30 13 54 44
21 0 8 1
28 1 32 1
3 2 48 0
24 0 15 1
64 64 53 25
21 1 25 1
20 1 22 1
18 0 6 1
31 3 67 1
30 0 14 1
19 1 20 1
18 0 14 1
31 2 49 1
29 3 64 1
75 0 8 4
18 0 9 1
20 0 6 1
32 3 55 3
21 0 5 1
18 0 9 1
51 0 38 0
26 2 44 1
29 3 64 1
18 1 19 1
10 4 72 0
23 4 74 1
65 1 33 3
19 1 21 1
18 0 8 1
18 0 8 1
66 1 20 3
5 1 21 0
18 0 15 1
64 4 71 3
26 1 27 1
16 2 17 2
22 0 10 1
25 2 42 1
21 1 25 1
24 0 8 1
30 1 31 1
21 0 14 1
38 0 1 1
30 2 50 1
67 1 32 3
23 0 15 1
26 2 44 1
28 1 32 1
26 1 27 1
26 2 44 1
21 0 5 1
22 0 11 1
68 0 40 6
23 2 49 1
28 0 12 1
28 1 29 1
30 3 66 1
69 1 16 4
25 0 9 1
28 2 50 1
18 0 11 1
22 0 11 1
25 1 26 1
29 4 74 1
8 71 4 4
22 1 27 1
18 0 13 1
21 0 6 1
21 1 24 1
24 1 27 1
22 0 10 1
20 3 52 1
31 0 15 1
18 0 12 1
65 69 9 26
52 3 62 3
30 3 67 1
18 0 2 1
19 1 20 1
27 1 28 1
20 0 4 1
18 3 68 0
25 1 26 1
66 16 19 51
2 1 23 0
29 0 13 1
21 0 5 1
18 0 12 1
57 3 65 3
19 1 21 1
62 2 50 3
19 0 4 1
30 3 66 1
25 0 16 1
29 3 64 1
29 1 30 1
37 4 72 2
18 0 12 1
27 2 46 1
28 2 49 1
22 0 11 1
29 3 65 1
31 3 66 1
69 55 8 22
28 2 50 1
20 1 22 1
26 0 15 1
21 1 22 1
20 0 6 1
19 1 20 1
61 7 47 20
30 2 48 1
38 2 16 74
4 4 72 0
21 1 22 1
24 1 30 1
9 4 75 0
20 0 7 1
21 1 22 1
29 3 64 1
23 1 27 1
25 1 26 1
69 0 15 4
26 2 44 1
28 1 32 1
22 1 25 1
55 3 65 5
62 0 3 3
8 4 73 0
19 1 21 1
53 29 15 60
30 3 66 1
18 1 19 1
33 5 35 65
30 3 66 1
21 1 25 1
18 0 2 1
72 0 23 24
32 3 67 1
74 30 3 48
30 2 50 1
30 3 67 1
18 0 11 1
24 1 30 1
17 2 16 2
22 0 10 1
34 4 67 0
29 3 64 1
25 0 16 1
21 1 22 1
9 2 37 0
20 1 23 1
25 1 29 1
18 0 3 1
27 2 45 1
19 0 5 1
23 1 26 1
25 0 16 1
20 1 22 1
19 1 21 1
27 2 45 1
23 0 13 1
18 0 3 1
29 3 65 1
29 23 50 3
1 1 32 0
24 31 66 4
25 1 26 1
19 0 4 1
70 4 73 4
22 1 23 1
60 3 62 3
28 2 50 1
66 0 8 3
7 4 74 0
65 3 64 3
19 0 5 1
22 1 23 1
24 1 30 1
29 3 64 1
25 0 10 1
25 1 32 1
23 1 29 1
29 2 47 1
24 66 29 54
27 1 28 1
23 0 13 1
18 0 3 1
18 1 19 1
22 1 26 1
75 1 18 4
28 0 12 1
22 2 46 1
25 1 29 1
18 0 13 1
67 6 70 4
68 2 75 1
28 1 33 1
18 0 16 1
20 0 7 1
18 0 15 1
31 0 15 1
22 1 27 1
21 0 9 1
26 0 10 1
29 3 64 1
75 74 17 17
24 0 8 1
19 1 20 1
25 1 30 1
22 1 23 1
29 0 13 1
18 0 4 1
22 1 25 1
18 0 4 1
19 0 3 1
65 4 70 3
18 0 6 1
28 2 50 1
5 1 27 0
23 19 17 4
18 1 19 1
27 3 67 1
61 0 16 1
20 1 23 1
30 0 14 1
72 1 24 4
68 0 42 1
30 3 67 1
28 3 61 1
31 2 49 1
18 0 3 1
24 1 25 1
75 4 70 6
19 0 3 1
27 2 45 1
71 1 16 4
19 0 7 1
28 2 50 1
28 1 33 1
19 0 5 1
20 1 23 1
29 2 48 1
67 0 37 1
31 3 66 1
18 0 2 1
18 0 9 1
18 0 6 1
25 1 33 1
23 1 29 1
43 33 47 51
28 0 7 1
47 2 66 0
17 0 33 3
19 1 20 1
26 0 10 1
30 2 50 1
27 2 45 1
19 1 21 1
32 3 59 1
19 1 20 1
26 2 44 1
20 0 4 1
20 0 4 1
32 3 56 1
19 0 13 1
18 0 7 1
29 3 64 1
8 0 7 0
29 3 64 1
53 3 56 3
27 1 19 1
51 2 25 5
18 0 12 1
28 0 12 1
33 3 67 1
27 1 32 1
21 1 24 1
24 0 15 1
46 0 9 2
22 0 8 1
18 0 4 1
28 0 5 1
31 1 32 1
24 1 25 1
18 0 3 1
22 1 24 1
18 1 19 1
18 0 13 1
7 0 10 0
23 1 24 1
26 1 27 1
31 3 66 1
50 6 75 2
21 0 15 1
22 1 25 1
25 1 26 1
13 4 71 0
72 1 31 4
31 3 66 1
21 1 23 1
16 0 29 1
19 0 5 1
38 37 75 0
30 1 31 1
18 0 2 1
69 2 42 4
50 29 9 14
26 0 10 1
31 4 74 1
33 2 49 1
32 2 50 1
18 0 3 1
21 0 7 1
72 2 50 4
31 1 32 1
20 0 12 1
18 0 14 1
21 1 24 1
1 17 18 1
30 1 31 1
29 3 64 1
32 0 16 1
32 0 16 1
27 2 47 1
22 1 25 1
25 0 2 1
19 1 21 1
23 0 13 1
18 0 3 1
30 2 48 1
24 1 27 1
22 1 25 1
22 0 10 1
20 0 4 1
18 0 3 1
69 0 7 4
26 2 44 1
18 0 5 1
26 2 44 1
25 0 9 1
51 2 68 0
18 0 14 1
7 1 27 0
24 1 27 1
25 1 31 1
27 2 45 1
20 1 21 1
29 2 47 1
27 2 47 1
18 0 15 1
20 3 56 1
22 1 27 1
32 1 33 1
21 1 23 1
61 3 65 3
48 37 16 25
23 0 7 1
11 2 49 0
24 1 27 1
11 3 65 0
18 0 8 1
19 1 20 1
23 1 29 1
23 1 28 1
2 37 18 2
15 60 53 29
22 1 23 1
30 3 66 1
28 0 12 1
29 2 47 1
29 3 64 1
42 2 46 2
61 53 63 7
30 3 66 1
40 5 67 2
31 2 49 1
1 16 50 7
22 1 23 1
2 0 16 2
29 3 65 1
18 0 6 1
26 1 30 1
28 1 30 1
15 4 75 0
64 3 62 3
8 0 12 0
30 3 65 1
26 1 30 1
26 2 44 1
30 2 50 1
25 1 29 1
18 0 2 1
30 2 48 1
28 2 50 1
28 2 46 1
21 1 23 1
29 0 13 1
59 1 28 3
31 1 32 1
72 1 30 4
29 2 48 1
18 0 15 1
27 2 45 1
22 1 25 1
20 1 23 1
72 0 6 4
10 3 63 0
24 1 25 1
23 0 13 1
38 0 5 2
31 3 66 1
20 0 4 1
18 0 13 1
26 1 30 1
23 1 24 1
28 2 49 1
20 2 17 3
29 2 49 1
21 0 13 1
28 0 12 1
32 3 67 1
20 1 22 1
22 1 25 1
27 4 71 1
19 3 62 1
18 0 9 1
17 0 18 0
27 1 29 1
21 1 23 1
53 2 17 1
30 1 31 1
70 1 62 4
18 74 2 37
40 2 9 1
23 0 7 1
63 2 46 3
32 0 13 1
28 0 12 1
27 0 11 1
19 0 4 1
29 3 64 1
55 57 21 44
52 31 25 54
22 1 25 1
29 0 13 1
8 1 24 0
72 52 53 14
23 0 11 1
23 1 24 1
61 2 36 3
21 1 23 1
26 2 44 1
68 3 68 1
19 0 4 1
27 2 45 1
48 1 68 0
67 4 72 3
18 0 3 1
30 1 31 1
25 1 28 1
24 1 25 1
46 53 4 30
30 3 66 1
67 4 67 4
24 1 25 1
23 1 28 1
19 1 21 1
30 3 66 1
59 0 4 3
25 0 9 1
29 3 64 1
23 0 16 1
27 2 47 1
26 2 44 1
22 1 23 1
30 0 14 1
62 3 63 3
46 3 67 2
21 1 25 1
19 0 5 1
23 1 28 1
21 1 25 1
21 0 5 1
29 3 64 1
32 3 67 1
13 3 64 0
23 1 29 1
32 2 50 1
25 1 28 1
21 0 5 1
35 0 30 2
23 1 24 1
3 4 70 0
24 0 15 1
12 4 69 0
21 1 22 1
13 47 8 24
22 1 27 1
22 0 6 1
11 73 52 31
26 2 44 1
19 1 20 1
31 3 67 1
19 1 20 1
19 1 21 1
27 0 11 1
54 44 30 13
22 1 24 1
21 0 8 1
45 2 2 1
17 0 1 37
25 1 28 1
20 1 22 1
18 0 3 1
29 2 49 1
19 1 20 1
20 1 21 1
29 3 64 1
74 3 64 4
61 0 34 3
18 3 67 1
28 2 50 1
12 1 21 0
18 1 19 1
27 1 30 1
18 0 13 1
26 2 44 1
21 1 25 1
30 3 65 1
25 1 32 1
17 2 74 0
18 0 8 1
26 1 27 1
22 1 25 1
22 0 11 1
18 0 3 1
32 3 67 1
25 1 32 1
9 3 59 0
25 1 33 1
20 0 6 1
32 0 16 1
18 0 12 1
19 1 21 1
25 0 11 1
16 37 74 74
20 1 23 1
64 4 73 3
20 1 23 1
64 0 11 3
25 1 27 1
27 2 46 1
30 3 65 1
23 0 7 1
23 0 13 1
27 2 47 1
28 1 29 1
19 1 21 1
23 0 11 1
8 0 14 0
18 1 19 1
27 2 45 1
31 0 15 1
47 20 61 7
73 3 73 6
25 0 9 1
19 1 20 1
73 4 74 4
59 3 62 3
28 0 12 1
18 0 4 1
24 1 30 1
18 0 4 1
24 1 30 1
19 1 20 1
75 1 19 4
27 2 45 1
18 1 19 1
22 1 25 1
29 2 49 1
23 1 29 1
54 3 53 65
28 1 31 1
18 0 3 1
31 2 49 1
29 3 64 1
28 2 46 1
30 0 14 1
20 1 22 1
68 3 67 2
29 1 30 1
19 0 3 1
28 2 47 1
20 1 22 1
23 0 12 1
27 2 45 1
20 4 53 9
23 1 27 1
30 2 48 1
32 0 16 1
19 1 21 1
21 1 22 1
20 1 23 1
30 3 66 1
68 9 9 6
66 6 68 66
74 74 2 1
14 1 27 0
18 0 13 1
20 0 8 1
64 3 66 3
19 0 5 1
6 2 59 1
29 3 64 1
4 2 33 1
20 1 22 1
75 0 3 4
60 4 51 55
23 1 24 1
20 1 21 1
45 3 52 2
22 0 10 1
18 0 6 1
23 1 28 1
22 0 10 1
32 0 16 1
28 1 32 1
29 2 48 1
22 1 27 1
10 1 18 0
19 1 21 1
53 17 57 65
27 2 46 1
29 3 65 1
24 0 15 1
28 2 46 1
24 1 27 1
6 2 45 0
38 37 38 75
24 1 25 1
64 1 31 3
26 2 44 1
29 0 13 1
30 3 66 1
26 2 44 1
19 1 20 1
18 0 11 1
11 3 65 0
23 1 26 1
21 0 9 1
18 1 19 1
11 0 12 0
18 0 13 1
18 0 5 1
25 0 9 1
69 4 74 4
1 17 16 74
27 2 46 1
73 1 21 4
26 0 10 1
27 1 31 1
2 3 33 2
31 1 32 1
66 3 55 12
67 1 22 3
17 1 38 1
21 0 5 1
18 0 7 1
23 0 12 1
28 1 32 1
22 0 10 1
30 1 31 1
18 0 3 1
26 1 28 1
23 1 24 1
22 1 26 1
25 0 16 1
74 4 72 4
18 0 2 1
29 3 64 1
54 1 2 1
24 1 31 1
31 0 15 1
66 4 24 31
24 1 31 1
23 1 29 1
32 2 50 1
30 3 65 1
18 0 8 1
19 1 21 1
18 3 17 1
17 4 54 2
23 3 67 1
28 1 29 1
28 2 46 1
30 1 32 1
29 3 64 1
30 3 66 1
30 3 67 1
26 1 30 1
20 0 7 1
18 0 2 1
30 3 65 1
27 1 28 1
19 0 4 1
18 0 10 1
21 0 10 1
8 0 15 0
75 3 66 4
26 2 44 1
26 2 44 1
1 5 72 0
23 1 28 1
2 3 64 0
29 3 64 1
4 3 65 0
28 2 49 1
23 1 24 1
27 2 45 1
10 4 69 0
35 0 17 3
29 3 65 1
30 0 14 1
18 0 4 1
24 4 70 1
29 3 64 1
18 1 19 1
22 1 24 1
72 1 27 4
28 2 48 1
29 2 47 1
69 0 13 4
23 1 29 1
62 65 48 16
21 1 22 1
28 2 49 1
27 1 32 1
28 2 47 1
18 0 14 1
28 4 69 1
30 3 66 1
21 0 8 1
31 2 49 1
20 1 22 1
23 1 29 1
30 3 66 1
13 71 21 37
19 0 4 1
32 3 66 1
32 1 33 1
21 0 9 1
29 3 64 1
30 3 66 1
29 3 64 1
30 2 48 1
19 0 3 1
29 2 49 1
18 1 19 1
24 1 31 1
9 1 26 0
28 1 29 1
23 1 28 1
18 0 11 1
22 0 8 1
19 1 20 1
34 3 8 54
25 1 33 1
18 0 5 1
22 1 25 1
23 1 26 1
27 2 46 1
18 1 25 1
7 1 18 0
28 4 70 1
21 0 16 1
2 1 2 75
29 3 65 1
23 1 26 1
18 0 10 1
21 1 24 1
20 1 22 1
18 0 9 1
18 0 18 75
31 2 49 1
28 1 33 1
31 3 67 1
29 2 49 1
25 1 29 1
18 0 14 1
63 4 70 3
27 0 11 1
21 1 24 1
25 0 16 1
21 1 25 1
18 0 10 1
22 0 6 1
8 1 33 0
63 3 56 3
18 0 10 1
25 1 32 1
30 3 65 1
29 3 65 1
25 1 33 1
24 1 27 1
18 0 8 1
32 2 50 1
31 0 15 1
21 0 7 1
29 3 65 1
22 0 10 1
20 1 23 1
50 32 49 56
26 3 42 2
26 2 44 1
24 1 27 1
20 0 6 1
69 4 75 4
7 3 52 0
29 1 30 1
20 1 22 1
24 1 26 1
30 3 65 1
25 1 28 1
26 2 44 1
28 1 33 1
31 3 66 1
18 0 16 1
4 44 73 38
21 0 6 1
48 16 62 65
18 0 12 1
24 1 25 1
18 0 10 1
67 0 8 3
28 1 32 1
23 0 13 1
24 1 31 1
50 1 29 2
27 2 45 1
20 0 10 1
31 0 15 1
18 0 14 1
75 4 71 4
24 0 14 1
30 0 14 1
18 0 5 1
19 37 20 54
21 1 23 1
20 0 4 1
28 0 12 1
21 0 12 1
18 0 16 1
30 3 66 1
18 1 19 1
18 0 2 1
21 0 9 1
59 0 12 3
24 1 27 1
26 2 44 1
30 3 67 1
18 0 3 1
18 0 14 1
18 0 5 1
22 0 11 1
18 0 13 1
18 1 19 1
24 0 15 1
70 1 30 4
26 2 44 1
21 1 25 1
20 1 21 1
26 1 27 1
19 1 20 1
58 55 20 57
21 0 9 1
18 1 19 1
32 1 33 1
18 0 2 1
23 1 24 1
27 2 45 1
3 3 64 0
29 0 13 1
24 0 14 1
23 1 24 1
48 1 18 2
30 2 50 1
24 1 30 1
1 2 75 17
18 0 2 1
26 0 10 1
30 2 50 1
28 2 46 1
20 1 21 1
30 3 67 1
26 2 44 1
26 1 30 1
32 0 16 1
29 3 64 1
23 0 15 1
19 1 20 1
36 59 15 47
18 0 14 1
6 1 28 0
22 0 11 1
23 1 24 1
27 2 46 1
28 1 33 1
24 0 15 1
23 0 12 1
32 4 75 1
32 1 33 1
16 1 74 74
22 0 10 1
26 2 44 1
31 3 66 1
25 1 27 1
19 1 20 1
27 2 45 1
30 3 67 1
18 0 2 1
22 0 11 1
29 3 65 1
31 2 49 1
18 0 3 1
18 1 19 1
45 2 41 2
29 2 48 1
25 1 32 1
64 72 24 43
65 0 5 3
47 69 43 55
30 3 65 1
1 1 25 0
26 2 44 1
29 3 65 1
24 1 31 1
60 0 8 3
30 1 33 1
25 2 46 1
27 1 31 1
18 0 2 1
20 1 21 1
22 0 11 1
21 3 65 1
22 1 26 1
18 0 5 1
23 1 24 1
21 0 8 1
53 9 20 4
18 0 2 1
29 2 48 1
26 2 44 1
16 25 48 37
27 2 45 1
22 0 6 1
28 0 12 1
25 1 26 1
31 4 73 1
21 1 22 1
26 2 44 1
18 0 2 1
30 3 65 1
65 3 67 3
25 1 32 1
69 2 48 4
20 0 12 1
24 0 14 1
18 0 3 1
30 1 31 1
24 0 14 1
21 0 5 1
29 0 13 1
14 3 60 0
29 1 30 1
26 1 30 1
2 17 29 70
30 3 67 1
30 2 48 1
67 0 10 3
66 3 63 3
19 1 20 1
39 3 52 2
8 2 33 0
18 0 9 1
25 1 32 1
19 1 20 1
24 1 30 1
23 24 7 72
29 3 64 1
68 5 72 3
32 0 16 1
26 2 44 1
16 1 20 0
21 0 5 1
31 3 67 1
22 1 24 1
26 1 28 1
45 0 16 3
25 0 9 1
29 3 65 1
69 0 16 4
22 1 27 1
27 2 47 1
67 4 74 3
18 0 9 1
30 3 66 1
18 0 14 1
18 1 52 23
23 0 7 1
34 32 69 65
19 0 3 1
29 3 65 1
68 0 14 1
18 1 19 1
30 2 48 1
27 3 66 1
24 0 15 1
18 0 4 1
9 4 71 0
22 0 6 1
15 1 22 0
29 3 64 1
53 25 64 64
26 1 27 1
19 0 5 1
21 0 5 1
22 0 8 1
20 0 4 1
29 2 47 1
22 0 11 1
25 1 32 1
20 0 4 1
25 1 26 1
32 0 16 1
19 0 5 1
25 0 16 1
32 2 50 1
6 3 62 0
18 0 4 1
18 0 15 1
23 0 34 0
27 2 45 1
20 0 7 1
73 3 66 4
75 3 57 4
25 0 9 1
21 0 12 1
19 0 3 1
27 2 45 1
22 0 10 1
19 1 20 1
31 2 49 1
17 17 74 17
22 1 24 1
19 1 20 1
30 3 65 1
28 2 47 1
24 1 28 1
10 1 33 0
29 2 47 1
44 0 6 2
27 2 45 1
25 1 32 1
24 0 11 1
27 2 47 1
29 2 49 1
21 0 8 1
29 2 48 1
18 0 2 1
28 1 32 1
28 2 49 1
60 2 43 3
30 3 67 1
18 0 15 1
69 2 48 4
20 1 22 1
72 70 61 64
29 2 49 1
28 4 74 1
23 0 12 1
27 1 31 1
60 1 55 48
26 2 44 1
22 0 10 1
21 1 24 1
72 4 71 4
31 2 49 1
25 0 9 1
26 1 30 1
20 1 22 1
27 1 31 1
21 0 9 1
52 23 18 1
18 0 10 1
30 0 14 1
18 0 2 1
30 1 18 1
31 3 66 1
26 1 27 1
28 1 29 1
18 24 57 15
32 1 19 1
20 1 21 1
72 3 63 4
22 0 10 1
19 1 21 1
19 1 20 1
22 1 25 1
11 4 69 0
18 0 10 1
25 1 32 1
19 51 66 16
22 1 24 1
18 0 10 1
51 0 2 0
57 3 65 3
28 1 31 1
31 3 66 1
24 0 8 1
23 0 12 1
18 0 11 1
12 4 73 0
21 1 22 1
30 2 48 1
46 2 31 0
18 0 12 1
25 1 28 1
18 0 4 1
24 0 8 1
70 0 5 4
18 0 4 1
30 2 50 1
19 1 20 1
73 1 26 4
29 3 64 1
18 0 11 1
25 1 28 1
24 1 30 1
41 4 74 2
18 0 16 1
21 0 8 1
27 1 28 1
30 5 5 61
16 2 40 0
24 1 26 1
18 0 3 1
18 0 5 1
18 0 3 1
23 1 26 1
23 0 9 1
20 3 63 1
27 1 33 1
21 1 22 1
24 0 12 1
18 0 3 1
30 3 67 1
27 2 45 1
23 0 7 1
19 0 3 1
27 2 47 1
23 0 7 1
18 0 7 1
21 1 23 1
26 2 44 1
21 1 25 1
18 0 16 1
18 0 5 1
25 1 26 1
27 2 47 1
25 0 16 1
30 1 31 1
30 1 32 1
21 0 11 1
19 1 21 1
26 2 44 1
38 17 2 74
25 1 32 1
18 1 19 1
20 1 23 1
20 1 21 1
22 0 6 1
30 3 65 1
24 1 30 1
19 2 41 1
27 0 10 1
17 3 71 2
21 1 23 1
24 1 31 1
62 1 33 3
17 42 23 57
30 3 66 1
32 2 50 1
75 74 75 75
18 0 11 1
73 5 75 4
31 3 67 1
69 0 9 4
27 1 31 1
18 0 4 1
46 9 2 40
17 4 23 19
30 3 65 1
8 2 51 1
28 2 47 1
30 3 65 1
30 3 67 1
18 1 19 1
28 2 48 1
21 0 9 1
25 1 33 1
30 3 66 1
50 0 10 0
30 0 14 1
20 1 22 1
27 2 45 1
32 0 16 1
11 3 66 0
71 1 31 4
28 2 48 1
26 0 10 1
10 0 10 0
18 0 17 0
65 66 34 14
18 0 16 1
19 0 4 1
27 0 12 1
24 1 25 1
27 1 28 1
19 0 4 1
31 0 15 1
31 0 16 1
18 0 3 1
4 0 3 0
18 0 6 1
24 1 31 1
1 0 50 0
29 3 65 1
68 2 40 4
18 0 16 1
57 15 18 24
63 1 22 3
23 0 13 1
22 3 62 1
34 72 36 39
38 74 18 75
28 2 47 1
25 1 29 1
65 0 8 3
20 1 22 1
20 1 22 1
22 1 29 1
31 1 32 1
9 0 4 0
24 0 15 1
25 0 9 1
27 2 47 1
18 0 9 1
53 4 74 3
20 0 11 1
18 1 19 1
27 1 31 1
29 3 64 1
64 73 62 43
29 3 64 1
20 0 6 1
1 0 2 0
7 1 68 0
29 0 15 1
17 1 51 1
29 2 47 1
6 58 4 5
18 0 4 1
20 0 6 1
74 0 4 4
74 2 18 0
32 3 67 1
18 1 20 1
29 3 64 1
20 1 22 1
26 2 44 1
59 0 21 1
25 1 29 1
27 2 46 1
22 0 6 1
28 2 47 1
29 3 64 1
61 0 11 3
27 2 46 1
40 0 15 2
28 2 47 1
31 4 70 1
20 1 23 1
29 3 65 1
18 0 2 1
27 2 45 1
28 0 12 1
30 2 50 1
23 0 12 1
19 0 3 1
29 0 16 0
22 0 7 1
26 0 16 1
22 0 6 1
26 0 10 1
31 3 67 1
20 1 22 1
30 0 14 1
1 4 69 0
17 75 17 75
72 5 68 2
23 0 12 1
23 0 10 1
23 0 12 1
18 0 4 1
32 2 50 1
16 0 14 0
29 2 47 1
29 3 64 1
31 3 66 1
36 0 3 2
29 3 64 1
26 2 44 1
31 1 32 1
18 0 2 1
31 0 6 1
19 0 4 1
64 3 56 3
19 1 20 1
18 1 19 1
16 1 48 2
45 1 32 2
21 0 8 1
26 2 44 1
29 3 65 1
28 1 33 1
26 2 50 1
18 0 6 1
29 3 64 1
20 0 7 1
31 1 32 1
30 3 66 1
27 2 45 1
19 1 33 1
25 0 9 1
18 0 13 1
28 1 32 1
22 1 23 1
21 1 23 1
11 0 10 0
66 3 59 3
10 4 72 0
23 0 12 1
20 1 22 1
30 3 67 1
28 1 29 1
21 1 24 1
29 0 11 1
22 1 23 1
18 0 8 1
21 44 55 57
43 0 5 2
23 1 29 1
22 1 25 1
25 1 33 1
48 1 23 2
23 0 7 1
18 0 5 1
19 1 21 1
31 3 67 1
29 3 65 1
27 1 28 1
67 0 10 3
21 0 9 1
1 0 1 0
21 1 23 1
17 5 67 0
74 2 50 4
66 1 18 3
28 1 32 1
1 15 37 20
26 1 30 1
20 1 22 1
26 0 8 1
18 0 15 1
22 0 6 1
31 2 49 1
22 1 26 1
18 0 10 1
24 0 14 1
27 2 47 1
26 3 63 1
20 1 22 1
29 3 64 1
18 0 5 1
31 1 32 1
27 2 47 1
73 6 69 2
69 3 17 2
20 0 11 1
57 2 55 1
28 2 49 1
74 0 15 4
22 1 23 1
18 0 16 1
29 2 48 1
64 0 5 3
18 0 8 1
25 0 9 1
18 0 9 1
68 1 35 1
18 0 3 1
17 0 43 3
31 3 67 1
29 1 30 1
74 1 22 4
16 17 2 0
32 1 33 1
28 0 16 1
20 1 23 1
74 2 47 4
43 55 47 69
30 1 33 1
29 0 13 1
25 1 26 1
32 3 67 1
18 1 19 1
23 0 12 1
28 1 33 1
22 1 24 1
27 1 31 1
21 1 25 1
24 0 14 1
42 0 51 2
22 1 25 1
18 0 10 1
19 0 5 1
20 1 22 1
37 20 1 15
21 0 5 1
22 1 24 1
25 1 33 1
72 3 62 4
20 1 22 1
23 1 29 1
55 39 17 41
23 0 7 1
18 0 12 1
30 0 14 1
25 1 26 1
43 3 63 2
1 74 17 74
18 0 7 1
1 3 59 0
29 2 49 1
27 1 28 1
28 2 47 1
38 75 38 37
64 1 19 3
30 0 14 1
60 0 2 3
28 2 47 1
32 1 33 1
18 0 11 1
28 2 47 1
55 73 52 38
23 0 13 1
27 1 31 1
22 0 6 1
20 0 5 1
19 1 21 1
28 0 12 1
18 0 4 1
22 0 7 1
22 1 26 1
30 2 48 1
30 3 67 1
23 0 7 1
20 0 7 1
17 2 1 0
22 1 24 1
31 3 66 1
27 2 45 1
18 1 19 1
24 1 29 1
18 0 2 1
18 0 9 1
30 2 50 1
20 0 7 1
1 1 27 0
73 3 59 4
9 3 60 0
20 0 10 1
29 0 13 1
18 0 2 1
19 1 21 1
29 3 65 1
29 2 47 1
17 1 64 2
29 2 49 1
19 0 4 1
2 1 1 0
22 0 10 1
70 3 63 4
19 0 16 1
24 0 15 1
18 0 4 1
23 1 26 1
38 32 70 70
27 0 12 1
21 1 23 1
24 43 64 72
22 1 26 1
29 1 30 1
21 37 13 71
20 0 4 1
35 45 16 60
24 1 25 1
42 16 65 62
24 0 8 1
29 3 65 1
26 2 44 1
27 2 45 1
22 1 27 1
20 1 21 1
24 0 14 1
18 1 19 1
24 0 14 1
23 1 26 1
18 0 2 1
31 3 66 1
67 3 60 3
23 1 27 1
21 41 19 61
29 3 65 1
25 0 11 1
28 0 12 1
31 23 2 4
30 2 50 1
27 0 11 1
69 0 11 4
12 3 62 0
29 1 30 1
29 3 65 1
26 2 44 1
18 0 2 1
30 1 31 1
18 0 8 1
18 0 6 1
42 1 63 0
27 2 47 1
60 3 66 3
20 1 23 1
28 2 48 1
30 1 31 1
26 3 66 1
30 3 65 1
20 0 7 1
6 3 59 0
21 0 16 1
63 1 51 2
29 3 65 1
24 0 13 1
18 0 3 1
20 0 8 1
26 2 44 1
62 1 25 3
27 1 29 1
23 0 16 1
71 3 34 5
62 3 61 3
21 1 25 1
26 2 44 1
18 0 6 1
30 3 66 1
18 1 19 1
30 2 48 1
19 1 21 1
75 37 16 1
4 55 22 29
34 0 34 3
44 13 66 53
38 1 17 2
23 1 24 1
18 0 7 1
29 1 30 1
48 3 59 2
26 0 10 1
63 6 68 1
18 0 2 1
18 0 9 1
20 0 7 1
32 45 12 31
18 1 19 1
29 3 64 1
21 0 5 1
26 2 44 1
27 0 11 1
9 4 69 0
27 2 47 1
13 0 9 0
23 1 24 1
18 37 74 2
20 0 12 1
18 1 19 1
73 1 31 4
30 3 67 1
58 35 41 10
20 0 4 1
18 0 3 1
22 1 23 1
23 0 12 1
16 0 9 0
15 3 64 0
23 1 29 1
29 3 64 1
29 0 13 1
28 2 47 1
18 0 2 1
18 0 11 1
18 1 19 1
22 0 10 1
12 0 4 0
30 1 31 1
3 4 40 1
6 3 23 0
28 2 50 1
23 1 26 1
19 1 21 1
29 3 64 1
18 0 13 1
18 0 7 1
32 0 16 1
30 1 31 1
68 2 63 6
22 1 26 1
30 0 14 1
21 0 8 1
27 2 45 1
23 0 12 1
21 0 9 1
22 1 27 1
29 2 49 1
18 0 2 1
18 0 2 1
63 7 61 53
25 1 33 1
25 0 9 1
23 1 24 1
28 1 29 1
25 1 32 1
29 0 13 1
29 3 64 1
29 0 14 1
26 2 44 1
31 3 66 1
33 1 28 1
30 2 48 1
29 2 47 1
30 2 48 1
30 0 14 1
60 0 15 3
61 1 33 3
23 0 13 1
42 9 53 20
19 1 21 1
18 0 2 1
21 1 25 1
18 0 6 1
29 2 49 1
31 3 66 1
32 0 16 1
26 1 31 1
29 1 31 1
67 2 12 4
29 0 13 1
30 4 69 1
75 75 75 74
23 0 9 1
11 3 71 0
19 0 16 1
41 10 58 35
27 2 46 1
22 3 52 1
21 0 12 1
22 1 24 1
19 0 3 1
19 1 20 1
27 2 46 1
28 2 46 1
68 3 67 2
19 0 3 1
22 1 23 1
23 1 29 1
29 2 48 1
61 49 68 40
26 2 44 1
18 0 6 1
24 1 25 1
24 1 31 1
27 1 29 1
27 1 28 1
18 0 2 1
28 1 29 1
55 3 60 5
59 2 35 3
24 1 27 1
31 0 15 1
27 2 46 1
28 1 29 1
32 3 67 1
