30000 5000
479999 24 778192 15
3774252 0 10146 125
59667 72 2189879 1
59361 44 1349632 1
638589143668 65 172649724466 58
58714 18 568728 1
59256 38 1169792 1
59572 55 1679686 1
51755 3 111756 1
59509 61 1859510 1
829191 125 3755561 27
30001 0 9329 1
59528 47 1439924 1
431167874225 95 198910221966 10
56854 9 298535 1
3752113 96 2892728 125
59347 16 509348 1
59637 82 2489815 1
30000 1 500000000000 1
58812 12 388813 1
49181 1 55839 1
1 125 2 2
3765682 0 26582 125
55804 4 148007 1
35029 111 3343238 1
1000000000000 125 30001 125
44437 1 49250 1
49313 125 3773107 1
30001 0 12521 1
30001 0 10770 1
59296 42 1289720 1
55105 3 115106 1
59378 48 1469521 1
59760 81 2459762 1
32659 0 5414 1
54006 4 145011 1
58846 21 659037 1
57604 12 388851 1
59289 42 1289406 1
30001 0 20189 1
59556 18 569557 1
42081 0 24162 1
59345 35 1079538 1
31172 1 31739 1
999999999999 0 1000000000000 124
56551 7 236552 1
59289 38 1169338 1
59840 41 1259841 1
826525 35 1059683 27
53500 4 144167 1
38375 1 40306 1
39431 1 42576 1
3750715 35 1079061 125
56745 6 208055 1
56307 0 26308 1
49547 1 56063 1
43169 1 56338 1
59654 71 2159729 1
58814 25 779144 1
36171 0 21101 1
53971 4 149851 1
59707 94 2849769 1
36198 1 42395 1
385377727270 27 241810364102 7
50023 2 82536 1
57476 11 359703 1
58442 15 478833 1
39010 0 18020 1
3775167 72 2179386 125
58856 24 748955 1
36303 0 21865 1
59351 46 1409459 1
31028 1 31029 1
3755257 0 26258 125
59542 57 1739956 1
1 1 30001 2
59802 115 3479822 1
41376 1 52751 1
53829 4 149145 1
55957 7 237654 1
59642 42 1289984 1
59528 52 1589631 1
3597228 125 3757199 119
57217 5 179515 1
54831 5 178984 1
56705 6 207401 1
58034 15 478542 1
51145 1 51656 1
38505 0 10151 1
50999 3 111600 1
59402 44 1349403 1
35423 0 6898 1
59419 25 779993 1
59769 3 119770 1
51594 3 116376 1
2430000 0 32800 78
52024 1 59366 1
30001 0 3084 1
56953 8 267517 1
59101 6 209102 1
30298 1 30342 1
30296 0 439 1
58959 1 58960 1
39435 1 39727 1
59518 52 1589519 1
52037 3 116843 1
343452055307 68 335105032164 123
58717 20 628916 1
54843 2 89766 1
59574 22 689575 1
30001 0 5674 1
54878 3 117806 1
51448 3 115789 1
59661 14 449662 1
57055 5 177056 1
57673 11 357871 1
3752757 125 3772238 125
3772188 125 3778325 125
30000 124 30001 2
59541 56 1709780 1
36830 0 13661 1
59568 47 1439766 1
56033 7 236115 1
59609 76 2309821 1
59639 68 2069717 1
58614 21 658653 1
59785 100 3029870 1
59730 110 3329997 1
3149999 1 6366 104
3761683 109 3293833 125
59649 43 1319786 1
48121 2 79682 1
31628 0 3257 1
58482 12 389325 1
999999999999 124 29999 62
42426 0 24852 1
44327 1 44328 1
101773962275 94 915753202159 11
59138 33 1019175 1
59737 66 2009943 1
59790 101 3059791 1
31377 1 32754 1
59658 87 2639850 1
40961 1 40962 1
292014548039 8 396666721830 71
59238 39 1199490 1
55746 7 235966 1
3762126 1 46879 125
51049 2 84074 1
57566 12 388355 1
59400 39 1199401 1
56904 9 297484 1
43255 62 1868884 1
51943 3 117772 1
1406643 125 3776587 46
3759843 125 3769155 125
47138 2 81412 1
54626 0 24627 1
3766091 125 3750648 125
3400421 0 8355 113
54817 4 144818 1
999999999999 125 30000 125
3753362 125 3763908 125
500000000000 2 29999 124
57701 13 417702 1
58752 17 539215 1
54380 3 117009 1
21135 125 3764515 0
44259 1 49013 1
32868 1 35736 1
41879 1 45840 1
59591 48 1469800 1
3762557 125 3752854 125
58325 17 539833 1
30391 0 6594 1
37979 1 40640 1
58671 13 419520 1
30481 1 30926 1
53807 2 83808 1
34029 125 3763386 1
59494 58 1769506 1
54383 5 176298 1
59296 42 1289691 1
59768 92 2789769 1
57350 7 237351 1
59357 28 869758 1
325637508163 46 524527073460 32
57541 2 87542 1
58712 23 719077 1
500000000000 62 500000000000 125
35411 1 35412 1
30001 0 27239 1
58724 0 28725 1
59939 37 1139940 1
3772667 0 22764 125
57740 13 418359 1
3766510 0 20057 125
59698 75 2279795 1
42077 1 54154 1
55473 6 208306 1
47150 2 77151 1
59149 29 899321 1
50161 2 80162 1
53110 4 143111 1
3751495 54 1626139 125
31103 0 2206 1
55623 4 147706 1
59521 37 1139536 1
32179 1 34358 1
48771 2 80629 1
50253 1 50254 1
56226 7 239805 1
58432 19 598630 1
57901 6 209386 1
30001 125 3823958 0
57522 1 54769 1
48788 1 32407 1
59772 113 3419810 1
59677 88 2669695 1
55405 6 205709 1
59704 101 3059767 1
30001 2 1 1
59329 23 719330 1
53526 3 114352 1
2 124 500000000000 125
51885 125 3753674 1
51467 3 112348 1
55051 4 145052 1
47495 0 17496 1
59886 121 3659887 1
57911 10 327938 1
56704 5 178210 1
59898 74 2249954 1
59975 26 809976 1
2427706 125 3780001 82
53630 4 148147 1
42607 1 46810 1
59751 120 3629783 1
402772598753 73 494269515269 112
59849 43 1319850 1
57287 5 179636 1
59403 38 1169587 1
59634 66 2009720 1
55867 2 85868 1
56967 9 297213 1
3774613 53 1617764 125
59668 5 179669 1
34323 1 35765 1
59880 105 3179881 1
1667969 0 21613 55
1 124 30000 124
2434 96 2943174 2
58911 22 689163 1
59752 1 59753 1
45355 1 45356 1
50576 3 112304 1
55069 2 85070 1
58295 1 58296 1
40628 0 10629 1
57010 10 327109 1
30898 0 899 1
30001 0 21064 1
46782 2 78603 1
51091 3 112188 1
3775907 88 2650772 125
30219 1 30272 1
56562 7 236563 1
58871 14 449759 1
40047 0 10048 1
456638794168 23 405050539821 94
980002192542 99 635018927966 3
59796 89 2699805 1
59525 63 1919556 1
57190 3 117191 1
643885130892 120 923001818831 58
47129 2 78195 1
84657 125 3750000 0
4624 23 699817 0
755076 6 188446 25
59501 7 239502 1
432054 50 1517229 14
59465 46 1409578 1
49691 1 56255 1
37307 0 16651 1
57201 5 178162 1
36897 1 43794 1
59771 89 2699968 1
59857 43 1319858 1
37057 1 39411 1
2038829 0 11357 67
1261937 120 3648492 40
53080 3 113081 1
46407 1 46763 1
57273 1 57274 1
55698 6 209886 1
58998 11 359474 1
3751859 1 50201 125
18058 1 22258 2
59839 28 869840 1
58143 5 179671 1
59885 91 2759886 1
52512 1 52513 1
35440 1 40880 1
43561 1 48082 1
928523519826 11 838627951963 15
3774966 125 3753787 125
230500 0 9530 7
59833 102 3089958 1
59599 43 1319600 1
42671 1 46896 1
30001 0 5656 1
57552 3 118374 1
1157774 116 3497394 38
37185 0 14371 1
54067 5 174116 1
51423 3 115692 1
57343 8 268218 1
30959 0 1520 1
1 119 3550486 0
59983 31 959984 1
56559 4 149266 1
1975424 1 31639 65
58549 20 628586 1
29999 62 999999999999 124
49757 2 82137 1
59011 10 329012 1
59170 36 1109283 1
58730 23 719506 1
49608 2 88824 1
57667 12 387668 1
59044 27 839127 1
59533 64 1949600 1
32670 1 33561 1
77747022960 76 764538573256 40
41284 1 41285 1
59826 120 3629827 1
59691 41 1259692 1
1606089 48 1443185 52
46283 1 51711 1
59716 77 2339819 1
3768102 34 1023337 125
172649724466 58 638589143668 65
33145 0 18312 1
50661 0 20662 1
2376520 122 3687726 79
59185 36 1109829 1
59618 44 1349619 1
3648437 0 27324 121
30856 1 30941 1
59435 47 1439641 1
29999 34 1055412 1
45855 1 53830 1
51549 1 50763 1
51727 3 116908 1
59868 119 3599872 1
45759 1 58669 1
59901 18 569902 1
369404162364 99 309706511320 2
36537 0 14174 1
58448 17 538639 1
54986 5 175691 1
56909 6 208342 1
2906714 1 52513 96
59958 4 149959 1
534958475854 69 965547871213 77
58458 17 538889 1
52036 3 113259 1
41167 0 18132 1
58106 15 478219 1
54140 4 144141 1
12262 125 3771986 0
59740 67 2039769 1
30001 0 12292 1
40348 1 50695 1
673422755945 111 918201532707 26
58734 13 419637 1
50705 3 110706 1
30001 0 23256 1
32305 0 4610 1
15258 125 3758826 0
57960 6 207961 1
49473 2 88419 1
49451 1 49452 1
49722 1 49723 1
57101 5 177102 1
51537 3 116145 1
54083 5 174498 1
48436 1 48437 1
59679 79 2399707 1
188577446419 100 795160907270 83
3762042 0 10395 125
2200793 96 2909131 73
38149 0 16298 1
36854 0 17105 1
3817281 0 54503 125
59395 49 1499703 1
40182 125 3750478 1
59602 62 1889603 1
31850 0 3700 1
55758 4 145759 1
56952 7 238890 1
51678 1 51679 1
58985 2 88986 1
59844 118 3569845 1
31056 23 719116 1
30001 0 9253 1
45392 0 17530 1
59276 40 1229277 1
30030 1 30060 1
57542770532 18 452659023217 31
823635 125 3776510 27
58903 8 268904 1
59270 39 1199309 1
59761 109 3299797 1
59659 62 1889828 1
52386 1 52387 1
10001 0 27629 0
57150 10 328645 1
48225 0 18226 1
2825396 125 3762854 94
48380 1 54508 1
59717 94 2849718 1
50219 3 110875 1
50622 3 112486 1
35870 1 41739 1
54679 4 146133 1
3135585 0 17443 104
159887 32 959999 6
58006 15 478081 1
36274 0 12777 1
48440 1 54009 1
59198 21 659201 1
58569 11 359782 1
30001 0 22835 1
1386026 125 3753410 46
54346 5 174347 1
3756315 47 1422552 125
59505 5 179619 1
59499 54 1649552 1
36749 35 1053367 1
2154381 78 2348465 71
418636733676 103 110285231507 106
53236 4 146179 1
44036 1 45136 1
37355 1 39807 1
59005 30 929137 1
59207 31 959560 1
39008 1 42011 1
59617 42 1289830 1
38625 1 47250 1
30001 0 9878 1
58172 2 88173 1
58068 11 358742 1
58140 16 508379 1
29999 1 55095 0
45217 0 15218 1
1620938 81 2459053 54
59192 7 239193 1
30000 2 29999 2
56792 8 267226 1
38225 0 16451 1
1747904 80 2418742 58
59704 69 2099705 1
55864 7 236912 1
58736 14 449554 1
32930 1 38780 1
59044 29 899563 1
58618 8 268619 1
13639 7 223017 0
671588889031 56 905922585620 101
30001 0 25591 1
59787 122 3689821 1
48194 0 24255 1
59803 121 3659854 1
59711 63 1919893 1
30001 0 30000 0
30001 0 12743 1
30000 125 999999999999 125
928206873740 123 643286801323 4
50132 3 110133 1
43745 0 13746 1
821511 125 3765504 27
34606 1 34607 1
57320 11 357324 1
59290 1 59291 1
3437190 125 3809759 112
59008 27 839009 1
52265 3 119059 1
59167 30 929325 1
49632 2 88894 1
456541915434 124 520469984403 102
59840 76 2309841 1
3120995 0 19367 104
51267 3 115067 1
37235 79 2397749 1
59403 18 569404 1
43375 1 44702 1
41536 0 11537 1
45379 1 45380 1
2 124 1000000000000 0
53535 4 144596 1
34876 0 756 1
44744 1 59488 1
56913 9 298242 1
51231 1 58309 1
54656 5 175210 1
55832 6 205833 1
59809 56 1709956 1
44748 1 59495 1
34068 124 3725436 1
57464 6 209313 1
30001 0 2191 1
59725 74 2249726 1
30000 2 500000000000 1
40546 1 51092 1
57193 7 237194 1
32447 1 34893 1
1075966 112 3372762 35
52127 3 118507 1
59766 74 2249934 1
55402 3 115403 1
32082 0 13527 1
57289 11 357290 1
49862 1 56483 1
59144 35 1079174 1
59368 32 989369 1
3768478 0 4898 125
49190 2 87569 1
53034 3 113035 1
2 125 999999999999 1
3772338 125 3763103 125
30980 0 1960 1
59782 92 2789888 1
58054 11 359426 1
40090 1 49349 1
54753 5 178514 1
59887 123 3719959 1
59665 78 2369714 1
424446399875 108 451879600495 38
33458 1 34612 1
58408 18 568477 1
39571 1 42322 1
500000000000 125 2 124
3754068 118 3568151 125
59626 80 2429673 1
37087 0 7088 1
50849 3 113395 1
48873 2 80810 1
59771 81 2459910 1
58801 18 568802 1
47138 1 52852 1
1530001 109 3357592 50
57722 11 357723 1
3826670 1 2048 125
33627 1 34837 1
51785 3 111786 1
59985 121 3659986 1
6503 0 13586 0
2144418 98 2940000 73
51016 1 58022 1
3755501 1 57597 125
58335 18 568338 1
43549 1 57098 1
3765651 125 3760362 125
59775 71 2159968 1
57981 9 298543 1
59144 32 989247 1
59686 95 2879815 1
59594 57 1739711 1
306662740893 51 559772814824 57
57263 5 177264 1
59222 12 389223 1
53699 2 88050 1
3764296 1 46749 125
36452 0 12905 1
59765 21 659766 1
54002 5 174011 1
29281 48 1464501 0
29999 1 1000000000000 62
59359 15 479360 1
30855 1 31141 1
59206 29 899977 1
59835 92 2789994 1
59355 29 899382 1
30001 0 7339 1
34616 1 34767 1
58514 20 628775 1
259931 0 23651 8
58740 23 719746 1
48206 2 82942 1
2351368 2 30000 78
692975 104 3138335 23
46491 2 76541 1
53942 4 149708 1
32940 1 35480 1
3773049 1 49665 125
3780000 14 498425 125
58794 24 749844 1
34082 1 38164 1
58386 13 418387 1
30606 1 30607 1
58154 16 508618 1
57366 9 298039 1
54231 1 59223 1
47877 2 78386 1
33775 1 35034 1
59129 18 569130 1
3764791 0 27662 125
51384 0 21385 1
21718 125 3821634 0
50775 3 111897 1
52631 4 143152 1
59763 67 2039969 1
59668 69 2099669 1
2 125 2 1
54030 0 24031 1
41388 0 11389 1
660000 40 1233386 19
59632 59 1799879 1
41104 0 24074 1
1854773 1 59910 61
59415 29 899491 1
59787 71 2159788 1
597083871289 49 578067512260 88
55218 6 206523 1
1 124 999999999999 125
56807 9 298065 1
59496 50 1529700 1
59630 71 2159682 1
59222 38 1169631 1
52113 3 118451 1
1694924 125 3780000 58
59492 50 1529582 1
55133 5 177485 1
58820 18 569259 1
30001 0 64 1
59475 35 1079791 1
59178 32 989179 1
55318 3 118509 1
53547 4 147734 1
44841 1 59681 1
57275 8 268096 1
56370 3 119089 1
3706663 0 1 125
59697 71 2159770 1
48403 125 3765046 1
57748 7 237749 1
38287 1 46574 1
59570 60 1829571 1
48838 2 80758 1
3758178 125 3772579 125
55854 4 147677 1
378234472665 82 734582693139 55
3762827 79 2389604 125
59485 5 179486 1
32274 10 320837 1
38788 1 44344 1
59270 41 1259330 1
751886494171 17 411984003768 26
56163 4 146164 1
59676 92 2789789 1
58961 27 839298 1
59645 73 2219700 1
30001 0 4010 1
59977 124 3749978 1
47082 1 47083 1
54662 5 175135 1
59747 118 3569812 1
58797 17 539301 1
39352 0 18705 1
54100 5 174595 1
59154 7 239155 1
30001 0 30001 125
59296 42 1289307 1
56009 125 3770305 1
59701 100 3029752 1
3756467 60 1772421 125
40438 0 20877 1
58683 14 448684 1
3703586 11 299999 125
57190 1 57191 1
32882 1 34585 1
58992 24 749217 1
58697 23 718710 1
59630 80 2429999 1
56212 7 239693 1
51011 3 114043 1
30001 125 500000000000 124
58879 26 809709 1
52403 3 112404 1
51607 2 82205 1
59301 12 389302 1
755034044003 122 798223690064 12
40793 1 41200 1
24221 1 48628 0
58918 21 659235 1
14523 93 2811664 0
55643 5 176818 1
55522 6 205523 1
46170 0 18174 1
58665 22 689291 1
59309 6 209310 1
58557 20 629683 1
59918 55 1679919 1
59696 98 2969811 1
40771 122 3664100 1
59920 98 2969921 1
59325 41 1259379 1
3450368 2 23766 114
38256 0 13949 1
35796 0 11593 1
46259 1 46260 1
3766168 125 3752299 125
42249 0 24499 1
59624 61 1859669 1
59860 57 1739929 1
59095 22 689516 1
54576 5 177455 1
362976530997 43 438843275959 33
31147 1 32293 1
2550649 1 59384 85
59415 50 1529431 1
31247 1 32494 1
473592850511 14 659548792574 42
59886 41 1259887 1
57798 11 358243 1
59084 10 329085 1
56778 8 267053 1
8634 125 3770540 0
1500000 27 791158 49
58132 13 418514 1
59669 64 1949803 1
59377 48 1469427 1
1 0 19115 0
124 10 329999 0
36940 1 39070 1
56906 9 299052 1
30001 0 15425 1
57018 10 327189 1
6147 125 3750001 1
57918 36 1106282 1
958666859558 94 866414316831 107
3767457 125 3770605 125
38838 125 3723316 3
59576 56 1709679 1
137252771724 28 932354367478 57
2598011 46 1406470 86
55371 6 207593 1
214751137715 68 331084238179 83
58800 23 719502 1
58396 18 569508 1
58281 17 538949 1
500000000000 125 1 2
58588 3 118798 1
3638780 70 2124307 123
57345 6 209105 1
54046 4 147864 1
56492 0 28492 1
59696 22 689776 1
58855 26 809062 1
597322062403 115 4260043159 41
3762651 125 3750410 125
59269 3 119270 1
59548 33 1019979 1
30001 0 4413 1
30001 0 4756 1
59681 88 2669703 1
52617 3 116697 1
59960 32 989961 1
46374 1 49258 1
17678 38 1143530 0
54152 5 174907 1
58061 11 358729 1
59499 59 1799887 1
57636 9 299164 1
55268 6 206873 1
37232 1 39643 1
41702 0 23404 1
46155 2 76733 1
3760077 4 121512 125
55171 0 25172 1
52167 2 85752 1
58678 17 538991 1
33603 0 3604 1
53605 0 23606 1
36715 0 10651 1
52790 0 22791 1
1257519 26 820510 39
50237 2 89164 1
468950694948 51 659833372295 17
37060 1 38471 1
3234076 17 533523 107
59428 52 1589434 1
147625099251 75 544758910392 75
55652 6 209558 1
3749999 2 23094 125
59597 66 2009598 1
59275 25 779276 1
53385 4 146923 1
3759851 22 670906 125
59718 21 659719 1
58641 22 688669 1
59343 25 779344 1
59686 95 2879770 1
1480757 79 2389235 49
31820 0 3787 1
1 125 29999 124
45289 2 75290 1
45702 2 77105 1
59294 4 149295 1
48323 2 84969 1
59806 106 3209950 1
30001 0 4046 1
3750000 104 3205075 125
53206 4 143678 1
59401 47 1439440 1
30001 0 4118 1
32232 0 2233 1
1079999 79 2399111 37
3203026 0 37465 104
32728 0 4550 1
59978 124 3749979 1
41143 0 22287 1
822237875829 114 923706360450 53
1410000 125 3695844 47
30066 0 515 1
45428 0 16966 1
3762828 1 46179 125
59820 78 2369892 1
59163 35 1079847 1
9519 54 1642526 0
1000000000000 62 2 125
58917 27 838944 1
3752073 0 26390 125
59844 65 1979845 1
21562 125 3755579 0
49651 2 80059 1
33481 19 597401 1
59418 35 1079680 1
34209 0 8419 1
1999869 125 3764414 66
57949 14 449225 1
999999999999 62 1 125
722625 114 3430160 24
45900 48 1465134 1
59572 40 1229573 1
59278 41 1259288 1
56267 6 207218 1
59436 35 1079715 1
46943 2 80488 1
47215 0 17216 1
2253814 97 2931887 75
41192 1 47403 1
58605 5 179907 1
59409 31 959763 1
40189 1 43586 1
58208 13 418656 1
253999769545 123 737983332425 37
34952 0 9904 1
58604 20 628605 1
43377 0 18651 1
1437305 0 11896 47
33349 0 6819 1
205513899914 86 687476112574 13
53078 4 145387 1
58999 16 509000 1
42491 1 46656 1
46383 2 79147 1
43980 0 27960 1
577242584875 120 481142333299 102
59700 67 2039844 1
59702 49 1499885 1
55894 7 235964 1
59774 16 509797 1
44114 1 58228 1
59535 64 1949718 1
56764 9 297637 1
58692 1 58693 1
34910 0 4911 1
57894 0 27895 1
45911 0 11772 1
57506 12 387575 1
53644 3 115831 1
30001 0 18337 1
49730 0 19731 1
56092 4 146583 1
30948 0 1838 1
56960 9 297201 1
59527 49 1499662 1
151337 68 2062700 5
59537 48 1469694 1
59847 121 3659942 1
40456 1 50911 1
30159 0 318 1
3775751 1 50189 125
33024 0 3025 1
59754 66 2009958 1
48510 0 18511 1
45803 1 51072 1
30000 62 2 125
58388 1 58389 1
59080 23 719434 1
30001 0 27478 1
59014 18 569164 1
59826 51 1559827 1
59177 36 1109298 1
58303 17 539441 1
41526 23 707699 1
3758174 125 3775463 125
17429 65 1957794 0
59031 30 929957 1
396 61 1833453 0
938787770034 23 864744691505 88
1786374 1 36015 59
54742 5 175273 1
42556 0 12557 1
40128 1 51098 1
59282 35 1079293 1
59167 35 1079996 1
59828 124 3749898 1
58391 10 328392 1
57781 13 418931 1
47760 1 52408 1
59767 105 3179768 1
59927 35 1079928 1
58748 5 178749 1
49945 2 79946 1
320200420343 3 61325275273 84
36515 1 43029 1
59691 60 1829877 1
57234 10 329567 1
59722 86 2609789 1
57877 7 239560 1
3765708 99 2921650 125
54710 5 176699 1
57317 9 297318 1
59737 38 1169738 1
57226 10 327227 1
30532 0 2517 1
3725143 10 300000 125
59749 111 3359769 1
49520 125 3756240 1
44543 0 20271 1
3770387 125 3775279 125
54181 1 56525 1
55285 6 206994 1
54680 5 178075 1
59542 54 1649901 1
37039 82 2488037 1
57565 10 329645 1
59357 24 749919 1
56819 9 298187 1
29374 70 2117175 0
59598 36 1109599 1
30938 1 31252 1
58765 13 418766 1
1434586 15 450001 45
50727 1 50728 1
59774 123 3719792 1
1546627 125 3761090 51
613942233767 14 444445938984 90
3763451 125 3752625 125
46238 1 50744 1
30186 1 30371 1
54286 5 175716 1
30001 0 21765 1
3345 54 1640169 0
2088 65 1973816 0
41927 1 45903 1
142723364436 34 17274339920 13
58380 1 58381 1
58290 2 88291 1
47221 2 77222 1
53139 2 83285 1
38794 1 39437 1
59696 82 2489758 1
58161 11 358162 1
30001 0 29974 1
51107 2 84455 1
59753 121 3659755 1
58753 24 748772 1
31329 0 1348 1
59219 0 29220 1
57606 8 268729 1
59624 35 1079625 1
38807 0 21888 1
59668 77 2339725 1
898430174766 64 23395278936 122
35367 1 40733 1
56159 7 239269 1
59793 35 1079871 1
57281 125 3759042 1
52624 3 112625 1
3762166 50 1528782 125
54172 4 145287 1
57398 11 357399 1
59730 87 2639731 1
57555 8 268600 1
58941 20 628942 1
44709 0 29418 1
57895 12 389723 1
3768822 22 671986 125
59598 68 2069637 1
9963 125 3758825 0
39522 1 44752 1
679955662275 35 573462098028 26
59093 19 599702 1
3385620 47 1429872 112
38260 1 41014 1
59637 77 2339663 1
680441 125 3775789 22
50084 1 50085 1
56461 8 268137 1
59529 57 1739553 1
59645 35 1079646 1
54462 5 176772 1
827841022655 122 835870782552 67
59665 41 1259864 1
396666721830 71 292014548039 8
58629 18 569384 1
41339 0 26939 1
3771859 109 3274989 125
59932 123 3719933 1
37254 1 44507 1
26856 114 3420001 1
46285 2 76928 1
37323 1 44645 1
30001 0 11417 1
43726 1 57451 1
58219 11 358220 1
51753 3 117012 1
59497 59 1799504 1
59517 62 1889534 1
58891 27 838939 1
1665257 109 3294884 55
2270082 125 3720000 76
2914517 1 45283 97
59637 82 2489860 1
58909 26 808925 1
59660 88 2669667 1
544758910392 75 147625099251 75
59557 60 1829613 1
32236 0 9497 1
41402 0 22805 1
59070 32 989282 1
59860 53 1619981 1
59932 89 2699933 1
31035 0 1036 1
57930 8 269275 1
58636 14 448637 1
59754 86 2609856 1
47792374498 84 264914669420 70
46098 2 78293 1
59744 42 1289745 1
58665 3 118666 1
37542 1 45083 1
52431 3 119721 1
659833372295 17 468950694948 51
699315 71 2160001 21
3757604 125 3765418 125
54890 5 174891 1
53801 3 115117 1
59196 36 1109263 1
59823 66 2009824 1
59889 121 3659890 1
164216718855 32 227460089913 107
45408 2 75876 1
30001 0 21254 1
53677 4 148385 1
56867 9 298667 1
500000000000 62 1000000000000 0
59348 46 1409349 1
59910 32 989911 1
46294 0 16295 1
30001 2 2 62
59563 68 2069783 1
146335225558 108 713141792232 108
59402 38 1169584 1
58825 25 779437 1
30001 0 13365 1
58992 6 208993 1
43907 0 19891 1
54305 5 175828 1
59710 99 2999897 1
59100 22 689131 1
999999999999 125 500000000000 0
59131 18 569181 1
44365 1 44366 1
24105 125 3757556 0
36635 1 38848 1
57538 11 359906 1
58784 20 628785 1
55517 6 208617 1
3738773 125 3750001 125
59826 71 2159827 1
59029 20 629511 1
59588 72 2189920 1
59128 24 749129 1
30001 0 20568 1
51273 2 82588 1
579816169962 31 846901483378 12
41042 0 22088 1
1000000000000 0 2 124
54390 0 24391 1
59089 5 179090 1
56450 8 268048 1
55588 6 209115 1
59599 45 1379600 1
59277 41 1259628 1
49416 0 19417 1
54323 4 145540 1
341363877594 124 412275623600 48
53472 0 29589 1
32377 1 33360 1
48971 0 24439 1
2934424 2 30000 97
40694 1 44260 1
37144 0 24192 1
44389 104 3126264 1
30001 0 8622 1
668242034842 71 710690341611 51
606234980262 23 967175147283 8
59281 41 1259796 1
447782593704 41 419085066241 39
40386 1 49168 1
58574 12 388575 1
59380 48 1469580 1
58941 23 718942 1
28486 108 3268640 0
37328 0 14657 1
38379 1 38380 1
57400 11 357424 1
54217 125 3763042 1
31689 1 32253 1
54366 2 89050 1
3586128 125 3749999 117
3762038 0 24359 125
47711 2 83133 1
1408009 0 29999 46
3779843 1 46061 125
57595 10 327596 1
57903 12 388195 1
59224 32 989225 1
59776 103 3119843 1
53676 4 148377 1
41508 1 48760 1
58853 16 509740 1
52640 4 143197 1
49164 1 52259 1
58019 14 448365 1
33669 0 5372 1
59602 26 809990 1
45222 2 75637 1
59608 26 809849 1
386118958408 24 154723532520 29
46551 2 77113 1
3772691 0 12908 125
53795 4 148971 1
38285 0 27673 1
30001 0 28081 1
59727 91 2759784 1
986637 0 5291 32
54291 5 175741 1
44443 1 44444 1
59471 53 1619472 1
41273 1 45032 1
53090 2 83091 1
59356 46 1409703 1
59834 104 3149971 1
53645 2 83646 1
47288 2 81864 1
59921 32 989922 1
59438 43 1319961 1
2686689 125 3778468 89
606533 0 23281 20
57487 8 267488 1
32805 0 24138 1
58878 26 809695 1
15126 125 3750000 1
58751 24 748774 1
59023 18 569645 1
59171 25 779515 1
59001 30 929028 1
55196 4 146995 1
40272 1 43697 1
57977 14 449654 1
29999 125 29999 125
42566 1 45926 1
30310 1 30311 1
59816 44 1349886 1
31466 1 31956 1
1099932 6 195081 36
58618 20 628633 1
1088270 1 59374 36
59071 27 839242 1
59969 69 2099996 1
51050 3 114198 1
58882 22 689109 1
30044 0 540 1
56648 4 146649 1
58250 14 448595 1
50649 68 2059511 1
3710455 1 18158 125
59630 28 869895 1
49855 125 3758348 1
3781936 57 1740000 125
37348 1 44695 1
33895 0 7423 1
59327 40 1229328 1
44701 1 59402 1
55686 4 146075 1
59938 70 2129939 1
3777468 125 3769862 125
53308 2 84781 1
51297 1 54157 1
30019 1 30038 1
2606193 125 3764701 86
59505 45 1379524 1
47166 112 3363281 1
45726 2 77067 1
59671 88 2669683 1
45594 2 75595 1
59692 97 2939726 1
32371 0 4743 1
51277 1 58370 1
49476 1 49477 1
57327 11 357919 1
55569 5 175866 1
59609 65 1979610 1
50938 3 113750 1
59079 32 989589 1
57451 7 237481 1
37713 1 38669 1
52420 3 119679 1
1473203 93 2814183 49
53332 4 146656 1
2367098 1 42371 78
2941972 125 3754861 98
59639 12 389640 1
2221 1 43337 0
614588418360 16 738480452581 10
59478 19 599951 1
48792 2 86374 1
50825 3 113299 1
3772194 30 914456 125
42416 1 54832 1
3083615 106 3207767 102
49562 0 19563 1
54126 2 84127 1
3763093 1 50474 125
55896 7 237168 1
30001 0 4311 1
55078 4 145580 1
43942 0 27885 1
35155 1 35156 1
50648 3 111394 1
1042637 125 3774373 34
3764730 0 13481 125
37805 125 3760490 1
8352 0 90000 1
58731 12 389787 1
56733 9 296788 1
37952 0 5132 1
41474 1 45300 1
52898 4 144486 1
751519034641 110 246949827845 67
33068 0 28063 1
59384 37 1139569 1
47468 1 55973 1
54497 2 89247 1
1464764 1 53242 48
59424 52 1589451 1
57703 12 388419 1
59078 4 149079 1
37019 1 39360 1
59438 53 1619627 1
32816 0 7020 1
651783548000 103 741892459720 89
8177 125 3750466 0
53168 4 143169 1
58804 15 479515 1
56144 7 239147 1
30001 0 11792 1
36047 1 38063 1
57246 7 237765 1
59485 19 599486 1
50238 3 110381 1
59734 72 2189882 1
3761780 0 20612 125
58916 27 839643 1
58622 13 418623 1
59442 25 779530 1
59194 30 929982 1
44464 1 58928 1
52962 0 22963 1
3776398 1 6298 125
57002 3 118178 1
57416 10 327764 1
28994 37 1135141 0
56370 8 267322 1
3764316 6 189573 125
30001 0 22911 1
58581 21 658777 1
44717 1 59434 1
58189 10 328190 1
59328 44 1349755 1
1901914 125 3773428 63
36032 1 42064 1
31988 0 3977 1
37914 1 43286 1
31539 0 1540 1
58944 17 539580 1
30831 1 31109 1
1673652 1 47826 55
198910221966 10 431167874225 95
643286801323 4 928206873740 123
54447 3 118744 1
50272 2 85067 1
59324 44 1349556 1
464622847346 47 266957567399 81
58653 2 89817 1
59619 75 2279639 1
58822 19 599185 1
56822 4 147810 1
54927 4 144928 1
44936 1 49916 1
59381 44 1349443 1
764496514150 16 302629177331 67
28236 125 3774719 0
56186 7 236554 1
2692767 25 761311 89
56582 6 206583 1
58669 7 239552 1
32255 0 4511 1
59130 20 629131 1
58852 119 3573874 1
58070 10 328962 1
331084238179 83 214751137715 68
54690 2 84691 1
56098 3 119758 1
55685 4 145686 1
57921 12 389267 1
56231 6 207156 1
73146 31 929999 0
45334 1 55259 1
36065 0 8910 1
32000 1 34000 1
30001 0 13435 1
58739 13 419647 1
30001 0 6648 1
59748 119 3599759 1
59777 72 2189966 1
59495 59 1799676 1
44443 0 18872 1
835870782552 67 827841022655 122
3691252 125 3818821 125
53458 4 144098 1
57929 12 387930 1
41760 1 53520 1
568421708860 40 518766972810 12
39675 1 49350 1
59578 70 2129990 1
55740 1 55741 1
30264 1 30528 1
54704 5 174705 1
174744 125 3753311 5
56688 8 268958 1
57085 3 117086 1
30001 0 2202 1
58770 23 718771 1
54475 5 176850 1
3830830 125 3754294 125
54366 5 176195 1
53613 4 143614 1
59979 66 2009986 1
57421 11 358975 1
2884988 1 59381 96
53995 3 116947 1
3769596 125 3777045 125
46916 2 77587 1
46495 2 77244 1
57964 3 117965 1
59386 48 1469904 1
59090 32 989953 1
3757484 16 486492 125
59816 125 3779904 1
2208035 0 26099 73
42810 1 55620 1
3766150 2 63947 125
21297 93 2799858 0
30000 125 1000000000000 124
58717 23 719208 1
55543 6 208799 1
59970 17 539971 1
30229 0 5024 1
966628968726 31 51641610883 8
52830 1 52831 1
59321 44 1349427 1
55427 6 205428 1
58758 12 389837 1
59072 32 989349 1
30001 0 28835 1
34444 1 35046 1
54617 5 174663 1
59424 52 1589441 1
54362 4 146472 1
49080 1 49081 1
41110 0 11174 1
58971 27 838972 1
55870 7 236955 1
801192330684 97 548852135102 121
59244 39 1199738 1
3757668 125 3750159 125
59897 83 2519898 1
58719 15 479587 1
46361 2 79081 1
45879 2 75880 1
57361 11 357362 1
39621 1 49241 1
57681 4 149560 1
32946 1 33940 1
55872 5 177210 1
3775926 46 1466752 125
49366 2 88096 1
59713 104 3149776 1
50519 3 112074 1
54197 0 24198 1
59497 59 1799786 1
59671 5 179672 1
58601 14 449252 1
43649 1 57297 1
50166 2 80211 1
58534 13 418845 1
57858 14 447869 1
59771 92 2789967 1
59215 28 869483 1
3786024 125 3834024 125
59146 21 659672 1
34797 1 39593 1
50828 1 57772 1
30718 1 30913 1
58261 17 538590 1
59108 25 779395 1
51641610883 8 966628968726 31
35641 0 11282 1
48496 1 51170 1
54097 5 174506 1
59072 25 779073 1
30001 0 306 1
54789 3 117663 1
3493660 0 30000 115
50697 3 110698 1
59749 119 3599796 1
59686 2 89687 1
45952 2 75953 1
59819 59 1799944 1
45232 1 50310 1
907709827100 68 706149208185 47
59611 59 1799728 1
3248993 125 3756385 108
55473 2 88522 1
57722 10 328325 1
59603 34 1049604 1
53510 3 113511 1
31056 1 31409 1
58643 22 688772 1
59845 100 3029989 1
1996162 73 2204213 66
42630 0 25260 1
53629 4 148143 1
58936 18 569479 1
3755915 125 3773296 125
49222 0 27855 1
50943 125 3774605 1
2061070 125 3759099 68
241810364102 7 385377727270 27
3526646 125 3774840 117
35669 1 35670 1
57969 13 418358 1
3762045 125 3771182 125
59390 46 1409432 1
59483 35 1079588 1
3776387 1 52370 125
54228 5 175368 1
52323 2 85986 1
35538 0 15791 1
55645 2 85646 1
59727 102 3089749 1
56316 5 177972 1
43859 0 27719 1
58009 15 478139 1
58794 24 748836 1
59808 78 2369996 1
54372 2 84373 1
58592 18 568593 1
59709 102 3089991 1
50935 2 83903 1
59825 110 3329921 1
1788874 106 3182583 59
54376 5 174646 1
59587 29 899588 1
51159 3 114636 1
30263 0 8625 1
59981 12 389982 1
59448 41 1259659 1
49421 2 88261 1
1797736 1 53828 59
1500000 125 3692773 51
59522 15 479523 1
31312 0 2625 1
59024 24 749278 1
33789 0 10153 1
38450 1 46899 1
1144849 96 2942661 36
3762522 1 40085 125
59687 72 2189788 1
47443 104 3139624 1
51246 1 58329 1
55941 7 237527 1
3765202 125 3779605 125
3769173 0 18564 125
50772 3 110773 1
3752490 125 3764971 125
58847 24 748938 1
59219 38 1169513 1
59987 78 2369988 1
3762040 1 43444 125
57737 13 418312 1
58829 25 779536 1
48758 1 48759 1
56326 7 236327 1
56175 7 236534 1
59645 6 209646 1
9824 1 42601 0
50379 3 111515 1
58789 18 569028 1
52946 3 112947 1
30393 0 394 1
41975 0 25460 1
59391 49 1499505 1
59580 39 1199900 1
2556810 0 38109 86
737983332425 37 253999769545 123
51129 2 82990 1
30001 0 26220 1
3759777 67 2039752 125
33068 1 33069 1
55175 6 206223 1
907455411205 57 241384002821 52
500000000000 125 500000000000 62
49177 1 49178 1
46417 1 57515 1
59442 20 629443 1
56971 9 299710 1
59694 98 2969704 1
40598 1 40599 1
39206463980 41 638926155276 69
58203 11 358204 1
58418 4 148419 1
59324 28 869695 1
58536 125 3756438 1
42931 1 42932 1
59208 36 1109249 1
34772 1 38107 1
58906 11 359867 1
58839 16 509474 1
39162 0 18324 1
1000000000000 124 999999999999 0
47548 1 47549 1
54232 4 144233 1
56705 1 56706 1
59834 18 569835 1
999999999999 124 29999 1
54280 5 175680 1
43558 0 27116 1
999999999999 125 1 124
50746 3 111195 1
58347 17 538402 1
59795 124 3749796 1
37224 1 44448 1
50017 2 81473 1
30001 0 6055 1
48176 2 79765 1
56494 8 268444 1
59493 15 479494 1
1264 125 3755660 0
57200 10 327367 1
58952 28 869585 1
40953 1 49641 1
33429 0 6858 1
59754 64 1949971 1
3766525 125 3756584 125
56314 8 266819 1
51617 3 115330 1
59151 26 809435 1
51622 1 58830 1
3733355 48 1380000 125
59063 32 989072 1
1620000 37 1108537 56
52598 3 114158 1
50495 3 111979 1
37030 1 44060 1
59382 48 1469695 1
48940 2 86819 1
52081 1 59442 1
59337 45 1379492 1
59380 48 1469582 1
31945 0 3890 1
52351 3 119403 1
31954 1 31955 1
59466 49 1499542 1
795160907270 83 188577446419 100
24836728622 39 933481815683 96
30001 0 17330 1
56814 6 208611 1
48066 1 54089 1
47181 2 78273 1
58078 11 358079 1
30001 0 14490 1
31147 0 2295 1
41581 1 53161 1
58531 12 388532 1
56563 2 88413 1
291487310840 22 262072896012 75
391137132660 26 323172678783 114
43031 0 26062 1
1696200 44 1260000 57
58090 14 448295 1
53280 0 23281 1
55759 7 236072 1
25871 36 1086392 0
56005 7 238033 1
36618 0 6619 1
32992 0 5244 1
57478 7 239751 1
36598 0 7732 1
1211567 125 3720000 42
37214 1 44427 1
3769014 0 20387 125
1320000 125 3745453 44
59436 6 209437 1
50266 1 50267 1
3750857 125 3754284 125
29999 12 379699 0
52530 4 142571 1
59372 37 1139546 1
2624303 125 3762685 87
55280 3 118449 1
35681 22 668876 1
55266 6 206859 1
57611 6 207612 1
41425 1 52849 1
57328 11 357933 1
57234 9 297700 1
1800000 15 527599 60
57874 11 357875 1
1615655 125 3758589 53
50903 1 57871 1
597805178506 119 720129961413 4
30001 0 26020 1
30001 0 1975 1
56935 4 149893 1
58347 14 448777 1
59963 120 3629964 1
59648 66 2009649 1
58968 15 478969 1
30001 0 25340 1
3760751 61 1859226 125
3777552 0 18755 125
32301 0 7126 1
620647 125 3775953 20
37933 1 41141 1
28687 94 2794376 2
59680 53 1619919 1
40713 1 43508 1
3006 1 41811 0
30001 0 20515 1
346 1 35526 0
59649 85 2579805 1
40858 1 51716 1
56590 6 206871 1
107448741702 87 317654000806 64
2931094 1 56408 97
3754182 0 22645 125
2755891 45 1372797 91
55119 6 205828 1
59790 95 2879844 1
58597 15 478598 1
56437 8 267927 1
59690 75 2279866 1
46452 2 77371 1
49292 2 81439 1
31416 1 32831 1
59714 99 2999927 1
54074 2 84075 1
59918 39 1199919 1
55808 5 177101 1
55323 6 207258 1
30001 0 25137 1
48475 2 80213 1
59786 86 2609979 1
3714486 43 1289999 125
59106 31 959586 1
44490 1 58980 1
40345 0 20690 1
30001 0 2579 1
59157 18 569158 1
59935 83 2519975 1
30758 0 2585 1
57690 12 389278 1
45158 2 75381 1
2525648 84 2528676 84
46779 1 53415 1
59698 99 2999736 1
33769 1 37538 1
56836 5 176837 1
38025 113 3407292 1
2627357 1 46088 87
3325684 125 3771800 110
54063 5 174373 1
56429 8 266515 1
59638 16 509639 1
54713 2 86421 1
1 55 1720465 0
58864 14 449746 1
31771 1 33157 1
50196 3 110781 1
55606 6 206061 1
40475 0 20950 1
58142 16 508405 1
822320684405 123 225927932280 69
59658 77 2339750 1
58722 23 719310 1
59365 4 149366 1
30001 0 24437 1
40435 0 20870 1
54262 5 175571 1
3777090 1 55021 125
2235833 95 2790000 72
616173 1 48491 20
36794 1 39391 1
39827 22 683377 1
56851 9 297189 1
58849 14 449718 1
59702 100 3029803 1
59493 59 1799526 1
57070 102 3072624 1
59340 1 48218 1
43525 0 27050 1
426729 0 15868 14
3786514 0 62589 125
52301 3 119203 1
46533 1 52329 1
58735 22 688827 1
49916 2 89748 1
3759186 125 3779314 125
59665 89 2699787 1
59719 106 3209835 1
3771657 125 3750001 125
58146 13 418540 1
2712956 1 35213 90
40370 1 50740 1
39653 0 10457 1
35245 0 11511 1
647353073464 10 323735683814 23
59079 32 989576 1
56857 5 176858 1
36405 1 36406 1
45527 1 55318 1
51274 0 23663 1
59714 97 2939984 1
56932 9 297200 1
1586878 125 3753873 52
59708 44 1349709 1
36116 125 3763091 1
35588 1 37452 1
41803 0 13263 1
2650195 125 3775773 88
3720000 38 1176177 125
47569 1 47570 1
48187 2 78188 1
44657 0 29314 1
59057 28 869058 1
57425 11 359098 1
30001 0 7105 1
52782 4 143189 1
59570 36 1109953 1
53891 4 149451 1
50476 0 20477 1
43639 1 43640 1
55231 3 115452 1
57991 13 418251 1
59791 121 3659831 1
59581 71 2159814 1
30001 62 500000000000 1
42572 1 42573 1
39274 0 18549 1
69523443745 51 884840423601 99
58730 22 688731 1
59502 44 1349503 1
59420 49 1499452 1
59675 62 1889829 1
410095913780 22 846008382207 118
11789 12 363230 0
59829 68 2069830 1
58770 24 749226 1
80022 125 3785979 0
58868 1 58869 1
59718 86 2609784 1
59216 33 1019217 1
772231 37 1110001 26
42654 0 28605 1
48063 0 18064 1
59734 88 2669808 1
30001 0 432 1
3700950 125 3780000 125
57732 5 177733 1
1788596 50 1515140 59
50345 3 111380 1
56293 8 266400 1
59767 69 2099964 1
50078 3 110312 1
39553 0 22102 1
58709 16 508710 1
59574 50 1529742 1
2503434 36 1026635 82
32278 1 33038 1
59017 30 929500 1
53108 4 145536 1
36734 1 38980 1
45166 2 75496 1
34031 1 35376 1
48717 1 54957 1
59854 92 2789948 1
3607056 65 1976406 120
59852 109 3299977 1
49149 1 58060 1
17998 24 723705 0
53035 2 87054 1
30001 0 23486 1
34344 0 4345 1
59061 25 779062 1
59765 97 2939839 1
32902 1 34261 1
58320 11 359207 1
59398 38 1169399 1
715149 113 3412444 23
864948936184 80 665669514224 45
125105 38 1150947 4
52476 3 119903 1
45436 0 15437 1
52919 2 84456 1
32354 1 32355 1
58242 14 448440 1
31067 0 1068 1
33209 1 33244 1
29999 1 999999999999 124
84191 125 3750000 0
53466 1 59906 1
59671 90 2729690 1
241384002821 52 907455411205 57
3778945 125 3779244 125
56137 1 56138 1
3840000 0 38099 125
58133 1 58134 1
46842 2 78399 1
57309 2 87793 1
59286 41 1259421 1
59746 103 3119780 1
58784 17 539275 1
58847 23 718935 1
59497 18 569978 1
59850 106 3209851 1
30001 0 29992 1
59433 51 1559767 1
50957 3 110958 1
45809 2 75810 1
2436261 61 1846127 81
58461 19 599216 1
8677 86 2596444 0
59486 52 1589547 1
51140 2 84211 1
59559 68 2069563 1
31528 0 3056 1
59513 49 1499514 1
58813 13 419785 1
55965 5 178902 1
40758 1 42466 1
41078 1 52155 1
58822 12 389957 1
171 125 3759550 0
33007 1 33554 1
56564 7 237520 1
29336 15 464345 0
54495 5 174496 1
58586 21 658877 1
57128 2 87129 1
38201 0 13031 1
59786 74 2249787 1
56649 8 269838 1
317654000806 64 107448741702 87
54365 5 176189 1
59399 25 779954 1
32175 1 32956 1
41584 0 23169 1
59856 122 3689958 1
59779 67 2039780 1
57490 11 359873 1
41684 0 11685 1
47853 2 83557 1
40323 0 10324 1
59569 28 869570 1
31299 0 1558 1
55571 6 208996 1
53541 4 147701 1
57108 9 297194 1
53585 4 144309 1
59562 68 2069721 1
54459 5 174460 1
51122 3 113067 1
31859 0 1860 1
33149 1 36298 1
49616 1 56156 1
59917 48 1469918 1
3779694 2 79298 125
34243 1 43134 1
57819 13 419465 1
59461 43 1319614 1
3763550 125 3754137 125
41590 0 27684 1
3773813 125 3770536 125
57199 10 327365 1
46802 2 80404 1
56060 7 238480 1
30001 0 24610 1
56378 8 267398 1
3779936 107 3229109 125
59738 68 2069914 1
58725 23 719379 1
58441 19 598805 1
9958 125 3758035 0
57638 11 357831 1
58051 14 448222 1
30001 0 28447 1
38194 1 46388 1
58966 29 898967 1
57659 12 389559 1
3360000 90 2788858 112
846901483378 12 579816169962 31
999999999999 2 30001 0
59650 55 1679839 1
3779999 1 14718 125
41258 1 45011 1
59856 43 1319857 1
59494 5 179594 1
59783 85 2579916 1
59853 77 2339854 1
49344 0 19345 1
26040 34 1022362 0
59275 41 1259534 1
491407 1 30057 16
57650 9 298455 1
30001 0 26670 1
59645 71 2159711 1
1243571 0 13017 41
59595 73 2219994 1
56347 8 266610 1
59325 30 929326 1
55178 5 176621 1
38016 1 46032 1
59087 16 509088 1
59852 108 3269980 1
30127 0 255 1
58367 13 418953 1
3787537 0 1 125
999999999999 2 999999999999 125
3774822 125 3772818 125
59504 20 629505 1
57159 5 177160 1
54349 4 144350 1
32318 0 2319 1
59096 30 929158 1
58310 13 418847 1
59983 114 3449984 1
731097 36 1088083 24
58720 11 359946 1
57259 6 208954 1
58304 65 1971139 1
53060 4 145298 1
58912 22 688928 1
58437 19 598452 1
43287 0 18669 1
2986576 103 3078951 99
3773213 1 39028 125
58868 5 178869 1
6772 1 59640 0
39577 1 39578 1
56189 1 36995 1
58298 17 539362 1
87341 125 3775858 2
42575 1 55149 1
2821515 42 1266821 94
43209 0 26419 1
30001 0 12701 1
22328 0 15300 0
59865 81 2459866 1
35573 0 5574 1
3632051 1 36677 121
2420449 49 1476981 80
59468 29 899939 1
59611 45 1379877 1
59652 53 1619852 1
44315 0 14928 1
36331 0 24043 1
422597 1 40165 14
57302 11 357303 1
59530 63 1919531 1
47103 0 17104 1
3071578 1 46137 102
48209 1 48373 1
858567289030 112 596974525028 14
59263 37 1139682 1
58147 7 238508 1
56963 9 299625 1
29999 0 500000000000 62
59064 27 839977 1
56383 8 267445 1
3760002 125 3759967 125
59891 45 1379892 1
46349 2 79047 1
3774549 125 3751925 125
37895 0 16823 1
35217 0 5218 1
57790 8 269023 1
53517 1 53518 1
33646 1 37291 1
31708 0 15510 1
35406 0 5407 1
35292 1 40584 1
3776477 58 1744095 125
52339 2 86009 1
3757851 125 3752016 125
59661 83 2519781 1
58367 7 238368 1
59632 81 2459813 1
58874 26 809579 1
48529 2 85587 1
2866351 1 38313 95
2157146 0 23546 71
57592 3 117593 1
59796 37 1139797 1
58390 18 569407 1
53707 0 23708 1
40832 1 45173 1
33461 1 52559 1
30001 0 17252 1
36392 1 42783 1
54364 4 149001 1
3770585 12 388862 125
416752843559 104 501164329762 71
59706 65 1979869 1
3753006 125 3751343 125
438843275959 33 362976530997 43
58897 24 749034 1
59625 49 1499970 1
57632 8 268739 1
59741 102 3089776 1
59235 24 749683 1
53313 4 146563 1
33531 1 37022 1
2353 0 29628 0
2520332 125 3775694 84
8676 50 1528634 0
59245 14 449246 1
34741 0 10675 1
38966 0 17932 1
2824356 1 46164 94
59669 90 2729710 1
56485 2 88452 1
1512002 125 3777669 50
1 62 1 125
2517673 33 1005761 83
54352 5 175391 1
3755404 101 3051305 125
57784 10 328438 1
54693 5 178156 1
3603062 1 44454 120
444445938984 90 613942233767 14
51980 3 117917 1
243875501749 124 162443375549 78
59045 15 479209 1
1244786 117 3509999 41
59581 71 2159784 1
34685 1 36247 1
59270 0 29271 1
59025 30 929771 1
59104 28 869564 1
1755386 0 1105 58
59992 94 2849993 1
56698 8 266699 1
58749 11 359999 1
59871 13 419872 1
3397878 90 2790000 115
3688963 125 3695320 124
49851 1 49852 1
59567 61 1859624 1
3779608 125 3777204 125
54924 5 179542 1
35801 1 38777 1
3241751 0 10067 108
38367 0 16734 1
53161 3 115059 1
884840423601 99 69523443745 51
500000000000 124 30001 125
59476 17 539477 1
36705 1 38941 1
59104 31 959105 1
50084 2 82627 1
59940 52 1589941 1
7280 115 3477797 0
57346 11 358149 1
262072896012 75 291487310840 22
59754 121 3659876 1
59282 26 809687 1
36199 0 12399 1
57369 11 358420 1
909730735830 72 684771960802 111
59581 10 329582 1
59600 49 1499601 1
59228 7 239229 1
56032 7 238253 1
59573 42 1289574 1
50688 3 112752 1
57801 9 297802 1
58605 19 598606 1
1000000000000 125 500000000000 2
59666 52 1589900 1
33750 0 7501 1
43655 0 27311 1
55695 2 85696 1
59673 91 2759852 1
59412 50 1529969 1
59017 24 749359 1
59668 85 2579736 1
59597 60 1829598 1
13774 57 1740000 2
51948 3 111949 1
3753011 0 19414 125
57511 10 328451 1
52622 4 142744 1
3769654 125 3759443 125
59696 98 2969870 1
30142 0 267 1
3704752 52 1548584 125
59635 62 1889714 1
58718 23 719217 1
42951 0 20735 1
48081 1 48653 1
59785 5 179786 1
57171 9 297991 1
59047 24 749655 1
312693 125 3772574 10
51363 3 115451 1
3770661 5 170140 125
30001 0 29085 1
54641 4 146070 1
3649038 125 3765442 121
50765 2 80766 1
31799 0 1800 1
37656 0 15312 1
58748 23 719938 1
30384 1 30767 1
47871 2 83611 1
30001 0 12956 1
267152711558 104 679236137904 6
57163 10 328789 1
3765305 86 2602564 125
59554 40 1229707 1
53556 4 147779 1
59829 97 2939965 1
59899 71 2159900 1
58785 13 418825 1
51869 1 43834 1
59155 32 989441 1
59987 35 1079988 1
30001 0 26223 1
42605 0 25211 1
3766609 1 59542 125
3414836 124 3734277 113
30693 0 936 1
3759027 1 59956 125
25283 1 49641 0
30001 0 29329 1
3774045 124 3729171 125
58570 7 238571 1
59823 45 1379926 1
57648 12 387775 1
54928 1 54929 1
41558 0 56880 0
59801 83 2519878 1
58762 24 748896 1
51696 3 116571 1
1647385 125 3806882 52
43167 1 56334 1
3810000 1 24539 125
13579 1 39689 0
58922 13 419988 1
30420 0 421 1
48855 2 81557 1
35395 1 37194 1
59012 30 929343 1
42615 1 43958 1
51689 3 112704 1
57632 9 298422 1
30001 0 20192 1
30001 0 21389 1
59644 65 1979748 1
47695 0 17696 1
39651 1 42869 1
57748 5 177749 1
58768 16 509340 1
3359999 1 29811 111
795156 6 203307 26
57363 4 148094 1
39731 0 19462 1
51982 2 81983 1
3774437 0 21005 125
59803 64 1949804 1
57061 10 327668 1
59265 21 659892 1
36816 1 43631 1
59047 28 869048 1
54247 5 175482 1
58163 11 358164 1
3758737 125 3752972 125
31698 0 3868 1
59817 8 269818 1
57833 13 419656 1
2061474 1 57635 68
1050289 26 800801 35
39773 1 49545 1
48113 2 84338 1
32616 1 33489 1
3777904 1 16467 125
59258 40 1229569 1
59958 115 3479959 1
59931 55 1679932 1
58808 9 299505 1
30229 0 459 1
57368 7 238656 1
59761 125 3779814 1
59662 46 1409965 1
501164329762 71 416752843559 104
2939999 11 274957 98
54787 5 174812 1
59725 108 3269743 1
55468 1 34644 1
30001 0 7998 1
57957 12 388350 1
55100 6 205700 1
58710 18 569884 1
58513 20 628773 1
39902 1 43204 1
59517 62 1889520 1
3774529 125 3751767 125
52549 2 86324 1
59650 85 2579848 1
961412323713 56 336993156194 30
40868 0 21736 1
3762525 1 43569 125
452659023217 31 57542770532 18
43382 1 55831 1
59794 87 2639795 1
59823 102 3089824 1
59758 70 2129759 1
33445 1 36890 1
59618 18 569619 1
799479838550 32 725901639371 94
40092 1 43457 1
51689 3 112703 1
58642 14 449586 1
46471 1 52542 1
367296 121 3659483 12
43416 0 26833 1
59391 49 1499527 1
481142333299 102 577242584875 120
59864 101 3059901 1
44173 125 3751523 1
43476 1 56951 1
23395278936 122 898430174766 64
41958 1 41959 1
58758 20 628759 1
49704 125 3763412 1
40095 1 49718 1
59615 77 2339939 1
3761103 113 3400336 125
38186 0 16373 1
2899004 1 33420 96
33543 0 7087 1
45561 1 45562 1
59088 19 599693 1
24842 0 20728 0
50759 2 80760 1
59574 70 2129706 1
51623 3 116491 1
46531 1 52042 1
58885 16 509001 1
573462098028 26 679955662275 35
3407597 0 69480 115
30000 44 1263493 1
2591339 42 1263764 86
59439 3 119440 1
37613 0 15227 1
74829111797 3 912196500480 110
57828 5 177829 1
56103 7 238823 1
58827 16 509452 1
162443375549 78 243875501749 124
37068 1 37069 1
56986 1 59709 1
59331 29 899673 1
59739 85 2579964 1
696637935000 97 402674512203 73
56099 7 238792 1
3755467 125 3769925 125
32901 125 3774495 1
3766025 125 3763048 125
59988 50 1529989 1
32475 0 4720 1
43386 1 47849 1
59671 24 749790 1
57801 12 388201 1
59462 51 1559466 1
59344 39 1199353 1
59162 8 269163 1
2556554 125 3761637 85
3560784 125 3772639 118
32869 1 34274 1
51433 2 87850 1
35574 0 11148 1
38552 1 41404 1
52267 3 119068 1
55338 4 147231 1
31979 1 33957 1
59074 28 869075 1
46792 1 49785 1
53069 4 143449 1
59264 0 29265 1
58758 20 628993 1
57330 7 238588 1
55878 4 145879 1
659548792574 42 473592850511 14
59223 6 209224 1
56568 4 148059 1
59628 49 1499860 1
59752 119 3599764 1
1949999 70 2103792 64
3780001 2 25050 125
59998 37 1139999 1
31943 0 3887 1
57542 10 329300 1
59669 70 2129764 1
3759990 125 3772661 125
58482 11 359073 1
864454 125 3757982 28
30001 0 686 1
684771960802 111 909730735830 72
5770 125 3772017 0
3775398 88 2656577 125
59982 96 2909983 1
59131 34 1049583 1
3760628 0 13069 125
3767164 0 9876 125
39877 1 49754 1
1779655 94 2828128 59
52486 0 22487 1
30968 0 2872 1
57892 14 448377 1
43323 1 47765 1
59667 75 2279734 1
53067 1 56918 1
58945 17 539581 1
30226 0 5379 1
52189 1 56427 1
59218 24 749219 1
1 62 30000 0
59533 43 1319960 1
57615 8 269077 1
59113 31 959189 1
43604 0 23662 1
242945 125 3767170 8
30001 62 999999999999 2
57793 9 298715 1
905922585620 101 671588889031 56
58409 10 329584 1
53941 3 116306 1
40947 1 40948 1
59704 101 3059732 1
35932 1 41863 1
600001 0 13145 20
35084 1 36779 1
57858 14 447865 1
52368 3 113789 1
3750961 97 2936251 125
59655 56 1709938 1
36698 1 39563 1
1544420 74 2189999 52
58111 13 418474 1
29999 26 757412 2
57316 6 207561 1
999999999999 125 999999999999 2
59617 63 1919618 1
57384 11 358600 1
59858 122 3689961 1
59539 25 779829 1
59218 11 359445 1
59714 69 2099715 1
59568 56 1709569 1
31428 0 5082 1
30001 0 29135 1
59721 91 2759722 1
30000 2 28920 1
59538 44 1349807 1
3754746 66 1982638 125
3816483 5 120000 125
665669514224 45 864948936184 80
59277 19 599722 1
58270 13 419323 1
58117 4 148118 1
59508 45 1379676 1
13330 125 3761680 0
3245381 125 3755942 108
3761770 1 57446 125
59274 24 749759 1
59717 105 3179899 1
3767277 34 1025854 125
59690 8 269691 1
37765 1 45338 1
54791 5 174792 1
30421 1 30562 1
59760 26 809761 1
37703 1 38797 1
46595 0 16596 1
136683541893 22 807977353147 112
697581204197 55 840138424406 50
29498 1 47718 0
59199 32 989274 1
50051 2 80052 1
30001 0 23621 1
59174 36 1109408 1
59338 11 359339 1
638926155276 69 39206463980 41
77300 109 3284075 0
33031 1 34814 1
39629 1 40849 1
59129 8 269130 1
30001 0 5978 1
30162 0 23570 1
344234 97 2880000 12
22194 79 2380664 0
57739 13 418334 1
58468 16 509264 1
266957567399 81 464622847346 47
38867 0 10265 1
52583 3 112584 1
55382 4 147305 1
55529 6 205926 1
59133 28 869134 1
49186 0 24480 1
59947 96 2909973 1
35572 0 11145 1
52791 4 143951 1
58068 8 269524 1
952789 71 2154110 31
3624931 1 58951 120
59458 44 1349498 1
54769 5 178613 1
33353 0 9005 1
57058 10 327629 1
32520 0 2521 1
112833987224 41 911083755484 53
47816 1 53755 1
59254 6 209255 1
548852135102 121 801192330684 97
59118 33 1019996 1
58703 13 418704 1
56476 8 266959 1
2987161 110 3242034 101
59740 95 2879741 1
59451 44 1349452 1
59501 60 1829526 1
32928 0 28937 1
32109 0 7337 1
56191 7 239525 1
3743248 34 989999 125
2606671 125 3778003 86
54466 125 3764174 1
48680 0 18681 1
26217 44 1335083 0
58209 16 509345 1
3486778 76 2305002 116
58340 3 118341 1
1523989 41 1236467 50
59585 52 1589742 1
57694 13 417710 1
27238 0 6681 0
44607 1 44608 1
58820 12 389660 1
59637 30 929638 1
48835 2 80754 1
55319 1 57019 1
686111 113 3333646 23
32739 1 32740 1
59625 6 209626 1
59753 32 989754 1
58171 10 329148 1
3754584 1 56466 125
3829430 1 30000 125
48162 1 54217 1
38682 0 17365 1
42138 1 54276 1
54103 2 88655 1
59977 118 3569990 1
58581 3 119666 1
55840 7 236717 1
56945 9 299055 1
58283 10 329353 1
1466106 49 1493991 48
55652 3 116659 1
3163419 0 18650 104
52403 3 112743 1
80384 125 3753911 2
44014 1 58027 1
3750045 1 31779 125
31138 1 31586 1
58186 12 388454 1
3750410 125 3775016 125
45804 2 77410 1
30001 0 18924 1
59594 58 1769595 1
53772 0 23773 1
29935 0 9397 0
58183 12 388184 1
58836 25 778870 1
30487 1 30933 1
56969 7 236970 1
842972874042 13 443655208989 13
59691 73 2219698 1
55057 4 149244 1
59856 63 1919857 1
1303 85 2560567 0
54082 5 174340 1
38139 1 40853 1
58447 14 448448 1
2460000 93 2755805 84
59886 61 1859887 1
51956 1 51957 1
59701 86 2609702 1
49745 2 79901 1
53711 4 144851 1
274338 0 25809 9
58871 25 778872 1
59102 10 329103 1
59835 47 1439836 1
59181 13 419182 1
57281 9 297784 1
59910 52 1589911 1
50734 3 112936 1
59304 34 1049481 1
59727 77 2339841 1
56476 6 206731 1
58974 28 869017 1
59172 25 779518 1
709075253068 68 617914464661 21
59674 85 2579702 1
58442 19 598833 1
54490 2 84491 1
52529 2 86539 1
35592 119 3584349 1
1844490 73 2208875 61
54378 125 3757911 1
56891 2 86892 1
30289 0 6944 1
54792 5 178751 1
4674 0 14908 0
57946 10 327947 1
3690000 15 466675 125
54931 2 89898 1
59721 37 1139722 1
57478 7 238850 1
59636 50 1529637 1
52783 3 114453 1
49115 2 79352 1
58317 10 329416 1
55603 5 175604 1
59397 31 959398 1
57449 11 359378 1
1479606 15 476383 49
58856 20 629180 1
38623 1 47245 1
59985 114 3449986 1
56082 6 206894 1
32759 1 35517 1
3653627 125 3767149 121
40702 0 14623 1
59225 32 989226 1
59869 118 3569992 1
56300 8 266341 1
45467 0 15468 1
54212 1 54213 1
38612 1 47223 1
50368 3 110701 1
3772593 1 34280 125
59971 121 3659981 1
923706360450 53 822237875829 114
30001 0 13022 1
30690 0 1380 1
58683 21 658786 1
20581 20 624986 0
51661 0 21662 1
3775946 75 2273396 125
57157 10 327289 1
154170221144 24 978977342770 83
3697279 73 2230515 125
32337 113 3401203 1
59843 84 2549907 1
59359 39 1199360 1
58794 24 749847 1
59356 33 1019606 1
30077 0 648 1
45387 2 76159 1
761265842388 6 44254309189 44
2 1 1 0
59693 78 2369769 1
54032 4 145055 1
34443 0 7391 1
54895 5 179367 1
58417 14 448907 1
59638 63 1919750 1
56469 0 26470 1
49723 2 82085 1
58350 14 448782 1
24941 0 10579 0
40489 0 20979 1
59406 17 539678 1
348541206232 102 442583226565 101
56500 7 237112 1
59827 79 2399828 1
59743 66 2009935 1
59728 10 329729 1
56232 2 86233 1
33062 0 5142 1
59993 81 2459994 1
31901 1 33801 1
45435 1 50581 1
59224 38 1169712 1
52000 2 83380 1
53817 3 113818 1
59623 1 59624 1
47574 1 47575 1
59829 109 3299932 1
55453 5 176623 1
57130 9 297761 1
42215 1 46288 1
58206 13 419797 1
58708 12 388709 1
3779621 0 24939 125
53636 3 115818 1
34864 1 34865 1
59652 86 2609692 1
57498 11 357689 1
34481 0 5297 1
40931 0 15482 1
53598 3 115757 1
59801 84 2549956 1
3772234 53 1593329 125
30001 0 24229 1
3253186 2 5690 106
59107 16 509980 1
2 125 1000000000000 62
58830 25 778991 1
55259 6 205377 1
57546 3 117547 1
3661 14 448992 0
58704 23 718891 1
52067 2 85602 1
3777831 0 4310 125
54173 4 144969 1
155814 106 3189684 5
59408 32 989734 1
58972 29 899148 1
59424 52 1589472 1
49202 2 84662 1
58724 3 118725 1
31242 0 2484 1
3740958 2 30000 125
59327 43 1319352 1
59489 45 1379507 1
59691 50 1529972 1
15349 125 3772866 0
15104 125 3756375 0
518766972810 12 568421708860 40
37508 1 40011 1
58860 6 208861 1
57442 11 359298 1
59865 15 479866 1
57009 8 268438 1
1 2 1000000000000 125
33483 0 6966 1
33110 1 34147 1
57665 12 387807 1
3702790 93 2850000 125
59837 46 1409838 1
30201 22 675489 1
3760297 1 59272 125
53249 4 146242 1
59753 112 3389754 1
5172 0 29999 2
46877 1 57540 1
138092905419 50 328355632855 19
37851 1 45701 1
3799975 1 29999 125
59431 30 929432 1
59945 75 2279946 1
51004 2 81005 1
59256 26 809638 1
30946 1 30971 1
44317 1 49090 1
911083755484 53 112833987224 41
1718255 1 57441 57
37799 1 40399 1
59655 86 2609961 1
59344 45 1379822 1
52254 3 119014 1
51165 3 113364 1
1789631 1 51000 59
289634 0 14535 9
43564 1 43565 1
55306 6 205864 1
1000000000000 125 1 2
3780969 125 3741494 125
59701 73 2219811 1
3763247 1 54122 125
988008 125 3762152 32
30001 1 1 125
56608 4 149347 1
32911 0 5823 1
85253 2 29999 0
3763674 0 29693 125
52294 2 82295 1
59920 17 539941 1
58184 14 448450 1
53885 4 149421 1
3760385 0 23098 125
59862 114 3449874 1
1530169 22 672015 51
46748 2 77623 1
1530000 2 14632 53
38257 0 8258 1
527929 125 3775182 17
59481 35 1079482 1
57753 10 327754 1
32676 1 33630 1
56107 7 238852 1
59746 61 1859977 1
59632 75 2279633 1
59975 51 1559976 1
798223690064 12 755034044003 122
54345 5 176065 1
999999999999 1 2 125
55194 6 206352 1
30001 0 4067 1
58495 11 358496 1
58255 15 478552 1
505847313482 106 823522003799 109
30001 0 22869 1
29244 125 3753238 0
3771018 117 3528952 125
30001 0 23011 1
57768 9 297769 1
59944 44 1349945 1
59721 66 2009893 1
39531 1 41788 1
39038 0 10690 1
59680 93 2819874 1
55131 6 205911 1
3774560 61 1841109 125
58876 14 449768 1
50855 1 57808 1
59614 57 1739615 1
28935127428 52 389345701038 18
57964 6 208423 1
57549 9 298272 1
38467 1 45560 1
54616 4 144617 1
58245 17 538410 1
32792 1 35584 1
48143 2 79275 1
36421 1 39587 1
3757952 70 2107723 125
575932 125 3756131 19
44394 1 44395 1
48447 2 80171 1
58793 3 118794 1
59036 26 809330 1
3754222 125 3758332 125
49308 2 87924 1
442367558362 71 33171273008 99
59039 28 869040 1
3768104 125 3769384 125
59033 10 329034 1
48473 2 78474 1
3765501 125 3771478 125
30720 0 3271 1
2831319 0 37 94
59155 35 1079237 1
309706511320 2 369404162364 99
57171 0 27172 1
978977342770 83 154170221144 24
57456 11 359465 1
55115 3 115116 1
30001 0 957 1
58939 4 148940 1
61325275273 84 320200420343 3
34727 1 39454 1
58794 10 328795 1
58402 4 148403 1
495347257442 15 48629580788 70
33229 1 33230 1
58173 11 358935 1
46450 125 3757831 1
42770 0 25541 1
568645798886 16 83225028696 104
58898 17 538899 1
59161 29 899525 1
49166 89 2670252 1
58891 25 778976 1
30001 0 5686 1
27343 125 3776042 0
181969 125 3770755 6
3760548 125 3773502 125
56338 0 26339 1
59190 24 749598 1
742561 72 2168126 24
47121 2 77884 1
12252 97 2928187 0
402674512203 73 696637935000 97
58221 8 269798 1
3778378 1 57955 125
30001 0 181 1
57214 8 267674 1
56997 5 179139 1
56529 7 237164 1
30001 0 25581 1
419085066241 39 447782593704 41
30799 1 31598 1
34126 1 35502 1
635018927966 3 980002192542 99
3765937 125 3768347 125
52910 2 82911 1
59578 70 2129992 1
59587 55 1679590 1
37041 0 14082 1
59388 27 839441 1
59575 70 2129585 1
59433 51 1559455 1
59472 34 1049618 1
59937 71 2159938 1
59184 36 1109806 1
51630 125 3756362 1
31322 0 2645 1
58217 16 509684 1
54491 5 175623 1
52826 3 114522 1
29999 125 3700917 0
3776017 125 3779999 125
59653 83 2519668 1
59551 56 1709635 1
655427606255 25 712214167532 29
2890767 125 3775079 96
430865947486 44 1260768047 83
59113 33 1019197 1
6015 1 59779 0
3299999 17 560185 111
89643 125 3749999 0
3756293 41 1253777 125
30679 0 1358 1
1346469 125 3840000 45
603633 41 1234205 20
42116 0 12117 1
59198 31 959199 1
56168 7 239338 1
57667 7 237824 1
29999 125 29999 125
36520 0 13041 1
39173 0 12228 1
32851 1 35702 1
41859 1 53717 1
59712 58 1769934 1
59918 91 2759959 1
59483 38 1169711 1
14980074734 0 36268081120 47
500000000000 1 30000 1
725901639371 94 799479838550 32
1406497 125 3754531 46
3836967 88 2666994 125
35198 0 10396 1
48380 2 78381 1
33398 1 34531 1
51697 3 116787 1
59471 31 959884 1
39905 1 43207 1
1831922 1 29999 59
59062 23 719668 1
52103 0 22104 1
34201 1 38352 1
53531 4 147654 1
39548 0 19096 1
59322 44 1349471 1
57674 12 389156 1
4598 125 3773544 0
41781 1 53561 1
617914464661 21 709075253068 68
56890 9 297073 1
58503 20 628543 1
30001 0 13788 1
56655 8 269893 1
57360 8 267361 1
59572 69 2099989 1
46947 2 76948 1
46341 2 78017 1
56678 9 296777 1
58103 15 479636 1
3766885 71 2150127 125
31513 0 3027 1
1000000000000 124 30000 125
58167 1 59062 1
53847 4 149233 1
300000 2 29550 12
3760539 23 699415 125
59307 43 1319506 1
32035 1 32036 1
59854 37 1139855 1
53660 1 54020 1
43805 0 18192 1
36253 0 6254 1
45343 2 75516 1
30921 1 30957 1
55293 6 207046 1
3750556 0 5635 125
50689 0 21667 1
3760686 1 51719 125
3761100 77 2324372 125
57284 11 357307 1
30001 0 999999999999 2
3797217 105 3093407 125
58596 10 328689 1
59710 99 2999738 1
27501 0 29558 0
59430 25 779659 1
57793 1 57794 1
35365 1 36520 1
46759 125 3773857 1
642506 125 3759790 23
56979 9 297531 1
59240 39 1199584 1
59062 31 959966 1
59872 80 2429873 1
17154 0 12382 0
58000 6 208001 1
53706 1 59583 1
55154 6 205270 1
59847 121 3659900 1
57339 7 239045 1
42544 1 55087 1
2030030 0 8043 67
1000000000000 1 29999 0
59573 27 839574 1
56492 8 267935 1
3542719 50 1525303 118
59446 15 479874 1
30001 0 257 1
58999 16 509777 1
55499 6 208490 1
3768152 0 6226 125
59933 26 809934 1
1919999 30 956762 65
3827356 0 22221 125
40753 1 51506 1
32061 0 2062 1
11072 125 3766631 0
59620 78 2369963 1
32897 1 32898 1
59601 47 1439602 1
59807 47 1439808 1
59790 70 2129938 1
59127 4 149128 1
3757953 76 2307744 125
3699872 5 177286 125
39933 0 9934 1
59927 31 959928 1
59501 25 779502 1
245282279606 77 490826231618 29
59873 81 2459874 1
59077 23 719429 1
56459 8 266903 1
30001 0 24099 1
37049 1 38764 1
59758 123 3719901 1
57363 11 358348 1
39864 0 9865 1
59809 28 869810 1
59426 1 59427 1
52916 2 82917 1
59477 52 1589530 1
58355 15 478356 1
56589 0 26590 1
59429 48 1469758 1
59590 72 2189594 1
58634 125 3760959 1
4047 125 3764110 0
59463 24 749464 1
59721 63 1919913 1
3759878 70 2101545 125
57946 3 117947 1
2430000 0 22531 80
282379 125 3755968 9
30944 0 945 1
30001 0 596 1
53029 2 87044 1
57578 8 268641 1
51638 3 116551 1
13067 1 40951 0
227460089913 107 164216718855 32
3752722 0 14114 125
45852 2 76279 1
731826 45 1368573 24
30481 1 30962 1
41426 0 22852 1
54639 4 146066 1
51844 0 27520 1
59839 16 509942 1
44272 1 49030 1
59631 81 2459633 1
29999 2 2 0
42890 0 25781 1
40659 1 44213 1
58893 27 838991 1
33756 1 37511 1
50163 1 50164 1
59924 46 1409925 1
59916 85 2579917 1
30001 0 29944 1
30001 0 16772 1
59865 110 3329866 1
33171273008 99 442367558362 71
4233 50 1528855 0
59715 105 3179771 1
59675 92 2789685 1
3775752 44 1330244 125
56436 62 1871279 1
39385 1 48769 1
59528 37 1139850 1
55118 6 205821 1
90000 13 442703 0
57773 13 418812 1
57186 10 329040 1
45683 0 18617 1
30001 0 1681 1
866414316831 107 958666859558 94
47033 125 3758061 1
56016 5 176017 1
59626 80 2429655 1
58400 16 508646 1
43117 0 13118 1
3778182 1 31501 125
3774009 125 3752962 125
500000000000 0 1 1
34375 0 4376 1
30001 0 10199 1
56011 2 86524 1
59782 110 3329783 1
938 1 56831 0
59979 95 2879980 1
3762806 110 3316737 125
104273504853 76 92240132386 41
918201532707 26 673422755945 111
3422547 0 24146 114
59325 44 1349545 1
1 2 500000000000 125
49853 2 82364 1
59627 80 2429774 1
53596 4 147977 1
3746798 91 2730001 123
927864128611 33 7706670448 21
50710 0 26301 1
51725 2 85089 1
48395 2 85184 1
3767555 1 31327 125
3423 55 1652435 0
3261094 0 7034 108
47414 2 81745 1
55905 4 146142 1
58461 19 599212 1
33321 1 33322 1
52611 2 82612 1
3774861 13 392358 125
59651 73 2219652 1
59906 19 599907 1
3053400 17 539999 102
1798248 125 3772673 59
59521 18 569522 1
30001 125 1000000000000 125
354613972513 15 526527100831 106
48400 35 1080000 0
41073 1 52146 1
52731 4 142732 1
58028 13 418403 1
31936 0 1937 1
46676 0 22049 1
57288 8 267370 1
1388888 0 1485 46
30781 0 1563 1
58552 20 629585 1
54310 5 175857 1
59532 14 449888 1
59645 36 1109646 1
3404446 2 30000 113
56842 9 296843 1
1482358 125 3751818 49
1439345 2 30000 48
58109 13 418472 1
44031 1 32773 1
59061 25 779547 1
312974916248 30 406492066668 121
59780 12 389781 1
2 125 30000 62
56263 8 266364 1
35299 1 40044 1
52679 2 86519 1
57528 9 298234 1
59718 33 1019887 1
59752 118 3569821 1
21073 24 738092 0
55079 6 205089 1
57508 4 148594 1
59307 39 1199711 1
57811 13 419353 1
59024 30 929724 1
44655 1 44656 1
39101 1 39294 1
734582693139 55 378234472665 82
30726 0 727 1
59106 30 929928 1
27458 125 3690000 1
59192 37 1139268 1
2804916 125 3725445 95
50420 1 57227 1
1299610 116 3487706 43
46454 1 46455 1
50200 2 81880 1
30000 125 30000 125
47599 2 77600 1
43434 1 47913 1
34666 0 9333 1
41967 1 53933 1
58802 23 719169 1
48117 2 78118 1
35955 1 37941 1
1830000 1 3192 58
31927 0 23514 1
44254309189 44 761265842388 6
46044 0 16045 1
59558 59 1799624 1
59936 6 209937 1
59903 20 629904 1
8904 53 1605285 0
59881 47 1439882 1
59446 54 1649492 1
3757578 0 17607 125
59606 76 2309658 1
32996 1 32997 1
30001 0 3440 1
59785 117 3539826 1
59153 35 1079480 1
44665 1 56297 1
59090 32 989947 1
45674 2 75993 1
368908 0 19547 12
59685 77 2339730 1
52787 4 142788 1
58106 8 269591 1
30001 0 26099 1
30000 0 1 62
55192 6 206341 1
57945 5 179504 1
53001 4 145005 1
58630 15 479205 1
47559 2 82677 1
3776053 48 1456162 125
57130 8 267614 1
59524 47 1439681 1
51191 3 111192 1
58208 5 178209 1
40775 0 21551 1
57111 6 208498 1
59658 66 2009659 1
30001 0 5453 1
56558 1 56559 1
50919 3 110920 1
59534 62 1889627 1
34448 0 8897 1
54295 5 175765 1
43032 1 56064 1
59732 82 2489858 1
37368 1 37369 1
58543 20 628584 1
59955 51 1559956 1
59139 23 719140 1
59537 64 1949894 1
38061 1 46121 1
45044 2 75067 1
59744 116 3509959 1
30487 0 1084 1
58107 15 479706 1
49810 2 89429 1
52981 4 143303 1
44899 0 29798 1
58980 11 358981 1
41079 1 41080 1
23676 125 3774243 0
30036 0 72 1
59222 38 1169642 1
56253 5 177863 1
500000000000 1 30000 2
31117 1 31118 1
3767349 11 331576 125
1000000000000 2 999999999999 1
59734 27 839735 1
12760 32 989932 0
3210000 87 2691981 109
59393 29 899793 1
36597 0 15340 1
2049902 125 3752530 68
46792 2 80374 1
59861 67 2039862 1
59826 46 1409827 1
30000 62 1000000000000 62
40294 1 50588 1
40985 1 40986 1
30000 106 3176281 0
40205 0 20410 1
53305 2 87459 1
59755 80 2429762 1
3755485 0 1248 125
54221 5 174311 1
39715 0 12021 1
2083601 125 3754888 69
58248 10 328249 1
56353 5 177636 1
840138424406 50 697581204197 55
2321579 125 3758146 76
56483 5 176484 1
44749 0 29498 1
59903 67 2039924 1
58084 9 299156 1
59821 98 2969947 1
54160 5 174793 1
3747097 125 3750000 125
28158 25 822318 0
57790 13 419054 1
57911 13 418275 1
738480452581 10 614588418360 16
59829 46 1409830 1
53728 4 148636 1
3778901 84 2527029 125
59777 87 2639858 1
59352 20 629353 1
59678 92 2789976 1
59271 29 899557 1
59082 20 629991 1
4864 0 3602 0
54425 4 146245 1
58724 22 688725 1
15075 84 2540392 0
29999 0 1000000000000 1
59854 76 2309855 1
30001 0 16668 1
47850 2 83548 1
59595 10 329596 1
58138 16 508334 1
37950 1 40601 1
32855 0 15805 1
3360000 125 3803087 110
59592 73 2219793 1
55425 5 176444 1
51725 3 116899 1
59734 48 1469735 1
33915 1 36981 1
46588 2 79762 1
46986 0 16987 1
2670000 0 45791 87
59328 28 869702 1
3757421 125 3762987 125
30001 1 29999 125
55838 7 236699 1
30847 1 31693 1
59053 0 29054 1
720129961413 4 597805178506 119
3286922 125 3756791 109
3771922 125 3774489 125
3772902 85 2561989 125
5715 1 34007 0
3777746 1 38238 125
32314 0 4629 1
52452 3 113014 1
425127 95 2850291 14
58923 26 809357 1
48641 2 85922 1
3020543 24 734460 100
59523 62 1889896 1
58007 2 88008 1
60000 125 3743666 0
326908067591 8 945419556691 18
53641 3 116278 1
9295 0 49416 2
1049999 97 2962879 34
59415 50 1529624 1
90000 19 566793 0
39618 1 42825 1
500000000000 0 999999999999 125
59995 30 929996 1
45850 1 47254 1
46735 2 80204 1
57020 10 327216 1
39487 1 42650 1
52451 99 2994474 1
33665 1 31189 1
58677 19 598909 1
43046 0 26093 1
57078 0 27079 1
790473385353 77 354106173334 69
57205 5 179495 1
25051 78 2344553 0
2695231 125 3750766 89
46981 2 78028 1
53522 4 144204 1
47226 1 52969 1
30077 98 2963402 1
53331 4 144580 1
59129 2 89130 1
58228 16 509871 1
49763 1 58037 1
706083954136 96 222871904172 122
59725 80 2429824 1
59680 46 1409799 1
33601 1 35379 1
58083 12 388584 1
53139 2 87209 1
36839 125 3768401 1
56454 5 178208 1
59679 47 1439730 1
3727446 125 3837590 125
51862 3 112980 1
41333 1 45111 1
57619 12 389038 1
30182 1 30243 1
463622 125 3719999 13
29999 2 30000 2
2721 125 3756707 0
56262 7 236263 1
54637 1 57523 1
3762806 0 14209 125
41201 1 52402 1
710690341611 51 668242034842 71
51061 1 57249 1
49065 2 81099 1
59410 33 1019411 1
140074 125 3720000 3
37834 1 37835 1
56090 1 56091 1
30656 1 30876 1
3777494 0 25401 125
3517593 125 3774930 117
47755 0 17756 1
37978 1 37979 1
30001 0 19140 1
56298 2 86299 1
451879600495 38 424446399875 108
53189 4 145035 1
58728 15 479371 1
56374 8 267365 1
3760895 125 3778537 125
59770 89 2699862 1
58840 25 779822 1
58851 16 509497 1
34717 0 4718 1
58332 7 239985 1
59974 42 1289975 1
59436 50 1529472 1
442583226565 101 348541206232 102
37831 0 15662 1
411984003768 26 751886494171 17
57286 11 357431 1
57643 12 389352 1
40088 0 10089 1
48890 1 55187 1
58108 15 478109 1
59536 64 1949790 1
27843 95 2858285 0
59857 80 2429858 1
59351 30 929682 1
59706 101 3059980 1
58434 19 598462 1
58709 9 298710 1
33108 0 5605 1
37006 1 37030 1
27514 125 3766875 0
30001 0 11544 1
92240132386 41 104273504853 76
53663 2 87995 1
30001 0 13438 1
54325 2 84326 1
59817 37 1139818 1
59721 107 3239778 1
48839 1 55119 1
34722 0 9444 1
41939 0 23879 1
30134 0 20526 1
50099366081 97 821931630923 112
43451 0 26903 1
50070 3 110113 1
48899 2 86695 1
58172 16 508924 1
3751525 1 44105 125
59482 50 1529888 1
30000 0 30001 0
41038 1 44718 1
72092 0 23754 2
896224 1 38043 29
57847 6 209984 1
59770 114 3449804 1
54157 5 174941 1
54493 5 176953 1
57858 11 357859 1
500000000000 62 29999 0
59917 42 1289918 1
58807 25 778816 1
59963 84 2549972 1
41598 0 23196 1
58655 22 689043 1
49131 2 81198 1
59552 26 809553 1
3535085 8 258055 117
54793 3 117670 1
53070 4 143451 1
57684 12 389880 1
58321 17 538322 1
30001 0 28471 1
59821 121 3659822 1
56074 7 238586 1
58513 20 628755 1
59291 42 1289476 1
3750073 125 3764284 125
2 0 29999 125
59729 110 3329840 1
57266 5 178165 1
59694 76 2309782 1
59553 46 1409750 1
30001 125 30001 0
823522003799 109 505847313482 106
57140 7 237141 1
58300 17 539389 1
59223 29 899465 1
55790 5 177070 1
44979 1 45250 1
47348 72 2186401 1
31340 0 11455 1
54546 2 85239 1
821931630923 112 50099366081 97
56810 2 86811 1
49370 2 88110 1
2347073 1 32883 78
3775858 0 25062 125
59573 66 2009600 1
40085 1 43448 1
51061 3 111699 1
57834 13 419670 1
48676 2 86027 1
45320 2 75481 1
45908 0 20450 1
49320 2 86230 1
59558 52 1589688 1
58809 25 779034 1
41461 1 41462 1
59323 37 1139451 1
2 2 1 125
38251 0 8252 1
53489 0 23490 1
33083 1 36165 1
59741 115 3479862 1
58400 17 538548 1
2 62 30001 2
59033 26 809438 1
49572 2 79573 1
59201 28 869847 1
57767 13 417811 1
59407 50 1529747 1
59236 37 1139282 1
500000000000 2 1000000000000 125
59370 36 1109371 1
57753 6 209818 1
55318 6 205514 1
59567 69 2099646 1
2 1 999999999999 124
42746 1 46996 1
38680 1 45314 1
58777 17 539379 1
40347 0 10348 1
246949827845 67 751519034641 110
58478 7 239033 1
32843 1 33620 1
50012 3 110022 1
54947 1 54948 1
1001774 0 12811 33
41437 1 52873 1
59089 21 659563 1
36234 1 38313 1
50643 2 80644 1
3756451 1 50738 125
59632 41 1259979 1
57057 7 238103 1
54420 1 54421 1
59555 52 1589719 1
58805 20 629083 1
52838 3 117730 1
59668 63 1919942 1
39163 0 17884 1
30001 0 46 1
2 0 29999 2
57817 8 268056 1
58729 14 449493 1
59848 119 3599948 1
30001 0 19031 1
58805 24 748819 1
59739 80 2429852 1
56805 1 56806 1
45527 2 75791 1
54140 5 174835 1
48095 1 54128 1
45581 1 51340 1
57591 12 388671 1
43135 0 26271 1
59693 58 1769898 1
59199 3 119200 1
57357 125 3769848 1
45501 1 50553 1
59483 32 989976 1
59696 84 2549799 1
59827 92 2789828 1
56805 8 267293 1
1023714 121 3637926 34
46557 2 79669 1
53681 2 83682 1
3777946 83 2498828 125
57496 7 238883 1
36781 125 3754005 1
39154 0 18308 1
57515 8 268528 1
59451 54 1649460 1
30219 0 364 1
3771360 125 3777651 125
37886 0 15773 1
2750586 108 3252148 91
3750244 125 3769983 125
36968 1 39292 1
3270000 1 14480 109
506319206824 65 419288524721 46
41108 0 22217 1
490826231618 29 245282279606 77
43454 0 19114 1
34463 1 35951 1
56860 9 296861 1
39585 68 2067947 1
52853 1 53075 1
45840 122 3665305 1
51027 3 114107 1
45709 0 15710 1
59443 42 1289444 1
59012 30 929372 1
39335 0 18671 1
35623 0 11247 1
33558 1 37116 1
59384 48 1469814 1
46313 2 76314 1
1863713 91 2745442 62
57354 8 268800 1
57973 14 449591 1
55525 6 208674 1
59073 32 989402 1
394944795779 49 848526470651 118
51233 3 111974 1
52324 1 52325 1
52518 3 114029 1
335105032164 123 343452055307 68
59278 37 1139412 1
49108 0 25513 1
1672684 125 3757120 55
55113 6 205789 1
932354367478 57 137252771724 28
53787 3 117571 1
49990 2 80685 1
3840000 3 126170 125
35872 0 5873 1
44749 1 49666 1
47085 1 47086 1
59719 73 2219720 1
59186 5 179187 1
49026 1 49027 1
47838 0 25569 1
31454 0 2908 1
51528 3 116111 1
945419556691 18 326908067591 8
6917 16 499971 0
59483 48 1469713 1
56370 8 266467 1
59496 59 1799755 1
58642 18 569916 1
59799 122 3689845 1
58501 11 358655 1
34294 1 38587 1
58476 19 599519 1
1719617 0 21386 57
858719 125 3761890 28
32474 0 13196 1
30001 0 23931 1
36706 0 13412 1
2656470 68 2038866 90
30172 0 173 1
55120 4 145121 1
44309 1 47209 1
55309 5 175397 1
58205 13 418206 1
59060 24 749061 1
58729 20 628783 1
526527100831 106 354613972513 15
679236137904 6 267152711558 104
59771 124 3749772 1
53441 2 87663 1
1753424 0 3027 58
1728786 84 2534463 57
38225 1 40575 1
56568 5 176569 1
34313 0 8626 1
57266 7 237267 1
51716 3 111717 1
57888 9 298889 1
59644 67 2039712 1
1046442 1 54624 34
32371 1 33016 1
56615 6 207827 1
52527 2 87901 1
42685 1 46914 1
55408 5 176415 1
3754782 1 38803 125
3300001 125 3788851 109
59508 40 1229755 1
59881 95 2879882 1
58196 3 118197 1
555676430211 43 891277302356 110
59095 30 929342 1
59470 41 1259737 1
1000000000000 0 500000000000 62
59113 20 629671 1
56390 4 146391 1
50222 2 81637 1
3774318 1 45122 125
55619 2 85620 1
58149 14 448405 1
37579 1 45157 1
56336 8 267021 1
965547871213 77 534958475854 69
57544 9 298263 1
59693 61 1859928 1
59552 33 1019553 1
33959 1 35279 1
32579 2 341 0
58779 24 748962 1
47097 2 78147 1
59020 21 659431 1
882079 0 18090 29
50299 0 22786 0
59743 116 3509875 1
59788 73 2219789 1
50205 1 56941 1
46699 2 76700 1
58082 15 479303 1
47183 1 52911 1
29999 124 1 125
229335882146 10 886786628569 34
54855 3 114856 1
34955 1 36607 1
3720000 3 68962 125
389345701038 18 28935127428 52
30001 0 21125 1
1983 0 26315 0
57062 1 45137 1
58580 21 658742 1
39033 0 18066 1
3758196 36 1091630 125
50811 3 111299 1
58450 19 598998 1
57998 1 57999 1
52144 3 118576 1
37233 125 3759914 1
30001 0 8407 1
58945 21 659084 1
25974 1 52810 0
32113 1 33399 1
44048 41 1242330 1
30001 0 27894 1
56987 3 116988 1
59551 36 1109601 1
3775792 61 1837201 125
58282 17 539073 1
5674 63 1918488 0
59308 4 149477 1
890548 73 2214767 29
51758 3 112814 1
31887 1 31888 1
47236 0 17237 1
3765217 9 296469 125
58446 19 598906 1
33694 1 37387 1
2910000 0 30451 98
56746 5 176747 1
29999 124 500000000000 2
53880 3 117400 1
59280 41 1259724 1
51290 1 58387 1
2730000 104 3159807 93
3561331 47 1470000 120
58122 0 28123 1
180256517586 32 565305273074 70
18000 125 3762868 0
59086 22 689087 1
59460 41 1259461 1
59671 59 1799846 1
3756991 125 3754298 125
54926 5 179554 1
997503637435 69 414564354697 112
3830904 104 3090000 125
58718 22 688789 1
53372 4 143955 1
46173 1 51565 1
57552 12 388169 1
30001 0 18762 1
3762792 125 3755342 125
59542 61 1859564 1
3762860 102 3070034 125
40974 1 51948 1
58608 13 419403 1
54071 5 174087 1
48160 2 79741 1
59745 117 3539816 1
3708715 1 30000 125
54372 3 114373 1
44332 0 28665 1
3793717 125 3793148 125
55764 0 25765 1
49159 2 79401 1
3773596 1 54287 125
2086769 1 40708 69
1147502 1 27622 37
222871904172 122 706083954136 96
46795 0 16796 1
30001 124 2 62
30001 0 3340 1
3764010 0 499 125
59996 100 3029997 1
46749 1 56627 1
59131 9 299386 1
2060797 124 3746498 68
56342 8 266346 1
3773941 50 1508983 125
45363 2 75546 1
45832 1 51110 1
1904493 1 38825 63
3072926 125 3767007 101
3011906 8 252793 100
54107 5 174185 1
55792 7 236333 1
52098 3 113358 1
412275623600 48 341363877594 124
31586 0 1587 1
52626 1 52627 1
32370 0 25615 1
516307 125 3777166 17
30001 0 6920 1
56578 7 237378 1
30752 1 31503 1
3761349 125 3775443 125
3772962 90 2700314 125
30833 1 31112 1
32927 1 33904 1
59983 112 3389991 1
37159 1 37160 1
37563 0 7564 1
59730 107 3239741 1
3754405 49 1498845 125
59266 33 1019433 1
54524 5 177140 1
59032 9 299033 1
33746 0 7492 1
59616 72 2189648 1
3126580 0 30001 102
59755 61 1859756 1
47787 2 77788 1
48068 1 51740 1
33822 0 5171 1
59757 32 989981 1
3286974 125 3764238 109
36289 0 12579 1
59158 34 1049203 1
59500 56 1709535 1
32405 0 4810 1
39419 101 3058214 1
53260 2 85104 1
58865 14 449934 1
47617 2 77618 1
58568 15 478569 1
54236 3 116778 1
56285 2 86286 1
59494 16 509495 1
47555 2 78833 1
53454 0 22371 1
48986 2 86957 1
59571 69 2099913 1
55842 2 85843 1
1 125 999999999999 62
3762337 1 52900 125
57287 10 327527 1
55973 3 119000 1
58897 15 478898 1
57002 8 269706 1
19666 0 5597 0
59853 89 2699854 1
30001 0 24094 1
119999 116 3486616 3
58215 15 478406 1
58966 12 389576 1
3776130 1 31844 125
55288 5 176014 1
58631 21 659864 1
59356 46 1409688 1
57690 12 389963 1
59208 37 1139810 1
58430 14 448858 1
59405 50 1529610 1
59751 120 3629834 1
55835 7 236675 1
58529 11 359593 1
915694494216 73 391231633300 94
53295 3 115273 1
49945 2 89833 1
323172678783 114 391137132660 26
58480 19 599581 1
59495 59 1799653 1
58813 22 688814 1
57574 7 239022 1
58585 20 628610 1
58872 24 748985 1
57016 7 238030 1
3759032 125 3825366 125
3719999 125 3713448 125
3000000 0 70370 98
129125222744 59 261341293572 69
58995 28 869308 1
3277331 125 3835384 109
3786321 69 2100001 125
57404 5 179836 1
30001 0 27211 1
54042 4 144043 1
59884 50 1529927 1
37064 0 14129 1
1346205 0 28071 44
59181 33 1019491 1
30000 125 30000 125
34818 0 4819 1
52985 0 22986 1
59528 63 1919740 1
54810 5 178860 1
56707 6 209692 1
57522 12 387653 1
32851 0 2852 1
59622 47 1439973 1
59388 49 1499390 1
30525 125 3755236 1
2175033 25 772729 72
59628 64 1949723 1
49078 2 81118 1
57944 13 418614 1
58600 21 659188 1
59481 19 599860 1
1198150 99 2998769 39
59527 44 1349528 1
37752 0 15504 1
59253 32 989375 1
50054 3 110095 1
59469 56 1709699 1
53524 4 144207 1
3750000 125 3744462 124
48592 1 56657 1
48699 1 49111 1
30001 0 20944 1
891277302356 110 555676430211 43
3760266 0 29858 125
59647 84 2549946 1
2099769 125 3777904 69
59780 100 3029921 1
52732 3 112733 1
30358 1 30465 1
28548 125 3750454 0
172427 125 3752248 5
35565 0 11131 1
3120446 0 26283 104
57701 11 357702 1
813773392231 53 895394070957 105
58366 17 538498 1
3598034 0 4121 119
56063 5 177538 1
46320 1 57257 1
58540 19 599365 1
47948 2 79423 1
59576 36 1109577 1
59545 65 1979923 1
59669 80 2429712 1
54432 4 145721 1
59855 120 3629960 1
42435 0 11950 1
59001 17 539105 1
3776790 125 3752631 125
323735683814 23 647353073464 10
56953 7 236954 1
48629580788 70 495347257442 15
58953 15 479794 1
225927932280 69 822320684405 123
3761142 125 3762681 125
30001 0 12023 1
56213 7 239701 1
55097 6 205171 1
30001 0 5248 1
59375 25 779909 1
37377 1 43826 1
1127557 125 3755282 38
48460 1 54614 1
34176 0 5131 1
30001 0 21739 1
59674 49 1499950 1
3776170 13 413916 125
30600 0 725 1
54130 3 118746 1
31004 1 31237 1
54960 5 179756 1
49127 1 55504 1
30000 105 3195471 2
864744691505 88 938787770034 23
47976 2 83927 1
58164 0 28165 1
57429 5 177430 1
3765599 125 3768239 125
51471 3 112355 1
32425 1 34850 1
58949 21 659295 1
3764504 125 3774900 125
59753 105 3179792 1
41897 0 23794 1
50983 3 112251 1
56554 5 178379 1
59545 1 59546 1
36268081120 47 14980074734 0
2149157 125 3758344 71
740688 1 43452 24
56358 5 176359 1
3769058 112 3365105 125
3753997 93 2819080 125
3773098 75 2253259 125
58572 3 118573 1
30001 0 2914 1
2645389 125 3755946 88
59919 19 599920 1
1 125 30001 1
48101 1 54136 1
54965 3 114966 1
59388 25 779933 1
59878 60 1829879 1
1498126 1 43627 49
48407 2 78550 1
59838 49 1499839 1
59798 116 3509910 1
21318 125 3774083 0
53918 1 57587 1
59704 62 1889755 1
59224 38 1169722 1
443655208989 13 842972874042 13
29999 113 3450075 2
52289 3 113663 1
59725 62 1889726 1
775736 125 3777010 25
999999999999 1 1000000000000 2
30001 0 25026 1
58904 26 808905 1
33957 0 16352 1
43302 0 26605 1
54530 4 145885 1
9273 125 3742825 0
31817 1 33633 1
50061 3 110129 1
39771 1 49541 1
32372 1 33163 1
59328 44 1349735 1
8171 15 475469 0
41541 125 3761952 1
923001818831 58 643885130892 120
1000000000000 124 1000000000000 125
54755 2 89634 1
46424 0 16425 1
57934 14 449004 1
2164872 1 45690 72
30190 0 3816 1
30001 0 20818 1
36288 1 37864 1
3751999 125 3768453 125
56515 8 268628 1
57140 10 328539 1
58850 26 808938 1
59614 51 1559810 1
41674 1 45566 1
59135 34 1049695 1
3782921 1 29999 125
42516 1 55032 1
58427 18 568513 1
57453 5 177454 1
57557 3 117558 1
3812026 83 2520001 125
36839 1 39120 1
47784 1 53713 1
59376 27 839377 1
57946 14 449186 1
1856784 75 2250874 61
56643 8 269781 1
21085 20 618687 0
59680 91 2759880 1
59778 67 2039998 1
55602 6 209209 1
59758 123 3719890 1
59757 79 2399758 1
1430880 1 32419 47
46730 2 76731 1
59830 83 2519831 1
57743 7 239322 1
56179 2 86180 1
59824 90 2729978 1
659999 0 53664 22
57474 11 359682 1
58700 12 389730 1
30001 0 3643 1
58191 15 478245 1
41511 1 53022 1
29999 11 283502 0
40671 1 50966 1
30001 0 26399 1
59858 6 209859 1
713141792232 108 146335225558 108
57787 9 298325 1
54412 1 54413 1
59572 39 1199897 1
59068 6 209069 1
57836 12 388162 1
3771363 125 3777114 125
59894 46 1409895 1
35822 1 41644 1
46257 0 16258 1
3750001 0 17767 125
12859 125 3779644 0
59639 83 2519645 1
58952 17 539594 1
39494 0 9495 1
54167 0 24168 1
58322 16 508930 1
59723 108 3269787 1
59821 98 2969946 1
37980 1 45959 1
48879 0 18880 1
59126 18 569841 1
3767276 0 26065 125
1505110 125 3751338 50
51060 3 113555 1
706149208185 47 907709827100 68
3779592 0 14318 125
3510001 2 25565 117
45696 2 75697 1
40072 1 50143 1
58591 21 658609 1
1000000000000 62 30000 62
58534 11 359603 1
59805 4 149806 1
78556436450 36 522186408946 115
1248742 88 2657165 41
56853 4 149756 1
83225028696 104 568645798886 16
50033 1 50034 1
1200000 21 714244 40
30001 0 8954 1
59693 97 2939834 1
59616 77 2339998 1
1 0 2 1
58899 27 838909 1
50344 1 50345 1
2853325 71 2141194 95
52559 3 113642 1
50186 1 50187 1
58949 15 479850 1
30001 0 21180 1
630624 13 408881 21
34889 54 1636718 1
32326 1 33102 1
264914669420 70 47792374498 84
55925 125 3760444 1
1079348 1 30100 35
302629177331 67 764496514150 16
53776 4 148880 1
59504 40 1229816 1
56648 1 56649 1
58942 28 868955 1
38178 0 16357 1
57057 9 297377 1
59638 74 2249681 1
59654 84 2549673 1
59851 107 3239852 1
31080 0 14931 1
47050 2 81150 1
55589 6 209117 1
52221 3 118882 1
42775 1 55549 1
59787 71 2159992 1
59711 103 3119875 1
1663452 0 23189 55
59671 91 2759672 1
30000 39 1219552 3
29999 0 30000 125
52571 4 142576 1
51108 3 114429 1
56652 7 237383 1
57963 12 388360 1
58622 21 659139 1
50811 3 113242 1
57323 5 179562 1
2317817 125 3720000 78
58573 13 418574 1
3750018 125 3771248 125
59558 37 1139559 1
57316 3 117317 1
3618915 73 2194143 120
30001 0 12096 1
56714 4 149525 1
3837973 67 2040001 125
30001 0 2813 1
1950001 108 3183471 65
58866 26 809262 1
58929 27 839989 1
31423 0 2313 1
54338 5 176024 1
3775739 1 31275 125
59281 23 719821 1
53233 4 143722 1
59494 59 1799638 1
57183 10 327797 1
3769433 0 11325 125
59816 116 3509907 1
59496 45 1379622 1
34108 1 38216 1
58496 12 388497 1
42029 0 29403 1
59059 4 149060 1
52801 4 144005 1
29999 125 30001 1
56673 6 206674 1
40074 1 50148 1
59931 38 1169945 1
59724 19 599725 1
59016 30 929466 1
59664 60 1829665 1
43942 0 20687 1
1227145 93 2760355 38
35277 0 10555 1
40353 0 10354 1
30001 0 10855 1
59501 6 209502 1
59203 26 809228 1
3714476 84 2535056 125
53118 4 145589 1
414564354697 112 997503637435 69
42563 125 3775921 1
59711 64 1949927 1
59684 74 2249773 1
3257468 125 3776328 108
18165 2 16967 2
59790 31 959791 1
15796 17 534188 0
58479 10 329713 1
59617 69 2099698 1
58694 18 569108 1
3766028 125 3759472 125
59265 40 1229828 1
59593 45 1379594 1
58937 28 869157 1
34049 1 34050 1
32077 1 32770 1
56993 1 56994 1
3760990 125 3768114 125
30001 2 30000 124
3648945 117 3539623 121
3251066 125 3753790 108
59663 88 2669999 1
45868 2 76303 1
30546 1 31091 1
27057 113 3408294 0
58512 13 418513 1
34450 1 35934 1
59676 38 1169677 1
50755 2 89313 1
33400 1 34534 1
30001 0 19786 1
54747 4 146246 1
3753769 125 3767403 125
54952 5 174953 1
57232 10 329548 1
52533 4 142665 1
45968 1 51292 1
57515 8 267782 1
34922 1 34923 1
34870 0 9740 1
58767 24 749159 1
51040 28 839999 0
53839 4 149192 1
59521 62 1889802 1
84774 11 360001 0
46208 2 76209 1
4057 0 8548 0
32234 1 34467 1
29999 28 878797 0
59910 17 539911 1
59816 117 3539881 1
59343 45 1379349 1
59322 37 1139449 1
59611 76 2309977 1
59645 59 1799795 1
895394070957 105 813773392231 53
38368 0 16737 1
31726 1 33451 1
559772814824 57 306662740893 51
59652 43 1319653 1
52368 3 119471 1
3769670 97 2921881 125
520469984403 102 456541915434 124
1500001 107 3294035 49
59087 27 839273 1
20908 1 54816 0
58593 21 659045 1
30001 0 748 1
45593 2 76778 1
56688 8 266720 1
59249 23 719760 1
5161 42 1258720 0
56214 4 146215 1
58877 15 479047 1
7706670448 21 927864128611 33
58964 26 809075 1
37955 0 15911 1
578067512260 88 597083871289 49
59382 45 1379429 1
59550 32 989551 1
51634 0 21635 1
59860 61 1859861 1
59220 38 1169545 1
732703 23 702195 24
58834 23 719465 1
3751079 125 3773725 125
39949 0 19898 1
59651 63 1919776 1
41105 0 22210 1
56655 8 266656 1
27308 0 18545 0
58141 10 328147 1
59225 28 869502 1
30001 0 12677 1
1135736 0 18071 37
34912 1 39824 1
30001 0 25379 1
35166 1 40331 1
56734 6 208036 1
57481 11 358486 1
3764823 125 3751212 125
59172 19 599173 1
52842 4 142843 1
55657 6 209599 1
59972 17 539973 1
58624 4 149064 1
3290 0 10427 0
32346 1 32347 1
49217 1 49218 1
57935 2 87936 1
59757 94 2849879 1
762858 24 810000 26
30246 0 940 1
26633 96 2885676 0
57410 11 358918 1
741892459720 89 651783548000 103
30001 0 29829 1
41794 1 53587 1
21113 125 3756534 0
38288 0 8289 1
51657 1 51658 1
60000 125 3768022 0
59089 32 989923 1
1 1 500000000000 0
36087 1 42173 1
999999999999 2 30001 62
58620 5 178621 1
51390 0 21391 1
30005 0 30 1
58264 17 538290 1
1528041 0 14649 50
58641 22 688647 1
59157 2 89158 1
3780001 77 2366005 125
45503 1 50672 1
52673 4 143361 1
59735 79 2399756 1
35819 1 35820 1
59663 33 1019664 1
59135 34 1049693 1
36933 0 13867 1
59874 80 2429875 1
58914 11 359564 1
51064 3 111703 1
57300 10 327481 1
57144 7 238698 1
57792 8 267793 1
35293 1 36606 1
57020 9 297310 1
59483 57 1739981 1
58143 14 448261 1
58553 20 629610 1
41054 1 44740 1
59091 33 1019094 1
59140 13 419141 1
53046 4 145227 1
38458 44 1329106 1
45908 1 50559 1
43325 1 51344 1
57707 11 358075 1
54280 3 114281 1
56775 1 56776 1
3275 23 695366 0
53701 4 146226 1
55402 5 178078 1
58022 13 418309 1
51005 0 21006 1
2340000 0 27510 79
59564 47 1439760 1
59700 93 2819876 1
57478 11 359728 1
44045 1 47140 1
59817 18 569818 1
54163 5 174280 1
3754209 125 3750580 125
59748 95 2879812 1
59607 38 1169895 1
51722 2 85084 1
58427 16 508428 1
45469 2 76406 1
57811 13 419346 1
58301 5 179068 1
55186 2 85187 1
55300 6 205526 1
3773562 125 3776116 125
3750616 0 45 125
59303 12 389304 1
54417 4 144418 1
33625 1 33626 1
3753614 125 3765888 125
57397 6 209196 1
54619 23 710010 1
55839 6 206469 1
3777255 1 53737 125
59925 82 2489926 1
51328 3 112055 1
41743 0 18397 1
53591 3 113592 1
57718 13 418040 1
59196 31 959248 1
48630 2 85888 1
494269515269 112 402772598753 73
57132 6 207133 1
3762653 86 2607838 125
3056694 26 796993 101
1755372 106 3192985 58
59607 63 1919666 1
59934 16 509935 1
30991 0 1983 1
59259 40 1229590 1
3786649 0 79867 125
915753202159 11 101773962275 94
30001 0 3765 1
51254 2 84382 1
30407 0 815 1
59609 35 1079610 1
59321 37 1139448 1
33693 1 37385 1
59365 29 899366 1
45979 2 77898 1
58231 9 299469 1
52987 1 54294 1
48647 2 80471 1
34601 0 17674 1
55902 2 87980 1
31684 0 6050 1
38930 1 42721 1
35334 1 40667 1
56600 8 269393 1
38455 1 46909 1
59934 58 1769935 1
55958 7 236148 1
3708925 125 3750001 125
31511 1 31512 1
59493 43 1319983 1
54427 0 27058 1
57031 0 27032 1
44926 1 46440 1
55181 1 55182 1
32571 125 3762812 1
31940 0 6524 1
50865 2 81324 1
59447 53 1619460 1
50731 3 112923 1
1200001 70 2176501 40
56854 9 297009 1
55548 6 208836 1
57187 10 329052 1
48680 2 78681 1
58575 19 598576 1
37595 1 42942 1
419288524721 46 506319206824 65
3778493 125 3760066 125
59524 50 1529525 1
59253 12 389254 1
56693 9 296699 1
59168 22 689169 1
59706 100 3029707 1
41829 1 53657 1
3773125 0 1812 125
56445 2 86446 1
35790 1 35791 1
3773723 0 13023 125
59131 34 1049173 1
59581 42 1289582 1
38784 0 17569 1
58016 12 388459 1
58518 13 419235 1
57103 10 327120 1
14135 46 1398624 0
53417 4 147083 1
55788 5 177066 1
59795 115 3479796 1
3073536 0 15991 102
2052676 36 1104668 68
30522 0 5399 1
31245 0 1246 1
14814 34 1076311 0
59366 47 1439553 1
41055 1 52109 1
57901 11 358433 1
58013 12 388041 1
59543 65 1979807 1
30001 0 6073 1
37217 69 2089572 1
32931 1 32932 1
42272 1 42273 1
52464 3 113594 1
30001 0 4491 1
51778 2 84423 1
59686 94 2849687 1
58788 15 479521 1
30000 125 29999 0
1021505 125 3752013 34
55729 7 235741 1
32210 1 32948 1
405050539821 94 456638794168 23
30001 0 24234 1
40609 1 44759 1
758297 29 947551 24
59747 51 1559748 1
59365 43 1319471 1
56445 5 178192 1
3240001 0 80828 108
2143632 1 33574 71
57886 14 448284 1
483926 0 60249 18
59566 54 1649899 1
32891 1 33855 1
59098 33 1019320 1
58481 9 298482 1
3408 92 2804178 1
59410 50 1529862 1
59192 37 1139288 1
57493 8 268489 1
58815 20 629135 1
59287 24 749288 1
59581 66 2009616 1
3778303 125 3770272 125
58525 19 598886 1
58906 27 839355 1
54283 2 88925 1
500000000000 1 30001 62
59131 13 419132 1
57122 4 147123 1
59315 3 119316 1
59533 64 1949640 1
59526 63 1919535 1
56944 8 266945 1
55420 6 207936 1
53349 4 146743 1
8099 125 3749999 0
30001 0 6709 1
4944 125 3778261 0
30001 0 22362 1
2222469 125 3753046 74
59459 28 869955 1
56075 7 238596 1
40028 1 40029 1
59882 39 1199892 1
59119 27 839335 1
3764989 59 1777027 125
33601 1 33602 1
17175 11 363125 2
59713 104 3149816 1
59669 82 2489705 1
58981 17 539649 1
58589 0 28590 1
59737 97 2939951 1
1413474 125 3749999 46
406492066668 121 312974916248 30
1134665 125 3767782 37
34220 1 39281 1
51505 3 116018 1
515668 125 3690000 15
54498 2 84499 1
58585 4 149759 1
59738 35 1079739 1
58403 18 569649 1
32861 0 3571 1
58734 12 388735 1
38375 1 46750 1
56491 5 176492 1
38821 125 3777761 1
30153 0 1559 1
56559 125 3751460 1
53616 4 148079 1
47155 2 77850 1
56049 0 26050 1
59151 10 329152 1
43882 1 48510 1
58730 125 3769984 1
30001 0 11955 1
37099 1 39466 1
45501 2 76503 1
39391 1 44516 1
59313 43 1319754 1
53629 2 89931 1
838627951963 15 928523519826 11
58945 28 869378 1
26399 125 3759385 0
59232 36 1109521 1
3758521 125 3764518 125
59128 16 509225 1
3432420 62 1871955 114
33870 5 173559 1
59343 12 389344 1
59660 88 2669671 1
58356 18 568754 1
59328 35 1079329 1
55540 6 208774 1
2110627 0 26758 70
58948 28 869489 1
54752 3 117604 1
40556 1 44075 1
55807 4 148012 1
586899 4 126912 19
55478 6 205479 1
59432 51 1559699 1
504780 62 1881378 14
688066 125 3773674 22
59670 27 839671 1
790 1 47188 0
46766 2 77059 1
59626 66 2009705 1
57286 11 357427 1
3697531 0 13067 123
46424 2 79272 1
40655 0 10656 1
58419 17 539496 1
59341 16 509362 1
24899 15 456222 0
52594 4 142626 1
565305273074 70 180256517586 32
52953 4 144330 1
44079 0 28159 1
30001 0 12044 1
687476112574 13 205513899914 86
967175147283 8 606234980262 23
59312 43 1319323 1
2376147 12 380945 79
55515 3 115516 1
2494072 109 3283783 83
59604 38 1169829 1
52551 3 114083 1
30001 0 27870 1
3047700 1 34114 101
59862 93 2819903 1
846008382207 118 410095913780 22
49649 2 81974 1
59749 16 509750 1
57306 11 357438 1
52034 2 85552 1
51382 1 58510 1
34941 1 39882 1
47250 2 81749 1
36665 1 38888 1
58844 22 689036 1
730955 1 49710 24
58023 7 239820 1
6066 10 321981 0
524527073460 32 325637508163 46
59165 35 1079939 1
58810 25 778811 1
35209 1 35210 1
1540376 125 3771806 51
37097 1 44193 1
3751109 125 3766557 125
40185 1 50369 1
41187 0 18660 1
1092690 125 3768642 36
3624 1 35353 0
59772 46 1409773 1
59491 30 929953 1
1125423 11 354445 37
49031 2 81048 1
90000 125 3700803 0
29999 125 2 0
46695 1 52261 1
57580 4 148386 1
59618 53 1619619 1
315796 53 1619999 9
54335 5 176007 1
59686 95 2879687 1
57709 13 417821 1
50914 1 31849 1
712214167532 29 655427606255 25
47036 1 47037 1
58201 8 268202 1
1000000000000 125 1000000000000 124
56352 8 266353 1
31514 1 31515 1
59587 38 1169946 1
58909 27 838929 1
33539 1 34260 1
57791 5 177792 1
58966 29 898972 1
16720 0 3617 0
3773224 75 2250112 125
36813 1 43626 1
3710305 125 3768610 123
59780 125 3768847 1
848526470651 118 394944795779 49
46120 1 51494 1
3750763 125 3765840 125
46766 1 52356 1
53241 4 143736 1
55989 7 237906 1
912196500480 110 74829111797 3
56464 8 268174 1
46161 2 78482 1
3774331 114 3448750 125
3753485 0 10016 125
59611 66 2009676 1
1260768047 83 430865947486 44
36779 0 13558 1
110285231507 106 418636733676 103
58174 9 298458 1
1740001 53 1590815 58
59740 90 2729812 1
52181 2 88007 1
48248 2 84743 1
407265 0 9919 13
59057 1 56425 1
37601 1 40136 1
2561451 42 1260000 83
39467 0 19328 1
57138 8 267849 1
45919 1 45920 1
59769 118 3569984 1
55107 4 146846 1
49303 2 79834 1
48488 2 81409 1
359800 125 3778195 11
57735 13 417773 1
59025 30 929756 1
58910 27 839473 1
59541 56 1709617 1
47391 2 78587 1
59387 18 569388 1
26412 125 3749999 1
59732 90 2729733 1
59810 50 1529811 1
59645 62 1889956 1
3204559 1 31426 106
38750 0 17501 1
47781 2 77782 1
2984638 77 2296258 99
57481 11 359772 1
50272 3 111088 1
1547847 1 32443 51
330000 110 3242882 11
3766990 125 3773635 125
57314 5 177315 1
596974525028 14 858567289030 112
59804 123 3719856 1
43593 1 43594 1
40673 1 51345 1
59642 64 1949750 1
57668 9 297669 1
59742 116 3509776 1
30696 1 31392 1
57556 6 209474 1
261341293572 69 129125222744 59
59052 31 959642 1
59865 95 2879866 1
59955 91 2759956 1
57361 11 358327 1
57702 8 268864 1
32463 1 34926 1
32145 1 33387 1
48565 1 54754 1
56027 6 206799 1
52576 4 142880 1
32099 125 3776713 1
58513 13 419226 1
2144298 125 3756696 71
48842 1 55124 1
58957 14 448958 1
59710 59 1799711 1
36702 1 43403 1
58653 9 298654 1
354106173334 69 790473385353 77
51689 0 21690 1
58168 13 418582 1
22142 1 51234 0
59197 35 1079225 1
57633 10 328167 1
47242 2 81440 1
58371 18 569040 1
52952 4 143580 1
25004 22 684439 0
29299 91 2759999 1
54318 3 114319 1
40999 1 45078 1
29999 110 3317177 1
30001 0 10731 1
57946 14 449179 1
59709 102 3089974 1
59799 119 3599850 1
53643 3 113759 1
2373706 0 3595 79
56115 0 26116 1
57556 12 388221 1
49902 0 19903 1
54198 4 146513 1
56693 7 236694 1
4260043159 41 597322062403 115
56850 7 237734 1
57722 8 268895 1
34504 0 9009 1
522186408946 115 78556436450 36
37629 1 40173 1
2 62 30001 124
3998 125 3759240 0
47609 90 2725334 1
59900 61 1859901 1
57863 12 387953 1
59018 23 719316 1
45175 38 1164660 1
51329 3 114523 1
764538573256 40 77747022960 76
59300 25 779764 1
1050428 125 3782140 33
2103762 125 3758916 70
1371236 0 27276 45
48519 2 85556 1
59060 15 479312 1
59051 27 839202 1
46427 125 3753558 1
42667 0 25334 1
40864 1 44486 1
42709 1 55417 1
33693 1 34821 1
59058 16 509888 1
375467 58 1742214 12
59666 31 959667 1
57234 10 327235 1
59647 65 1979962 1
59618 48 1469852 1
57946 14 449178 1
34832 1 39663 1
59776 122 3689799 1
1325 125 3754530 0
43021 0 26042 1
58627 1 58628 1
41702 1 53403 1
3776451 125 3760505 125
3758998 44 1322745 125
59777 100 3029778 1
55329 6 207301 1
3774323 125 3777614 125
3753577 125 3770437 125
6504 9 273382 0
31685 1 33369 1
58248 13 419471 1
328355632855 19 138092905419 50
35625 1 41250 1
32516 1 35032 1
50689 1 50690 1
57981 10 328799 1
35296 1 40140 1
59882 72 2189883 1
57477 8 267478 1
58284 16 508426 1
59267 40 1229915 1
59246 30 929247 1
45062 1 45063 1
3776462 125 3777393 125
35982 1 41964 1
35518 125 3773326 1
57514 12 387676 1
44902 0 14903 1
46327 2 76676 1
30001 0 10678 1
1829246 125 3755776 60
57376 9 297958 1
57774 13 418827 1
59896 80 2429897 1
57909 0 27910 1
49951 1 49952 1
3754753 0 24350 125
59312 37 1139430 1
807977353147 112 136683541893 22
23180 25 766520 0
56352 0 26353 1
47311 0 22302 1
43681 1 48242 1
59496 58 1769532 1
59388 32 989696 1
597382 56 1706658 19
1071565 0 20988 35
36005 1 38008 1
38257 1 46513 1
35484 0 10968 1
58362 5 178363 1
55754 5 177007 1
46730 0 16731 1
33264 0 3265 1
55355 6 207485 1
58902 17 538903 1
59899 11 359900 1
3722240 125 3720000 125
59687 95 2879937 1
59761 37 1139876 1
38932 1 47864 1
391231633300 94 915694494216 73
57460 11 358259 1
59825 124 3749826 1
49993 2 88927 1
56760 9 297600 1
57874 14 447962 1
52316 26 806096 1
29237 1 32926 0
59929 32 989930 1
59512 61 1859700 1
35758 0 8335 1
17274339920 13 142723364436 34
30001 0 12197 1
59246 9 299247 1
48340 1 54454 1
55235 6 206645 1
41110 0 11111 1
30000 124 1 124
59154 31 959458 1
54663 2 86297 1
3773743 1 46353 125
30001 0 24208 1
30262 1 30523 1
2 1 2 125
48932 1 48933 1
3764875 1 36422 125
31359 1 31726 1
35910 1 37881 1
50103 2 81451 1
30001 0 18124 1
58574 19 598714 1
933481815683 96 24836728622 39
47733 2 77734 1
733266 0 11491 24
32702 1 34771 1
2878750 30 906815 97
59449 43 1319590 1
37372 0 14745 1
49408 0 23645 1
57959 13 418461 1
59624 79 2399856 1
999999999999 124 2 1
55076 6 205134 1
735159 0 83070 22
34882 0 9765 1
886786628569 34 229335882146 10
336993156194 30 961412323713 56
58126 14 449113 1
59906 16 509907 1
59060 31 959911 1
32208 1 34307 1
58359 16 508803 1
39491 0 19860 1
59525 59 1799757 1
59720 99 2999892 1
37321 0 7322 1
58385 11 359327 1
57542 11 357770 1
35571 0 5572 1
59278 25 779279 1
43382 1 56763 1
59662 38 1169663 1
50469 0 20470 1
2303829 106 3184634 76
154723532520 29 386118958408 24
42542 125 3754381 1
59755 116 3509763 1
58692 16 509963 1
59672 29 899765 1
59263 40 1229764 1
57861 13 418140 1
59368 20 629557 1
737 23 720001 0
3663201 125 3750219 122
52757 4 143017 1
47413 0 25488 1
55408 3 115409 1
1 125 1 62
59367 23 719985 1
37088 22 666252 1
45475 1 46620 1
56814 7 237137 1
33561 1 37122 1
3240000 1 3620 110
55883 4 145992 1
1219724 38 1142777 39
10106 125 3772734 0
51088 2 84133 1
59755 98 2969816 1
55196 4 146994 1
39575 1 42767 1
57168 10 327309 1
48237 105 3164859 1
41211 1 52422 1
19733 0 20684 0
30001 0 23228 1
57618 8 268714 1
32189 1 34377 1
3750303 125 3754086 125
52174 1 30794 1
969252 125 3758372 32
41898 0 20364 1
42386 1 46515 1
48488 0 18489 1
40276 0 20553 1
802748 0 5030 26
58801 25 778804 1
1000000000000 62 29999 1
58177 13 418178 1
1043286 60 1820685 34
2976660 0 4878 99
