6000
2684 3227
8 2992
1249 3570
1675 3368
664 5402
617 3359
2669 5783
728 1490
2139 2527
2981 4377
3235 4656
1313 2043
1368 4213
3837 4127
619 4501
4174 4929
2622 4141
4849 5720
236 2068
3929 5015
1062 5892
254 2414
2812 3064
292 4312
1846 5528
809 3406
751 2197
256 593
823 1393
260 2753
4622 5147
268 4052
3511 5712
261 3150
4406 5651
154 1820
236 2829
4035 5114
117 344
1924 3074
3774 3843
83 2329
907 3998
505 1065
3540 4025
3137 3416
146 4625
2501 3439
2965 4483
2353 5897
1836 4416
950 4194
4720 5451
3222 4266
386 3335
255 5928
45 3835
4232 5705
3614 5401
3435 5674
1238 5046
1016 5374
5654 5671
3984 4287
2705 5981
818 4760
4148 5515
587 3877
3023 4857
1355 3084
1628 2220
1478 4787
668 3877
2179 5294
147 2111
322 4675
196 2475
3603 4661
3238 4667
4714 4884
1448 4709
59 3287
662 4406
1794 1925
3252 3700
2501 3855
2903 4282
2239 5868
334 5041
3117 5816
2014 4552
3138 4334
1650 5700
3 4285
406 5445
4194 5580
355 1782
574 675
3244 4132
1598 2758
270 4572
3224 5366
2837 3356
1323 2240
2883 3704
2564 3889
1766 5843
592 1146
612 2043
1070 3996
3150 3830
3762 5296
984 3024
1444 3724
1620 2630
2529 3634
3026 4854
3944 4146
2273 5618
4395 5874
2494 4970
2181 2840
2199 4861
4101 4229
1572 5009
1667 4249
2671 3926
271 4915
14 2074
189 5289
209 1165
2632 3138
864 4585
277 5292
2878 4739
3543 5098
790 5670
2341 2556
2220 3337
154 1557
744 2559
345 4421
3247 4614
3601 5556
1856 4207
4117 4919
1017 3852
228 3244
438 1242
2567 3054
1068 1756
1214 5315
4876 5139
2219 5470
1456 1966
35 4242
1709 4294
1295 4164
2444 4752
260 1010
2769 4233
5514 5713
470 3832
3631 5641
2804 4135
4619 5519
383 5843
4445 5050
686 3541
986 2608
950 5617
528 3319
3905 4100
1929 2873
1271 3272
2411 5989
1565 1772
3096 5396
505 2686
67 5652
2027 2357
341 1047
1020 1171
1311 2947
1542 1777
879 3212
1049 3945
1776 4768
142 208
2022 4463
2333 4800
500 3786
1481 3928
1256 2073
48 3607
14 4061
2969 4844
2069 5191
3308 4160
1655 3403
1709 2765
1788 4423
1640 5256
739 5105
1419 4897
1520 2195
107 628
867 3672
725 5163
453 2029
165 4009
2671 4071
1629 2234
1133 3904
3470 4185
1252 4359
22 3258
262 4669
108 3111
3398 5629
239 5927
668 5900
1490 5415
2126 5938
2185 4123
3544 3948
559 1561
3468 4746
1761 2854
106 4921
2050 2796
2830 4875
4613 5210
2190 2246
3614 4767
5534 5830
2764 3773
1386 2905
1259 3948
2111 2316
398 2320
3762 4646
2900 4762
3034 3695
3099 3905
2240 2305
1119 2492
4455 5696
989 5474
140 415
4114 4823
159 1786
2250 5993
2527 4401
1775 4274
207 487
481 2726
1389 4089
332 4425
321 1391
4706 4841
4705 5196
1648 4875
2156 2904
1328 1808
3048 4929
1751 3288
1366 2041
450 1638
5326 5733
267 279
115 5031
2047 2578
3634 4486
354 2934
3793 5746
2523 2723
2262 4990
1457 4218
4477 5731
1775 5152
4419 5219
859 2501
3857 4489
3626 5553
173 2273
396 1489
2333 2721
4404 5539
5250 5469
115 2214
2406 4840
1559 3722
1656 5929
2396 5011
4276 5400
1214 2222
3660 5498
996 4830
2783 4536
5485 5834
1202 5752
344 529
1620 3553
2009 5880
2759 5429
3169 5036
2244 4229
4202 4908
406 4193
4101 5453
2121 2376
1368 1577
1911 2176
2002 4995
860 4179
1868 5446
2033 3472
3119 4387
211 2019
5 3593
1617 5385
4407 5347
1977 2329
496 3498
59 2391
1701 2145
1174 4821
2879 3818
1063 4475
832 4176
232 2777
2601 2731
5273 5680
1141 4438
998 4280
788 2440
2832 3070
3347 4392
3814 3902
1182 3409
1734 3529
429 4324
706 4378
2191 5551
1766 3204
5280 5369
1541 5681
1855 4918
289 5191
181 2685
2471 3264
1983 4752
3895 5000
1968 2294
612 5561
2089 5403
2362 2815
106 5350
3678 3764
2145 3268
2172 3379
2952 3830
2693 3633
694 4327
481 3728
94 3664
2370 5039
124 2598
4514 5218
892 5668
2537 2996
37 963
5056 5183
2128 4826
3177 4986
4357 4442
5073 5308
2889 3386
2184 4752
442 4503
3748 4151
3909 4368
845 3737
1345 5931
911 1078
1758 5215
4365 5881
1196 4197
2418 4567
721 4265
346 4818
1065 1629
2800 3301
3222 3257
849 883
4449 5306
2821 5738
3467 4423
135 154
1293 3077
102 4207
5118 5790
2729 3290
1443 3435
651 5447
2922 5814
1361 4900
1074 3848
3562 5288
4784 4935
4609 5472
1727 4731
1811 3536
1348 3747
4284 4798
496 1704
1549 1944
3747 4611
3069 5838
1152 5638
4093 5012
2239 5270
1769 3645
4792 5407
1305 4931
3860 4285
2695 5217
405 1195
619 4373
892 3041
635 3719
599 5155
671 2042
539 2140
5646 5906
2011 4369
3457 5153
2712 4854
2314 2542
2436 2488
4046 5475
2283 5220
697 4004
548 5169
2943 5590
2527 5018
2537 5164
4774 5450
2925 5862
2228 2321
4603 4971
2061 4233
237 3384
3740 5714
3103 3477
484 3429
1415 4499
814 4037
3826 5107
1604 4215
3328 4112
3996 5253
3157 5072
1577 3071
4267 5269
2075 3696
4018 5339
2529 3764
519 2491
1886 3447
1098 4345
1285 4071
2102 2352
2575 3150
2846 4469
2790 4233
143 3489
2963 5509
28 4682
246 1468
2061 3519
3281 5724
1885 3024
2743 3949
4805 5595
3179 5917
3484 3873
2043 2323
965 4303
1793 4502
681 1608
1018 3584
167 705
2098 4836
2552 5117
529 5620
2931 5008
354 1534
285 1818
1544 4429
2840 5166
4361 5200
3989 4211
775 3772
4473 4713
1200 5067
877 3931
1814 5058
540 1564
1790 3359
2114 3984
3744 5891
1567 1849
1086 3089
1777 3932
2384 5999
2635 5707
2116 5077
1803 2632
638 1560
3292 4525
4842 4935
5046 5906
517 1616
2234 5380
1392 4082
2222 2502
1462 1911
1804 2644
939 4560
373 1691
2272 2705
5444 5470
3723 4141
3524 3969
186 5004
2084 3027
3260 3838
758 2995
1112 1733
134 5819
1026 4825
771 1567
1073 3548
1414 2785
141 1075
3531 3760
104 1530
854 1193
1695 3706
2010 3264
41 1352
1539 2443
2825 3211
304 3211
1019 2027
1768 3696
3261 3587
3702 4363
136 4680
3423 3467
731 1741
4308 4704
2580 4993
1087 3994
3568 5282
1301 4218
2229 2746
614 1070
485 3402
68 5745
2269 5957
4278 5413
2869 4342
2314 3877
491 4759
1276 4397
2525 3162
1126 1939
308 1840
1196 4417
560 3000
4488 5246
84 5256
4809 4954
312 3812
2176 2727
823 1916
2368 3915
2665 5374
707 2385
2190 3369
113 1918
864 4959
2489 2914
472 2757
158 966
284 5479
1044 4648
1963 4689
3666 5705
1469 5845
154 3088
4536 5150
1232 3781
4382 5392
2176 3477
709 2624
985 1499
927 1580
2916 5350
112 3473
421 3604
191 381
3711 4656
713 3579
2831 4410
2178 5265
3006 5554
873 3253
2326 5732
238 5991
891 4090
1195 5260
928 1033
276 2774
3722 4115
1501 4794
606 5752
900 5703
87 5626
2173 2871
1976 4139
4167 4796
271 2802
773 2581
112 454
831 1551
2031 4989
1417 2102
3012 5288
1322 5307
4722 5379
5216 5758
490 3725
195 839
2250 2804
47 1294
14 3384
299 3043
1668 1785
4277 4754
1712 4187
2425 4447
2914 4489
1902 2789
1160 2892
164 3089
2247 4319
847 1056
697 2140
657 3785
3201 5782
931 3955
558 3935
4057 4993
3244 4885
2388 3440
1254 3288
1513 1692
675 1911
4092 5812
3501 4731
1251 2676
1900 2022
4552 4557
2681 3548
2290 5902
2093 3620
519 1170
2919 3474
2366 5297
1982 5256
2374 3483
3490 5840
3314 4747
3415 4276
4610 4924
4726 5546
2313 5113
4951 5492
688 3582
4340 5185
2068 5328
813 1174
5028 5256
913 1001
2503 4926
876 5521
1367 3224
1480 3946
1736 4916
381 1301
621 5158
4291 4615
3304 3382
523 4976
2895 4844
5401 5952
1346 5432
3890 4516
1401 5710
846 942
517 3821
2292 4752
2817 3798
1517 5413
2642 2922
332 2170
1168 4181
3557 5280
4264 5987
550 5341
608 5616
2992 3071
559 3174
2922 5109
946 2434
4653 5383
4451 5094
330 5221
3384 4278
1794 5050
1008 3905
3617 5847
3222 4106
769 3891
596 3215
1385 3543
339 5221
5412 5898
349 5456
4132 4389
1632 4842
4288 4390
2811 3954
669 798
1430 2275
297 1183
1565 1596
2810 5424
3039 5597
2999 4924
1090 2966
1156 2332
1409 1751
4099 4702
3633 4695
3881 4223
435 4040
2091 5330
2934 5372
2643 4255
1229 4755
1381 5438
330 2196
1414 3705
4207 5801
3724 4869
3195 5059
2353 4001
115 1915
3223 3714
1029 3351
4817 5077
2632 4926
3071 3526
153 2725
1093 2508
3074 4649
2475 4737
1352 4862
4552 5325
3359 5427
1406 5675
2569 3595
2753 5812
497 5532
21 3598
252 695
189 2594
1260 2479
2932 4932
496 4324
331 4554
542 1914
2555 4305
3143 4776
3627 4765
680 1256
3790 4348
1531 4869
1821 3707
1536 2167
167 5163
116 4887
132 4743
1209 2709
1848 3632
1820 3776
1438 3616
711 3307
1777 5248
1635 5732
3094 5601
2960 5270
2784 4683
2360 4096
126 3345
1529 2877
1596 4108
905 1708
1778 2351
276 5400
1274 3227
62 5452
2649 3229
1605 2023
4756 5737
2472 2855
3956 4207
327 501
207 1600
4356 5650
3234 3679
3032 4017
4880 5825
184 2763
3006 5760
839 1741
1144 4732
84 4430
3123 4315
1523 5174
170 3440
3379 4989
3201 3757
3472 4750
1764 2879
384 623
670 1520
610 2915
179 3894
161 2962
1150 1623
3167 5120
941 5366
1893 4668
520 2328
1423 1527
1521 2962
421 5540
2491 5449
2444 4208
3092 4439
2892 3533
3961 4976
3608 4907
1473 4558
1617 5350
2237 5272
4252 5857
1052 2655
624 4708
483 1027
856 5048
3 4116
2195 3099
2307 4956
665 3114
3041 3903
2659 5130
363 544
552 1988
1755 3328
4481 4745
1543 4140
1180 4258
3591 4240
4656 5676
2880 4213
672 1151
5127 5399
1186 5872
159 3762
585 1448
3459 4146
290 3829
2263 2530
1781 2847
1824 2800
854 867
1332 1691
806 2244
843 2730
616 4237
3442 3595
3997 5658
482 2265
1841 2773
251 2707
3398 5375
1732 1997
2371 4632
5094 5890
3717 5833
1574 3458
1640 4862
1110 2644
1865 2729
121 2020
1399 5140
305 3383
129 3899
1606 2370
4514 4968
4143 4349
3302 5434
3295 3869
2480 4803
310 962
4426 5256
3419 4522
1973 5909
5059 5930
1264 5607
5102 5532
2693 5954
3988 4591
3980 4790
458 1461
2342 4044
1644 3023
1355 3518
959 5715
4516 5487
2071 4738
382 4231
2187 4345
1492 1924
897 4930
943 2263
2401 5438
2745 5027
841 5080
1640 5902
1021 2329
3828 5426
593 4905
2674 3195
1137 4329
270 4112
3517 5617
3018 3146
1884 4122
1956 3455
2906 5964
990 2587
3616 4935
3464 5766
123 1245
2815 5605
289 3900
120 5375
2584 3946
1808 2998
1809 2847
1204 2991
2618 5580
2758 3463
1025 1215
2501 2880
572 4509
1432 4423
2669 5508
645 4847
5159 5700
2113 4555
2443 5055
4296 5108
1329 2144
479 3245
3475 5435
724 4010
2083 2796
2054 5754
2606 5412
3962 5675
1627 5888
3175 4711
101 5593
1472 3553
3946 5591
1796 2075
1808 3821
408 5809
3826 3934
1779 4640
556 5715
5338 5745
2694 3877
2779 5542
422 4088
1443 4336
1140 5907
502 5094
154 657
823 3341
914 3139
4212 4757
2655 2885
4286 5127
3431 5057
4306 4387
637 866
2809 3198
4537 4953
1262 5332
1730 5053
477 5960
1871 3197
2149 5155
1840 5522
1764 2976
2683 3580
3034 3567
3873 5720
3330 4339
2052 4087
452 1240
1869 4437
3564 4984
2339 3712
2969 3148
640 2314
889 4711
1731 4020
2735 4851
107 4402
571 3186
4885 5044
3468 4961
1349 2189
1727 1900
1994 4385
1499 4653
5313 5932
1498 2479
2345 5884
121 2687
948 4623
763 3725
3779 3891
2181 3345
1435 4033
821 4914
1179 4970
988 2559
419 1086
1584 3729
3048 3385
1206 5141
4697 4792
3762 4466
421 5081
457 4371
2702 5164
5610 5884
1575 3274
3339 4502
8 1784
2465 4256
1549 4414
1043 4027
5487 5919
805 4267
1723 5461
3223 4432
2064 5746
1622 3980
672 1295
1723 3820
830 4486
190 5335
1486 2239
2821 3931
523 1846
2766 5940
2483 4293
507 5277
2506 4651
3134 4310
2384 4759
3621 4390
3795 4785
2054 3637
1570 2145
1710 2226
1821 5808
236 2146
4 827
3168 5296
4457 5830
2909 3846
223 2066
422 5982
4106 4718
2749 3144
1050 5996
4648 4933
2214 5730
657 4602
1655 2388
1125 2877
2654 5363
572 2203
565 3072
2209 2510
749 3208
192 508
280 3566
2357 2893
1093 3882
1677 1697
4534 5383
685 774
4854 5276
4012 4994
2351 3593
1210 3484
1744 3400
1506 3979
836 3019
1619 5602
2690 5843
2585 4408
839 2569
3364 4227
3549 5671
1098 2209
1955 5259
592 1668
488 673
1073 2762
800 5196
1341 4610
1661 5050
2035 3079
361 383
3814 3892
4794 5104
1829 3428
2802 5064
3876 5430
939 5905
4727 5720
1917 5206
2058 5705
2353 5198
974 5291
4086 4752
3866 5201
3624 4833
2410 4041
5077 5710
494 2460
1017 3918
2525 4946
4652 5049
2921 3751
2443 5221
3498 3853
1032 5792
2355 4760
647 2067
725 4100
103 138
3786 4334
511 1530
317 1150
1713 4987
310 2078
3455 3680
4164 4392
876 984
2998 4179
4069 5136
4010 4980
1430 3573
3876 5274
1308 5195
706 3543
534 4622
327 344
1226 3709
3131 4301
902 969
1695 3728
3756 4069
1477 1691
502 1294
1784 5435
3293 4261
408 1332
955 1554
3172 5000
2979 3506
2629 2684
3813 5404
573 3716
2476 4269
158 5584
1102 2542
813 3047
3053 3053
721 5754
437 1478
457 4756
226 660
973 5174
1416 3936
4321 5410
1929 2830
2076 3018
3307 4057
4121 4638
1863 2362
2122 3031
2077 5974
3773 5623
1621 4227
1800 4032
1337 4662
952 2925
1388 4740
2233 3326
2816 4909
1212 1786
582 5837
886 3933
2278 4973
294 3552
4690 5522
236 3903
5105 5657
2017 2452
1312 3177
1409 3503
991 4363
1363 4405
1121 4374
2184 5641
1503 4444
663 1512
1545 1922
952 5391
3998 4681
1175 3385
2215 3859
1576 4842
238 351
2138 4809
1802 1907
2800 4070
3715 5717
319 1941
4401 5671
705 2633
4146 4529
2291 4946
1253 5846
1558 4955
2289 4059
241 2139
614 4001
282 2839
876 4482
2201 5473
412 3507
1853 5736
4891 5976
2516 4434
4738 5567
2657 4475
4310 5963
330 5140
1617 4475
1411 5466
1527 2025
3533 5021
5585 5739
1877 3542
521 3693
3249 5858
1873 5261
1045 5438
1324 1575
1234 3166
3855 5133
707 1021
183 5020
1328 1744
2736 4536
999 4596
2283 3664
188 4092
1243 5799
1863 2825
2678 2978
1100 4570
2141 5964
821 1403
3913 5207
4202 5063
1932 2579
3767 5535
2077 2630
3529 3702
1220 2883
1633 5977
4038 5582
1114 5717
1870 5655
4468 5518
677 1413
766 2889
1653 4319
3133 4236
4099 5827
1117 5456
1453 2065
416 644
3813 4769
2935 5739
2421 3411
2899 4930
4588 5176
520 2697
4975 5104
1202 1993
4495 5158
4792 5464
3833 5793
2326 3700
4056 5827
970 2947
4013 5822
442 2140
29 332
1548 5610
4300 5920
1540 5458
3394 5195
1812 3241
1132 5989
51 2409
668 979
2647 5622
1668 4087
240 972
1174 5460
12 2352
3189 3215
4985 5131
422 4308
508 1942
1229 3023
5173 5186
1619 5236
1413 3158
5370 5657
1896 5679
1741 4835
4685 4910
690 2081
3518 4682
2838 4022
1483 4284
140 3770
1000 1217
4347 5073
2714 4335
2811 5192
2324 4620
3859 5694
1978 5466
407 3152
34 5094
245 2195
2135 2898
3687 5951
508 3270
2371 4313
363 5122
471 2403
5418 5664
5106 5575
971 3006
571 4372
1092 3650
1426 1445
2734 3278
375 1961
3128 3223
953 3195
1913 2985
1891 4052
5359 5526
2760 3188
340 5556
799 5793
46 1250
2597 3316
303 1244
1837 2082
1708 2255
1837 5942
1900 5106
1968 3749
3786 4879
168 394
606 4107
2036 4766
4896 5707
3220 5263
585 2294
2561 4483
782 2375
223 1718
2130 5956
1039 5064
3984 5866
767 2910
961 1271
2295 5047
885 5365
1991 2882
3594 4380
1470 5164
3890 5522
4981 5578
1866 5000
3929 4037
2248 3002
3257 4518
177 1305
4318 4651
5045 5262
2763 2880
2475 4352
5336 5937
553 5167
604 5401
3216 4971
1126 3454
2340 4121
2943 5283
1736 2667
2697 5924
483 1892
3172 5403
1335 3341
2078 3269
4465 5414
4660 5798
398 2937
4285 5692
82 4176
1083 3086
1128 5505
1537 3272
489 4567
4218 4881
1015 4167
689 4201
456 2624
2062 4470
1732 4472
2842 5922
1036 4761
16 5054
1652 2485
248 417
2814 3863
1521 4438
1775 3993
852 1467
3998 4209
581 1229
2024 4507
5533 5592
1388 1760
1608 3404
2646 3003
850 3543
3424 3524
2213 3152
623 4913
3393 4950
3114 5992
1686 2054
273 1091
1619 5927
1013 1397
2780 4783
2270 3856
1005 3729
3504 3963
2190 2441
4581 4813
1213 3691
3461 4649
171 2206
1972 3813
940 1637
129 345
1127 5075
3562 5431
3983 5633
1499 3511
3688 4038
427 2940
1189 1466
1871 5086
2403 5352
5075 5689
373 5069
773 4804
33 1336
14 5768
3217 4561
2996 5409
201 2698
3955 4809
2441 3343
2545 5818
1900 4490
666 3395
3183 5325
3083 4568
3604 5719
1691 3050
717 904
1473 2316
1506 3866
3222 5374
1669 2532
559 1952
2153 4989
3810 5257
738 4662
1600 3196
1578 1922
1043 1312
3933 4569
1028 4086
718 856
3377 5956
1207 1820
413 4457
3824 4063
4044 5470
3624 4838
2022 2635
422 653
2117 3362
1160 2568
278 1700
7 2828
550 4175
689 1479
3674 5170
3071 4443
2977 5413
3961 5660
5232 5308
565 2892
1632 2289
4656 5602
1647 5289
672 1272
520 3461
86 1878
518 3857
1926 3875
1594 3356
1694 4598
2165 5866
2594 5114
1878 3668
1273 4558
4581 4796
1791 2346
3760 5589
399 5190
1232 4523
3588 5754
785 2941
5022 5692
449 3031
2184 2526
2708 3162
366 5342
4716 5489
4476 5953
351 5297
1879 1883
1778 5370
2157 4774
2707 3055
1846 3911
2157 5770
1574 5283
2422 5409
772 4516
3226 4658
3484 5102
3082 4950
3011 5811
1660 2839
3650 5060
314 3782
1870 4600
568 4057
1192 2488
3336 5836
1124 1722
2785 5978
943 4322
2347 5326
3817 4946
1370 2056
3672 5486
2314 3859
1016 3232
4046 4197
4844 4869
5082 5576
3409 4990
1402 4595
808 2109
4856 5576
1052 2557
3783 5236
5224 5239
4310 5519
2150 3884
2355 5630
2981 3513
1943 3981
2326 5531
1213 2513
5331 5516
2952 5508
404 848
4188 4849
3040 3291
3055 3602
2831 4316
5654 5667
1628 2421
4814 5649
453 5125
4415 5036
3410 4379
2373 4557
451 5811
1399 4603
1055 4059
3414 5434
1662 2897
3251 4518
1392 2650
1316 5454
2409 2441
3186 4094
2214 4437
218 5266
964 2416
2334 5647
2464 5610
174 525
2949 3588
569 2458
2406 3571
3993 5688
1190 1393
2428 3248
232 5680
2586 5449
1144 3751
3429 5503
3360 4698
2884 5864
1288 4850
505 2255
2232 3554
1465 5373
2133 4698
2346 3039
3808 5268
136 4895
1479 3294
2365 3172
1869 4846
4308 5921
340 1199
1356 5917
63 4399
2418 3046
2352 5689
525 4836
2053 5748
5463 5765
1672 5290
26 3539
3948 4596
4007 4102
523 3992
1450 2177
898 3829
5551 5889
2607 5916
1809 4511
4081 4673
4967 5523
402 2562
2538 4930
541 4310
4669 5293
2443 2578
3015 3563
3509 4249
948 1566
4637 5374
235 2396
5036 5745
103 4678
386 2210
707 5911
1582 5039
4768 4888
2635 5847
681 4245
1007 3979
1366 3619
3504 5524
2800 5554
1868 4588
2697 5132
3449 5481
227 5706
3601 4010
944 2046
3550 4040
1532 4608
2774 5157
1896 2200
1965 3827
1514 1953
3785 4447
4181 5556
1114 5065
417 3288
1247 1564
1335 2261
523 5871
2427 5083
4076 5458
335 3094
1932 3545
619 3269
80 5113
1880 3218
3612 5623
82 2664
3962 5644
564 959
457 3930
1843 4599
4954 5039
1279 5239
1370 3523
1815 4863
3417 5540
235 2792
2282 4471
4386 5036
3007 5059
3185 3483
2322 2414
755 5333
1175 2510
2927 4278
2368 4069
3436 4584
3065 3430
647 4737
2594 3296
163 3321
1656 2070
685 5736
1631 3086
2417 5747
1522 3452
2476 4722
5047 5478
2297 3633
41 1570
4164 5257
90 5946
3458 5137
3965 5665
1751 5560
387 4215
1403 5963
1606 5505
1450 3886
1898 5869
1523 3602
143 1182
1584 1875
4071 5658
4138 5930
1298 3950
3338 3846
1687 3257
312 2004
3617 5710
5389 5490
2774 4406
1362 4062
3889 4444
719 1970
1029 4988
862 3009
2902 3366
3798 4678
3024 4397
321 2759
43 555
1449 3030
603 845
418 427
2231 2253
15 1542
3986 4864
2990 3167
497 5367
2133 5534
5271 5965
2376 5761
31 3750
240 2626
2196 3645
1285 5603
1830 4575
2889 4825
621 5685
811 3055
2792 3330
4619 5152
2236 5655
1839 2307
3391 5252
3025 3671
2711 4981
278 893
3910 4391
2105 5959
811 4859
89 230
1973 4849
1563 4942
4774 4945
4406 4546
292 1510
723 758
1719 5986
160 1223
929 2933
2674 2873
1712 5636
362 5628
2674 3844
1046 3195
3915 4411
3175 4816
403 4634
2490 5495
1553 3626
4285 5450
472 4111
832 3704
203 4438
537 1195
4261 4854
1727 3194
4103 5903
4993 5240
1799 5599
2686 5657
4152 4227
4720 5017
1709 3734
2404 5311
3325 3931
2040 2084
2340 4765
703 4408
1745 2192
1792 2149
4144 5376
3849 5623
1157 2170
4240 5641
2377 3613
601 5885
1946 2694
1916 4548
3070 5431
795 2676
197 4411
652 1368
3456 3921
5815 5931
857 1252
890 2362
557 1631
685 4019
2486 3809
189 1709
3206 4839
1807 4603
1891 5059
3107 3915
4689 5241
4354 5911
1366 3150
4529 5898
1961 3427
920 5438
79 3722
1022 2200
1358 5492
1533 4607
721 5928
1293 1869
22 5744
1967 5794
4943 5354
651 3913
2604 3516
4297 5039
1914 4548
4745 4932
3667 5756
4418 4502
3486 4468
3050 3697
998 4881
4145 5999
4012 5202
1430 3617
1200 1388
62 159
1468 1872
2976 3167
2491 5846
665 3799
1145 5001
1874 3627
685 3415
3124 3308
72 4115
4257 4634
794 5857
874 5712
1166 3010
3902 5637
3689 5886
4789 5175
4308 4821
3105 4302
764 5893
296 1894
388 5089
762 1513
635 4535
1137 2101
2236 4076
3941 5459
1813 4595
241 5830
3337 5216
125 2512
2016 4952
3089 5610
3644 5402
1613 4453
319 4224
1442 5116
3507 5217
343 3466
269 5936
2514 3472
111 5896
1493 5674
701 2351
781 3095
3276 4780
2031 5721
677 2824
3440 4399
148 5103
2479 2944
1409 4628
1031 5138
4047 4945
4973 5503
318 1264
680 3824
3081 3144
1468 2031
3488 5588
1701 2970
1519 3494
4100 4161
3712 4724
615 2202
1778 4748
2062 3175
609 2266
2716 3250
356 4140
278 5966
2674 4635
1577 3852
3255 4617
1582 2623
1230 5487
3849 5064
976 4343
2960 3971
4496 5701
1834 5942
3 3830
1819 4380
3049 5264
1598 3506
1809 2775
4119 5908
3020 3839
3783 4309
1300 2225
1310 1392
4771 5774
2688 4657
1887 3133
962 3159
179 2778
5006 5516
688 3042
26 2499
325 5876
3357 3740
2003 5568
362 1733
1554 4103
2401 5524
2533 4843
63 1016
4404 5351
753 2678
871 1425
109 4503
1148 5163
404 3212
956 1765
3173 5241
3809 5303
3064 4565
3082 5125
4217 4322
1912 2231
1333 3265
567 2351
2588 5331
916 5360
759 3375
982 1018
1628 3075
877 5744
2153 2749
1402 5303
1227 3148
4981 5013
2679 5152
3461 3973
4559 5924
2193 3185
1749 2545
2832 4681
421 5735
1480 2157
1710 5849
1875 5521
1159 2353
1889 2204
886 4945
3269 3798
2080 4218
2093 2396
2006 4979
2104 2431
4689 5020
2138 3908
422 3136
482 5453
1837 5236
4733 5670
2305 3952
166 724
3438 4108
4342 5438
1991 4073
2631 3956
1322 4366
1194 3038
2604 4600
243 3337
239 2381
2285 3507
4953 5429
1724 1836
4295 5408
4261 4508
3164 3894
46 1272
560 4253
513 2300
4881 5706
2148 5870
737 2268
3012 4102
2060 3811
5097 5275
433 5327
2075 5185
944 2457
3187 3414
143 4640
1482 2406
5552 5735
3502 4632
172 2081
1987 3477
1703 2753
1322 5522
2111 2115
814 958
2137 5612
2947 5962
2754 4507
2690 3055
2968 3256
862 1691
260 3280
3666 4350
3722 4616
1673 3540
521 4834
1230 4053
1921 3642
3229 5136
118 2957
902 4593
186 4004
2618 3024
3187 4968
387 1623
2393 4978
3255 5937
5320 5446
1662 3886
3907 5067
271 4843
4443 5955
87 3103
1646 2176
1304 2473
5 5970
1162 3956
2504 3667
2152 2203
1928 4555
258 5047
1356 2411
1928 5697
1985 4317
1422 3546
4551 5568
2619 4980
1217 1507
60 5144
3288 3791
1142 1637
2548 5456
2442 2610
782 2039
3555 4727
5011 5729
746 3685
5217 5849
3077 4318
1377 4814
314 1867
404 4825
2853 3804
1491 2292
5263 5307
1682 4307
2110 5948
2909 5167
1644 3594
656 1404
5362 5824
1457 3187
1505 3674
896 4391
1428 4956
1150 3606
772 4485
3142 4589
755 2696
4123 5669
100 408
1302 2819
1621 3063
3067 5802
900 2922
4341 5189
4595 4652
840 4437
3347 4120
1734 2050
3518 5894
972 3950
561 4740
4033 4109
1805 3693
1201 4744
363 1370
2457 5254
490 5948
271 501
2767 2807
3865 5403
4172 5798
1677 4974
166 1481
4035 5511
1986 2470
1410 1556
3230 5732
759 3596
934 1414
193 5449
3731 5163
1366 5334
1208 5149
662 2650
736 4452
1020 2721
1251 3395
419 2620
256 4112
4976 5152
851 1391
3527 5504
5689 5787
3405 5634
339 2963
462 3409
917 1711
290 3924
1795 4113
3651 4575
3151 4709
1855 3997
485 3650
1148 5624
577 4203
2323 4468
1135 2586
2721 2746
1801 2433
4818 5126
877 4425
2772 3711
156 3220
1304 2892
3508 4272
1494 4694
4783 4833
699 4215
4867 5203
522 3674
428 4438
212 5196
119 2524
2707 4277
12 1453
2901 5127
4561 5994
2848 4884
2758 3070
842 1163
1039 3091
2655 5204
4058 4869
96 712
2794 3654
3806 5312
3538 5270
645 722
1192 2528
671 5755
3217 5007
2401 4092
1336 3852
299 2818
210 2069
1029 3677
108 1220
4424 5853
2926 5704
3365 4894
5289 5465
975 2531
840 4231
1116 5605
2086 5148
4038 5284
2369 3398
2955 4963
2939 3351
3484 5194
4251 5512
2200 3195
2794 5561
270 5624
1562 5324
3778 5497
752 3003
4452 5761
5388 5654
5056 5286
5073 5195
2281 5839
2068 5805
3537 4321
1251 2019
1243 2719
1726 2701
2218 4258
1153 4457
2535 3188
821 5237
2199 5666
319 2970
358 1681
5100 5200
4625 5331
1871 5099
131 4512
5 4966
894 982
904 4819
2309 5954
2270 5460
1140 2674
5046 5361
1820 2605
431 2769
3992 5526
3811 4672
596 4195
3717 4818
1402 5113
956 4008
3830 5492
1855 5164
2175 2623
273 552
1174 1250
824 5815
3391 4281
98 5947
749 3166
5050 5968
4659 5788
4078 5070
1017 1380
1014 1677
3067 5461
3711 3894
4968 5711
4121 4398
319 2145
4742 5300
475 2506
2849 4326
2666 4883
2778 5320
372 1988
2069 4461
3318 5813
2932 4024
1329 5438
1858 3747
2221 3277
945 5320
4056 5953
2798 4897
85 102
680 2946
3747 5207
1891 2935
1685 1904
935 3057
2151 3636
957 2503
3934 3942
1365 4328
4765 5761
1481 3220
2263 5255
1837 3200
81 830
1143 4944
420 4667
2422 5043
4059 5049
439 2398
991 3256
427 2223
1389 2211
801 4136
443 5966
1450 5186
742 4583
2255 2396
491 4113
566 4963
4838 5938
54 73
2268 3486
798 4933
69 282
4597 5811
203 5092
591 5107
2586 4012
3883 5114
4774 5190
4938 5712
688 1821
3532 4994
5504 5824
2583 4957
676 1709
2021 3300
1249 4061
441 5396
1620 5409
352 4565
1379 4813
2046 3044
734 2736
1262 2784
4067 4177
1744 4184
3560 4276
1071 2828
3412 4901
928 2942
728 2273
698 5009
1532 1697
2579 3885
1921 5280
645 695
896 4177
3573 3755
3599 4363
3201 5732
1362 5320
463 5991
1437 4766
1525 4169
2377 2396
3674 4183
3215 3443
748 5825
3295 3659
97 2778
1457 4167
371 1044
2347 5400
1503 5794
2854 4033
951 2197
993 4803
479 3484
551 4616
2802 3137
3496 3888
679 5493
3497 5608
673 5127
3937 4155
55 5304
747 1394
2087 5132
1541 5523
784 2683
4352 5950
2582 4987
4585 5970
347 5165
2928 5594
2828 3755
1650 2932
2214 3946
3306 5443
3099 5584
9 4384
281 1532
432 5042
1056 2755
830 1807
3293 4294
799 2681
3371 5409
3804 4473
968 4265
2825 2914
4101 5261
2474 3652
1774 5779
3281 5317
2141 5856
1481 1997
2054 2453
1828 3794
146 3707
1729 4082
3437 4290
1733 4452
1727 3544
2852 4891
2294 4308
5155 5466
1669 5995
32 4678
2989 5168
1311 4139
2841 4313
1286 3550
1157 5417
4010 5468
1917 3299
997 2897
2554 4453
3877 5682
282 1040
584 4765
162 5404
4043 5896
1812 5231
397 618
3954 5477
2311 4051
1019 5873
1531 5093
1149 2531
3072 3947
3350 4323
3678 5643
3150 3862
1081 2729
1769 2136
1983 3959
384 5337
4455 4622
1440 4633
1911 5273
2670 4818
571 2329
1364 2662
1396 4903
2448 5843
4642 5151
590 914
1032 1093
1761 5450
4706 5107
1206 1253
1288 5508
1017 5702
2358 3488
828 882
78 1062
3457 4068
65 305
658 5138
4944 5611
553 2971
389 5236
2626 3219
1136 2426
4009 5603
3578 5187
3019 3784
3129 5041
274 4017
1983 5018
3022 5477
3614 4061
3042 3083
1995 2832
1528 4030
705 5203
3841 5498
716 3299
595 1319
4301 4887
741 5136
4275 5841
4532 5143
78 3725
3183 4626
1908 3613
5326 5412
553 2116
1627 3607
609 2967
304 5874
2757 3215
2693 5547
5569 5757
4781 5491
1238 2711
1325 4657
4159 5607
3617 3628
934 4008
1851 3780
1457 1521
2248 3853
1620 3146
1359 2226
1250 1727
1466 2244
2096 2537
1876 4666
2917 5122
2463 4677
3425 3844
1603 5450
1413 4737
2025 3131
4622 5426
3865 4037
1303 3996
1344 1786
104 1807
887 1776
5927 6000
2207 4415
2880 3843
2772 3061
3073 4832
743 4805
171 1893
1298 3500
1686 1843
1683 5749
111 2428
3948 5622
3612 5791
699 5705
2547 3674
3424 3837
637 2111
527 2035
634 2038
1531 5934
5427 5789
4218 5976
785 5377
1862 3777
3048 4454
788 5993
1619 1853
2812 4627
3433 3839
650 5528
1008 5467
2438 2843
2651 5980
2350 2829
1493 2545
2550 3161
2735 4641
3125 5017
220 500
652 5811
1924 5865
1688 4723
264 1666
1719 5705
515 4042
3753 4778
506 4595
3635 3868
2650 4705
1260 1837
323 4699
3937 4584
55 1464
1071 1517
4274 4977
596 2141
1287 4357
789 1547
547 1852
3612 5681
187 964
2691 3334
3006 3034
1015 5699
3217 4935
1117 5785
542 2704
3747 3811
1297 1970
4366 5248
1498 4360
4019 4346
4825 5114
1277 5482
2521 3844
167 3562
2949 3487
3292 5473
3903 4197
3527 4789
531 3522
5954 5988
882 5699
2089 2564
1037 5588
1138 5546
1184 3111
926 5258
2497 3939
2361 4986
4506 5014
939 4265
655 4208
3674 3961
3354 3395
4149 4338
3731 5805
2765 3807
5207 5477
787 3866
2527 4815
4861 4909
2686 4773
366 5350
322 5477
3675 3766
2077 2292
4217 4873
3155 4111
418 5931
4204 5546
3437 4499
483 2009
5590 5642
1713 3260
1457 2906
4556 5968
4263 5582
2649 3523
37 2980
540 5430
3021 4705
696 1255
1798 4249
3794 3881
3398 5033
446 4744
2754 4213
2268 4860
5072 5403
3364 3774
4529 5326
2332 4808
566 3259
205 5650
4292 4503
2060 4989
1974 5251
4104 5631
5177 5960
1804 3815
1407 1843
4512 5537
4835 5769
790 2547
3968 4076
1664 2988
2454 4431
3227 4926
328 4338
1061 4702
1310 2641
2685 3169
1319 1791
1722 4851
42 865
2255 3220
166 1872
839 2877
3877 5592
3790 5641
3244 4780
5368 5881
1640 3719
195 5904
3109 4353
4765 4981
841 5447
3392 5989
1600 3375
4231 4720
1720 4643
1143 5538
2693 4296
1009 2668
3020 3946
502 5695
3801 3996
217 3186
3804 5335
4310 4591
4173 4302
1820 2740
3770 4784
4516 4573
1370 2176
1564 1946
1223 4393
148 2603
3765 5052
1526 5855
4081 4557
1731 3015
5312 5378
392 417
3584 4775
806 2257
468 2805
1467 4647
3947 4719
5663 5970
1159 3042
3083 4661
926 3439
466 2763
2591 5821
2725 4658
230 2154
1263 4078
5436 5859
2503 3458
1655 1852
3 4929
3622 4223
3102 5883
4678 5963
1953 5344
2908 4382
1514 3334
217 581
837 2628
1470 4745
1407 5053
3141 3593
4051 5953
1485 5957
1106 3262
2755 2916
581 5741
2676 3036
1680 2076
830 3705
2505 5431
1435 4334
1361 5803
971 4793
1760 4882
362 5767
2881 4332
422 4999
278 5023
4374 4645
4478 4660
1690 3924
2795 3096
1181 3648
5076 5211
2007 3678
202 2342
454 4547
485 5732
1004 3363
567 2297
334 1762
440 5779
2232 4867
4669 5306
1772 1795
2886 5059
417 871
1362 5910
3790 5509
4266 5342
1653 1698
629 3029
2104 2124
239 361
3702 5511
3105 3682
2997 4078
3453 3710
2460 4939
3177 3387
337 3923
41 5312
1072 2785
366 3677
2349 3400
91 4486
580 2460
2976 3837
544 1359
1762 4947
4006 5160
898 2745
1989 2283
1293 1739
2832 3045
2380 5898
2667 3691
2069 5708
3595 5537
2505 4140
4665 5466
2844 3547
3180 3969
84 4246
1127 5170
2996 5229
534 1284
2532 4569
127 969
468 1504
109 4572
370 4526
3227 3939
1073 1737
133 2726
3781 4115
2382 2939
1230 4430
3450 4674
3682 5078
3692 4531
2911 3331
1365 3291
1030 4833
46 5100
319 2653
1797 5676
1702 3010
1168 1557
1715 5519
773 5603
10 1278
1703 3288
839 850
2727 2818
3928 4230
4255 5678
516 4893
2638 2638
924 2914
563 4178
3201 4114
210 2160
3717 4001
2724 4129
1375 1493
1574 5571
717 4777
3105 3414
2974 4719
493 1850
2032 2875
4028 5727
884 2364
3564 5078
2546 3702
910 4970
4890 5124
484 2063
1352 3322
89 298
3986 5411
91 5702
5065 5903
2040 4274
2383 2693
1219 2517
3311 4837
417 1564
1216 4643
1566 3664
744 3896
3616 5344
546 5287
615 5128
964 5943
741 5312
545 3668
3189 5813
1128 3136
1417 1988
1235 5718
42 5062
5354 5796
1185 3698
996 4035
1505 3712
1813 4009
3097 4391
413 3450
2549 4456
2813 5544
1742 5844
2813 3115
349 5805
604 3142
3432 4535
318 4391
758 1478
4165 5317
3890 5124
1808 2591
1066 4108
3471 4362
2226 3219
744 3875
2171 4658
570 4571
1867 3290
2275 5533
1254 5394
1755 4777
2168 4039
436 2261
500 1098
4843 5154
3378 5678
622 4041
1929 4918
2537 3460
1041 4918
1405 3232
556 678
1519 2297
738 1894
3210 5316
3445 4372
2776 3057
1480 4171
4382 4523
1038 3409
406 924
2131 4854
2466 4470
235 1175
2736 3040
3224 3593
3568 3791
778 5031
2717 3656
1757 2794
534 4734
1111 5908
382 5033
1969 5630
84 4612
869 4757
3063 4129
1227 5005
954 5589
1404 2113
1401 1663
1688 3821
2835 3753
3068 5756
822 2682
1060 1323
1064 5715
2769 3791
1558 4432
2538 3801
539 3104
3414 5464
8 2198
2352 4978
1955 3114
1681 1826
3 2717
1447 2325
1880 3571
4258 5477
1431 2031
1946 2039
2728 3656
1520 5635
831 5385
962 1997
4062 4378
1162 2759
1078 5371
2105 5662
1395 5869
2701 5879
3509 5730
699 3575
121 4800
1198 5878
2017 2617
1461 1523
2158 5190
366 4911
2628 5777
336 3556
777 1243
2712 3402
2896 5115
1202 4420
249 3948
1554 3293
67 2841
3931 5092
255 5368
1874 3428
490 5477
2515 4444
386 718
701 1895
2803 3891
2227 4480
1669 4577
1882 5035
170 5327
2634 4295
1312 1678
493 4549
243 1109
4485 4695
1746 4116
929 1153
1116 3223
342 4244
1634 4871
4069 5753
3004 3169
3921 4356
328 4183
2302 4783
2095 4813
147 3909
4349 5321
1830 2280
306 4856
1425 5918
2212 4868
760 4860
210 3139
1234 4033
4530 4961
571 1561
5607 5671
3356 5156
4111 5156
1455 4116
1962 2998
1806 4384
247 2149
3086 5071
2636 5300
3073 4622
928 2342
99 331
80 486
4100 4331
3829 4081
1303 4394
2078 3685
4575 4773
2825 5441
3667 4318
174 1685
468 4672
4687 5959
2549 5623
3070 5879
2533 5701
2494 5134
1125 1616
1846 5918
1464 1781
2733 3547
3391 4632
3589 5604
964 3417
1712 5725
4178 4309
1359 4648
4058 5523
4946 5993
476 5481
471 5992
1849 5952
3891 3966
526 4675
4492 5958
1800 5183
177 5154
2123 2155
1628 2431
519 1158
241 5706
418 4166
2117 2202
1042 1836
2703 4176
156 1501
1763 2386
880 3490
2898 5265
4853 5358
1155 4535
936 5946
177 1491
1706 3678
743 5065
2944 4358
1711 1881
1005 2101
3705 4323
484 2344
984 3519
1628 4977
1106 4496
32 2530
2683 5816
1063 1245
190 3073
1003 3430
3520 4052
157 685
841 5707
2110 2666
890 1555
4497 5594
574 3263
940 2694
4895 5039
2714 4623
1231 2740
1147 5422
1488 2111
1111 4335
4608 5542
2138 2524
2323 5115
599 721
2411 4651
262 1029
764 3501
1024 5706
3266 5860
1903 3435
2885 4800
194 4360
2453 3239
3801 4489
5757 5763
769 5087
3876 5979
2382 2930
4449 4953
3706 4648
466 1879
2635 5967
2794 4062
2647 5317
1663 4086
2014 5253
2692 5864
547 3352
739 1271
415 5499
1564 1750
1774 5761
1166 1625
1846 5610
3006 5607
2446 3303
1422 1761
2135 4992
417 4043
1834 5750
2520 4202
414 5480
2672 3865
737 5672
1335 5759
435 4871
3851 5873
1423 3882
816 3018
196 5711
2122 4755
5354 5836
2567 2711
4063 5285
171 2157
688 2577
5203 5569
1161 5123
3499 4183
4099 4732
4963 4994
4501 4852
3307 4757
588 4968
3238 5516
217 2619
2121 3390
2728 3162
2191 5672
3765 4370
1138 3992
802 4775
895 2310
622 5789
1983 4688
1104 4116
1027 3153
584 5184
2006 2632
1651 5040
746 822
1021 5700
188 2540
4850 5230
1985 2273
2646 5217
4571 4718
762 2458
926 3601
3357 4629
3103 3646
1616 3090
1193 1832
726 5259
5178 5334
422 5622
2257 4294
319 5429
2746 4726
2963 3254
1975 3787
712 1673
474 2375
349 1294
2598 2624
3160 5109
1042 1810
492 2060
38 1307
4112 4730
2955 4269
2227 5587
424 4436
2878 3135
486 4685
2361 4223
3110 3910
362 1700
1989 2070
2789 4713
3351 4213
1573 3608
1901 2059
1017 3183
398 2086
3471 5756
210 4584
1654 3439
4480 5436
125 3090
2469 3626
999 5065
3446 4836
4169 5966
1469 5449
1106 3132
2312 2983
4210 4745
3088 3867
796 1390
3824 4549
269 5289
1004 1115
3805 4806
281 2010
4363 4494
5176 5756
3379 4783
2983 3326
719 4506
3158 5901
898 4762
112 4343
157 1136
897 2229
156 3782
493 2130
1853 2096
65 1784
492 2977
1888 4716
1507 4842
141 2589
1361 3751
2411 3514
1999 3429
241 5917
3609 4217
1912 3472
3614 4355
252 540
1726 2905
1694 4881
2844 4192
288 2774
646 1530
1520 2492
704 3754
3832 4390
2526 5340
3555 5931
1716 2089
1690 2427
2487 5173
353 5985
3332 5182
1651 1913
1009 3584
749 3947
1959 3403
1995 5688
3596 4517
2965 3788
194 5006
3209 3500
36 3379
748 5947
341 543
4072 4273
945 1891
1378 3664
2695 5737
3184 4564
2593 3063
2235 3137
330 5248
254 2859
1164 2447
217 3070
2009 2639
921 5005
541 4065
3484 5381
2828 5641
2333 5996
1035 4172
3049 4279
1346 1932
2313 5040
77 4288
2856 3654
3229 5670
520 5138
2085 3215
1854 2638
3871 5231
777 961
5568 5946
280 1871
1295 2155
873 4127
1096 2809
3464 5144
3337 3961
667 668
645 3963
3336 5632
2163 3701
1927 4281
1351 5803
208 3585
1889 2907
3339 4176
2143 4851
4229 4510
1579 1730
403 1214
317 2293
4361 4706
2229 4207
2018 5739
888 3951
2892 5772
287 1069
456 4197
2354 5653
551 2265
1982 3282
1219 4833
1016 4932
556 2054
1023 5775
2004 3397
548 4114
617 1090
3469 5035
107 1488
481 5578
2295 3921
3472 5359
783 4056
3507 4427
1355 4277
715 1494
4004 4756
4359 5648
368 1879
1309 1886
303 2637
1821 2536
1828 4978
3193 4387
3706 4504
34 4485
2118 4880
940 3217
4726 5679
1320 3959
4703 5502
385 5919
850 3425
5220 5383
1337 3006
2741 3475
1033 5396
3725 4033
5009 5349
344 2345
1609 5179
402 3857
143 1232
3882 4900
829 4082
1689 2723
1360 2217
3008 4045
29 5639
2105 3981
1864 3388
635 910
273 2748
585 756
2970 5975
403 2109
2176 5087
4835 4896
983 5210
1651 5644
2908 5258
1188 3396
257 1787
1509 3803
111 1828
4035 4845
2660 4903
2100 4242
2763 3419
2794 3993
2786 5305
4786 5995
1499 3523
3411 4931
1656 3114
1956 2653
1730 1883
4860 4864
2984 4614
2523 4536
74 1786
2803 4554
1811 2143
2485 3957
420 3975
2637 3997
2567 4259
3578 5174
1242 4503
3705 5342
4149 4476
4056 5804
2706 2818
1290 5243
283 2737
2400 3282
2985 3209
1551 4014
313 3006
389 2387
663 5777
400 429
394 660
48 1550
510 4946
99 2522
3649 3861
3113 5164
142 1502
4529 4923
4470 4816
3707 3901
568 1774
2135 2821
541 2503
1847 4016
2239 3745
2778 5687
1024 2280
650 4695
1994 2808
295 3245
1830 4919
4036 4391
1200 3576
444 3790
159 218
2153 4344
1241 5241
2288 5151
2583 4351
2672 3347
171 4977
220 5346
2374 5285
59 2152
1473 4834
1193 5731
1045 4160
3770 4520
2053 3571
2712 5712
1586 4224
1641 2209
1117 3911
1116 4514
3597 3972
2651 3140
4445 4576
3639 4142
2396 2561
4541 5963
364 3759
3007 4484
588 4486
887 2474
1184 3435
34 1381
3151 3748
1001 4148
964 4248
1215 1432
1072 2034
444 1553
1465 3922
77 5756
334 4998
3741 4590
771 4855
4376 5763
1464 5440
359 2924
411 5217
76 3379
1945 3960
379 2491
2369 2847
1338 3286
183 3014
1264 4324
1680 5943
1132 2554
4098 4650
84 5635
2634 4834
4087 5282
4345 5637
4466 5035
83 4174
3004 3222
3154 5659
663 5919
3664 4496
514 1775
1112 2238
3037 3592
3223 4090
174 1701
4874 4926
3973 5270
4209 5924
2431 2925
413 5503
981 2066
805 4920
2856 3642
3531 4812
4483 5903
972 2779
2523 5569
3106 5934
2834 2954
4529 5265
1279 1903
2045 3059
742 3399
177 3897
3291 4984
3799 4973
100 5734
1632 3476
740 3861
2851 3774
4188 5380
274 589
2127 3935
3582 5216
2206 5992
3089 3867
955 2448
1730 4599
3137 3568
1265 3510
4721 5782
2553 3017
1739 3388
959 1195
5026 5948
2155 4795
3293 4556
83 1678
1811 5706
1561 2334
1963 5781
4469 5720
3098 3998
3392 4747
3605 5785
3014 5261
92 2771
5461 5800
3849 4676
2615 4048
2145 3599
2539 2996
652 1354
207 5002
3806 5708
2141 5582
5026 5926
3776 4906
2182 3449
4959 5813
3896 5403
2706 4835
3386 5717
5392 5931
545 877
3784 4636
2554 4631
2064 5582
3077 4385
2599 5957
3035 4298
136 4786
3119 5924
356 2226
35 2634
4198 5043
2770 5041
3981 4497
2177 4396
2018 5523
207 1932
1045 4067
4732 5262
5156 5720
3754 3788
193 3934
415 1155
2523 3021
1545 5050
3311 5779
3156 5819
1589 2851
525 5741
3385 4045
1008 5410
4582 5151
3320 5692
4922 5967
16 1476
676 2452
1799 4549
4827 5542
4221 5517
3388 4307
1072 3070
2968 4673
1953 3402
483 4998
3702 5578
2805 4334
2378 4465
1443 2604
3613 5747
16 5495
531 994
1700 2019
92 3131
102 1732
1218 1604
201 3449
2172 5837
1523 4279
493 895
2328 3445
2665 4398
1625 4529
1465 1519
1026 3130
164 2996
198 3138
1336 4011
3756 3943
2302 3396
2435 3781
912 5465
689 1406
3468 4481
167 1165
445 854
1515 4929
4375 4910
4006 5277
1706 2498
4863 5543
3694 5814
538 1034
595 4398
866 4600
704 4927
3483 4089
1256 4982
2373 4097
5221 5343
740 1052
5499 5692
4719 5091
1763 5299
2977 4945
1936 4338
1361 5521
3331 4027
1626 2092
5256 5813
2021 5618
1994 5547
3774 4483
3547 4041
1425 3742
4541 5688
3694 4863
2740 4388
54 2861
416 1738
81 501
2539 3784
2532 4794
2040 5040
1644 2695
212 2887
4709 4938
1587 3389
3599 5237
3381 5930
548 4919
2630 3666
1170 3058
4892 5843
1876 5358
3884 4099
1496 5561
493 4187
1356 4622
3795 4182
15 2627
4183 4899
4050 4197
1425 3841
579 5689
1006 2337
2442 3565
2217 5105
48 4482
1070 2377
862 2047
3126 4508
1967 2372
4266 5179
1104 5681
3217 5408
1518 2320
957 1636
299 2294
1450 5183
36 5551
986 1787
2326 3680
3232 4184
2777 4067
2119 4199
4237 5667
3265 4087
4583 5392
1645 2662
690 2616
2067 2422
1451 3564
2035 5577
4471 5481
1808 5110
5024 5221
2688 5166
346 3243
2383 3820
3011 3184
796 4465
4170 5082
2610 5801
118 4751
193 4530
1178 5516
1693 4915
2426 4741
2987 4039
1282 1402
4322 4955
2617 3485
4791 5574
1409 2835
1540 1878
1305 3002
68 1950
366 4262
364 3344
772 3560
2554 5559
1405 2575
1160 1423
2113 2165
2026 2847
848 1974
2823 4054
86 5835
4101 5308
5199 5235
3165 5670
723 816
235 3382
3677 5709
702 2138
1326 5178
2198 4097
377 2405
4569 5647
4350 4678
2805 3879
3966 5077
3454 5246
653 1744
163 4590
377 1380
1319 3256
4701 5955
1223 2251
552 5206
615 3758
426 5154
198 3146
2538 5828
1456 5344
859 3479
1654 5620
278 3150
3924 5721
1587 5577
1518 5140
456 5300
2234 5255
469 5958
2719 4319
1091 5399
2226 3221
777 2458
1870 2044
4492 5305
3548 4421
745 4604
257 1444
3082 5317
2512 2636
2566 3097
2428 3111
984 1348
2618 3367
5330 5389
270 3485
66 1541
842 4963
432 1390
56 2558
1116 1740
734 1336
294 2369
453 3339
2780 5638
893 2729
401 2832
1468 2396
419 4625
4110 5329
1264 5794
1990 2650
2640 3009
3084 3164
3743 4154
1038 3991
787 1659
1285 3267
3614 4059
3387 4905
2283 4850
133 1275
2545 4120
3851 3854
325 3490
1164 4257
1208 5681
612 3751
1975 4690
1674 5261
3911 3944
271 2966
1891 4789
670 3001
832 2788
361 2114
1775 3904
3161 4949
720 3119
773 5763
563 1525
2731 4909
4419 5760
1056 1514
2714 2991
2547 3294
4265 4542
3044 4198
1751 5429
1640 3173
1696 4328
458 967
1852 2325
429 5857
663 5712
1994 4102
2617 5005
1152 1446
1313 5421
868 1305
1841 1897
788 1878
2487 2848
1784 5555
656 4739
1485 5824
3064 3994
2231 3835
1740 2787
2774 5039
4616 5929
1686 5977
507 651
1638 5174
344 5102
936 4280
1653 5432
3446 3706
1135 2219
1670 2016
1983 5423
1819 5962
658 5238
284 2117
1211 2567
2075 3467
5264 5960
922 5241
2389 5406
563 1607
3107 4946
901 914
2551 4326
291 406
4831 5797
1068 4268
2485 5442
139 710
2304 5457
1147 4952
78 911
3829 3950
1194 3808
2219 5036
1551 3331
171 3427
2189 3171
303 3763
705 931
3849 4611
2098 2894
2199 3949
3792 5016
5446 5711
1013 5227
2985 5784
256 5794
14 5904
1420 5328
3038 3324
669 2481
276 4353
360 3279
1564 4899
514 3280
42 3718
2499 5447
2955 3540
107 1520
2438 5765
709 2129
1318 4681
2422 5767
996 5418
2592 4125
2375 4237
5274 5954
3083 5830
1900 2959
781 4839
321 3028
664 664
924 5621
213 4631
1337 5749
1366 4770
724 1815
2837 5557
2863 4227
1878 3122
1256 1953
151 5331
4226 5104
1834 4117
1059 4992
3028 3144
2653 4475
4416 4865
898 3876
1098 3059
2633 4286
2329 2412
2248 2429
390 3383
4299 5140
1045 5904
2880 5843
2021 4308
104 5504
3362 5206
1557 3009
2086 5598
3996 4658
2265 3168
59 3207
743 3467
4413 5349
1159 2012
2346 5415
468 5011
1257 5515
466 4098
517 2215
1239 3278
124 5107
309 4188
5210 5963
2061 4085
4916 5954
1616 4591
2161 2597
3530 5378
1423 1446
4415 4925
487 2613
3279 5335
93 2094
2598 3037
1839 4572
465 4011
1920 2002
3480 3568
4068 4619
301 2720
1219 1254
271 1194
875 1167
1729 2452
1968 5024
665 918
2610 4641
125 1132
1015 4501
1885 3626
2810 3166
751 2037
4102 4183
3621 5803
3601 3627
3337 4758
3252 4077
4074 4348
2660 2941
4828 5128
978 1709
2386 5225
1870 5227
949 2884
5414 5770
42 2533
4392 4482
426 1047
823 1918
256 4632
1548 5034
1407 5703
1625 2006
3697 5250
5463 5532
3342 4392
1142 4965
1461 5222
1127 3462
35 935
388 5245
2980 4454
461 4651
3048 3956
915 2776
2958 3066
840 1046
1680 2187
78 3664
2068 4443
1621 4093
2406 3118
939 1141
4385 4636
512 4681
2138 4783
989 3352
2277 2331
1897 4399
632 4074
2148 3874
1196 2376
1454 4251
2145 5030
1617 5435
3065 5195
1658 4206
5172 5973
2551 5380
3999 5164
3937 4589
4955 5790
2562 4420
3296 5838
3405 3725
1178 4322
805 4174
306 584
135 1707
1876 5462
681 4174
3050 4661
1106 4714
826 4676
5729 5765
260 398
1169 5493
4950 5095
2605 3279
381 5044
3413 4554
4398 5273
809 4920
3791 5414
3154 3367
2337 4205
542 4572
333 3437
225 1691
2674 4493
5007 5552
916 5148
2518 4870
1223 1544
3593 4394
1760 5952
4857 5600
1212 2290
208 2526
1986 3173
76 2859
2788 4744
93 3875
148 5238
4251 4742
66 182
3395 4726
246 2350
1056 3292
4434 5845
1642 2034
3897 4879
2168 3789
107 4531
3242 4244
1038 5670
1078 1401
255 2890
3604 4999
1034 5831
3272 5433
815 1631
1157 3747
2906 5240
1001 1650
584 708
3776 5655
997 3611
534 594
1328 2327
1377 5845
2876 5398
2619 5465
478 1762
3359 5418
1944 5308
4860 5779
115 477
1752 2036
2752 3142
3729 4092
4433 5479
357 1801
5136 5262
1103 5084
545 5452
4249 5666
373 5064
2908 5278
332 697
2040 4693
1929 3898
657 5091
1796 5271
2612 4584
3793 4730
21 1286
1237 2422
1441 2575
2019 3218
4312 4792
1706 2935
2653 5034
1655 4601
313 2117
1710 2202
565 5324
5007 5062
4207 4631
1727 4941
806 4271
1663 2519
3809 5492
686 955
1677 3785
1853 5652
3587 4015
736 3281
4962 5407
1322 3783
3436 3949
264 3390
1921 3228
713 4134
1691 5417
265 5233
1345 3111
2334 3135
3257 5997
2643 5208
3101 5011
3860 4336
496 881
141 4453
2634 5802
2607 2621
4241 5239
1867 2581
620 2475
2455 4860
2050 4334
2820 3654
2853 5566
3165 5551
3858 5088
1061 1846
1603 3919
2072 5607
640 688
2424 2916
1890 5669
260 5635
85 3864
1107 2385
608 1543
4230 5042
2086 4179
1588 4826
3855 5734
782 4126
2077 3491
50 4160
3725 5279
1631 5230
320 1804
2881 4789
3977 4661
2694 4939
1842 5514
4816 5486
468 4409
3461 4483
2727 4534
421 2132
2249 5634
1763 5728
872 3955
1451 5048
1338 3056
622 5844
3415 4138
36 3168
333 2860
2173 2421
916 5502
3323 4509
4233 5192
2496 5871
1027 2448
3221 5185
43 4999
211 3647
2977 4309
3666 5153
4430 5981
1997 4201
2028 4758
3186 4430
583 1731
53 3184
2813 3631
1688 2455
214 5091
1090 3091
2927 4463
5248 5837
2255 3141
4890 5148
3430 5806
1075 3236
2301 4806
97 1234
1644 1645
848 2125
5007 5498
765 4432
806 4314
1602 5238
1079 3116
2281 5596
298 816
3560 4390
5125 5684
2324 4722
1673 2623
2934 5951
168 1322
1136 3378
1093 4390
4372 5068
1188 2999
136 5657
2911 4909
683 1835
769 2117
3016 3820
1255 3835
1761 3932
882 1096
3461 3824
1713 5681
1787 2711
29 327
1408 3715
5108 5700
1051 3778
2975 3267
3138 4462
1110 2777
1985 4004
1461 1943
195 1033
3764 5141
1769 2902
5367 5886
1009 3951
317 1661
4518 5139
946 4470
2557 3813
1614 5315
404 3405
1538 5567
3132 4062
545 2961
3599 5392
444 1239
2376 4376
3679 5048
955 1516
4943 5528
546 1972
2278 3790
3554 3715
1981 4531
1353 4226
1580 3350
117 2362
554 2864
4224 4235
1751 3267
170 4052
5106 5248
3417 3732
544 3621
89 3437
1056 5849
3451 4265
558 1104
142 377
355 5695
602 782
883 926
4370 4473
591 5936
4271 5309
2910 3332
1375 1898
495 1926
806 2630
4765 5238
2426 3683
4252 5701
531 1009
183 5399
1533 5547
2198 2484
1119 2897
5144 5552
134 2724
147 2907
1842 3527
2173 4320
4389 5921
2433 4911
591 3929
3703 5838
3850 5040
2787 4189
4522 5817
23 2978
3421 3454
4191 5876
1543 1667
306 2669
3308 5555
1210 1951
2163 2271
586 4153
1409 3287
3743 4943
2925 3043
2095 3921
720 3986
2403 4034
1208 2211
847 2855
5621 5994
3844 5515
3240 5009
883 1335
3880 4307
3548 5422
129 2551
797 2756
3695 4372
2550 2601
2258 5955
350 1910
1555 3669
874 5035
650 3666
4974 5186
713 1930
3285 4792
516 5281
3263 4336
348 5407
605 3824
1126 2639
918 5190
508 5879
872 4714
500 5314
1406 3446
1367 4427
3085 5530
2925 5191
1825 5743
1397 1497
526 5197
1271 4764
1059 4403
1287 3574
2028 2104
349 4930
1917 2747
2406 3605
873 1374
109 738
602 2398
1988 2810
3282 5157
1542 5088
2577 5771
68 5351
2927 5102
421 3646
480 5465
2171 5419
3207 4446
901 5702
3423 4771
484 2705
2408 2456
3733 3855
4590 4806
5397 5586
2608 5558
1769 3230
5116 5364
565 3691
279 1439
1321 3196
1676 4437
1908 2366
5720 5865
684 3180
496 3666
441 5221
3435 4269
1656 3996
432 5469
1681 2943
5476 5524
5569 5696
1242 5451
2950 5709
2046 4024
3287 4755
640 1808
789 4861
1142 5775
53 828
3172 3685
2114 4847
1395 3607
207 3722
2117 3239
3335 5671
66 4070
1765 1796
3156 5678
2052 4694
2863 2931
2383 2761
2266 5768
1229 2149
2878 4762
4350 4513
668 2776
44 3232
4811 5077
3936 4641
758 5314
65 364
1500 3532
1950 4140
713 2877
941 4048
1390 3974
1536 4847
1548 4147
336 1909
4644 4662
698 3277
3372 5049
3255 5089
72 3875
1026 4779
65 4929
180 1630
3157 4748
353 5129
2116 2632
1416 1626
2386 2590
1062 2342
971 2875
2865 4891
1356 4576
2264 5550
685 2439
2834 3822
1339 5321
1334 5133
1609 2238
1391 2366
98 2504
2394 5453
4698 4713
82 2350
84 3926
5955 5978
2715 4131
965 2984
1620 2557
2622 3285
3911 5907
4295 5119
3639 5255
2455 3638
420 3939
3856 3913
414 3780
3180 5942
1135 5643
458 3436
630 3618
795 3100
2664 3543
1342 5725
347 2470
3465 4255
660 5711
2600 4290
1260 4268
3168 4051
2132 5863
1167 2578
411 5902
2436 3202
875 1024
2111 5832
270 5406
2343 3647
1009 1276
1791 2176
4277 4530
4466 5789
1079 4929
3 413
4074 4471
3298 3763
181 2287
409 4024
553 1606
515 4078
1200 4596
777 4877
727 5169
104 2698
2954 3698
787 1907
1494 2340
2190 2835
4734 5259
3125 5347
4017 4264
750 834
969 4147
1535 3692
242 4267
5675 5854
1814 2751
3014 3725
570 4439
2695 3401
4621 5580
4113 4718
942 2902
2153 5214
1837 2643
1061 3647
2445 3523
2537 3652
2407 5497
3259 5362
2041 2109
467 3607
5552 5952
2914 4937
225 928
992 4605
189 1250
1803 5598
1650 3527
2464 4286
977 1027
77 4125
1172 5524
2389 4284
65 4977
495 5488
1228 5307
607 3033
1985 5565
299 5653
1231 1351
5074 5227
1466 1677
498 4769
3300 3758
4053 5575
1370 4166
979 2035
1273 4767
109 4838
2633 5928
3210 4772
121 437
1871 2796
928 5212
1857 4939
1331 5637
3297 5589
342 344
2525 2807
1367 3962
3515 5380
87 1357
3800 5009
5611 5993
3580 5306
48 928
46 5002
1059 3060
4932 5701
2087 4212
3377 4836
4619 4921
2659 4318
4741 5010
2865 5188
5140 5708
306 3470
122 340
364 5854
2253 5959
3032 5408
4598 5797
1753 3575
3635 4903
835 1275
3611 5645
580 4927
1603 2483
1529 4085
216 4567
1306 3691
4095 4766
1822 1967
1882 4684
1907 5115
55 4132
4480 5322
2371 4104
2894 5039
74 314
4037 5597
2293 3789
1449 4843
2059 4632
28 4711
2758 2921
4687 5239
1574 1991
3710 3924
1243 4914
1769 2763
3802 3954
2883 3634
4575 4629
535 2508
1854 4347
719 1077
783 5626
1284 4967
5135 5539
1948 3410
434 2620
2221 2661
3107 4715
1663 3494
3661 5519
563 5765
3115 5713
2361 5156
501 3662
3843 4716
559 5448
3292 5769
5463 5872
226 3353
4620 5837
1611 4999
301 3962
1111 5945
3169 5216
177 3750
1629 3745
1784 3028
1873 4500
362 3336
160 1645
245 5488
496 2211
95 5735
2801 4277
829 4186
409 2040
2394 5990
3922 4929
1567 1830
499 2293
1802 5081
3754 3980
1278 1646
3502 5362
3570 3602
176 1237
1033 2389
1276 5328
3754 5143
609 4090
801 5731
3424 3581
768 5709
1354 4385
52 1204
270 1997
1514 3971
4585 4864
1408 3403
295 5539
2340 2395
2052 3881
3026 4467
210 2146
3905 4892
307 2464
1059 2587
742 1169
4423 5208
2749 5232
2469 4415
981 4895
578 3230
576 5961
1107 1109
71 1429
2775 5204
840 5909
1328 4680
2525 2823
809 4427
377 2337
5052 5996
4682 4689
3192 5189
464 2816
90 4952
2100 5433
2902 4997
991 1153
2008 2635
184 4036
345 1237
3801 3999
3539 5240
4991 5903
3460 4636
3175 5499
1205 4605
27 4993
773 5786
3434 4943
1960 2601
4151 5168
1192 1616
696 5739
4727 5478
2142 4168
3470 5641
325 4488
259 1168
3063 4585
1590 2928
1491 3729
4066 5834
100 243
249 4471
853 4756
3993 4307
568 2017
1841 5134
695 2451
2485 3113
4021 4276
5093 5805
6 2036
1049 1420
126 5250
2571 4742
1027 1640
3241 3667
4875 5235
2582 4043
800 4322
2018 5534
2164 2452
531 1258
202 4384
1934 2196
712 4299
1856 5024
2903 3557
3392 4428
2119 3962
573 4096
180 1530
2600 4229
1496 4245
116 624
161 3602
1303 5518
554 5131
271 1248
411 2675
2773 5814
86 1580
2208 2621
2111 2632
3694 4222
4199 4319
3279 5516
4244 5710
2338 4159
3386 4534
1469 5696
1491 4341
487 3934
2680 4427
651 2785
3294 4693
1874 4899
3365 4180
3896 4319
1070 2549
599 1570
124 2757
924 5124
1333 3783
855 3698
146 4809
578 3604
932 1452
1572 4344
20 3807
969 4132
441 1003
1557 2775
810 3956
586 5067
2887 4048
737 4289
1834 4073
581 1899
856 4823
1802 3362
3499 5862
4575 4897
2545 3703
3888 5497
3699 4219
865 2317
1477 4269
4482 5464
854 3999
5148 5695
3647 4793
1740 3775
3140 4756
3323 4850
2494 5385
2976 4443
434 5207
2723 5452
1131 4233
2247 4830
1360 4859
896 2218
814 819
3401 4377
172 3314
2754 3969
1420 4258
75 5414
2262 3913
613 5440
1498 3448
1552 4486
2201 2315
76 1777
4624 5672
2202 2596
894 2798
1861 3400
2684 4116
1316 5995
2951 4046
3323 4209
1071 4930
1322 2609
2181 5970
1816 3135
2195 3381
335 5486
4984 5242
3215 5981
1247 3735
374 2564
2327 5705
783 1768
4207 4961
85 1969
4574 4970
2383 3560
3349 4529
1486 2094
1038 3204
1385 2213
1231 5186
1803 4856
1383 1851
778 5184
4436 4998
3269 5838
990 2171
1705 4837
1113 4714
2080 3626
3699 5561
382 3220
1030 2812
1907 1998
2153 2837
2785 4246
3430 4595
127 5979
3804 4951
1674 3256
2320 3599
1925 2516
3353 3877
1125 5464
2267 5514
2158 3528
338 1641
327 3266
4335 5588
3470 5388
2295 4459
3140 5393
4197 4691
2883 3687
998 5150
2291 3419
2096 3675
391 3289
4430 5505
3878 4209
3013 5700
2997 4496
5460 5549
3350 4828
952 4152
449 3559
951 4047
18 685
2173 2766
1378 3566
2217 4652
3634 5597
717 2351
120 5771
1652 2049
2383 2898
684 715
1723 4291
1062 2791
982 2233
3415 4538
1227 3562
956 4591
192 1585
2197 4600
37 4014
254 5995
4016 5629
2190 5666
2734 5588
2041 2963
1819 5658
2896 3517
3416 4794
1038 5057
1365 3182
1251 3220
3566 4439
3474 4752
2805 5851
10 624
1805 3504
648 5001
3150 4857
1495 4897
4148 5062
1754 5678
234 1279
1493 4101
2283 4186
4118 5939
65 4314
1369 5552
2683 4907
2856 2954
2393 4792
2183 3371
1264 5448
3250 4625
640 1392
655 1920
4570 4764
602 894
407 5674
233 4848
3952 5770
1628 5554
2210 2449
1039 3856
1986 5817
2363 5009
870 3889
2252 3736
2242 2314
2119 2481
4564 4835
4911 5190
2574 4968
2282 2565
1016 1709
4445 5371
801 2256
2819 5016
982 5757
237 3043
2223 5541
426 4640
3995 5185
1201 5147
1826 2327
2717 4742
2317 5128
625 2182
3823 5171
3724 4644
4424 4890
1233 1652
4324 5816
956 2014
622 2130
242 5189
1111 1250
2217 3721
5156 5300
3709 5779
3824 5722
3081 3869
5188 5423
5504 5823
4192 5868
790 2910
1875 2667
3472 4391
5471 5831
3756 5558
3375 3382
2646 5982
5449 5688
2345 5610
2029 4984
966 4708
1010 3672
2317 4115
3031 5961
167 2830
602 3705
1924 5763
3065 4461
489 853
3451 3668
594 4420
266 1006
164 4364
2411 3870
1571 2337
3300 3829
3291 4519
1414 5863
627 4130
2589 4269
987 1590
3921 5492
1039 4857
928 4575
3762 5493
1803 5457
3117 5364
3021 4309
2447 2868
2346 3599
1897 2546
408 3129
472 1981
2813 4078
1745 4101
4679 5202
1900 1906
3815 3991
1880 3365
4576 4620
2971 4526
1612 3672
1956 5826
629 5809
5473 5611
615 5627
553 5667
2682 5684
2840 4160
773 3777
321 1244
694 3358
3702 5880
530 3143
3739 5022
500 4843
588 3804
2674 4303
1787 2524
2097 3451
4364 4561
759 3796
487 4716
983 5928
1624 5332
4271 5882
376 2008
3617 5196
751 5413
4384 5521
1214 4389
959 1438
2535 3858
1563 5261
2130 4497
2118 2316
3898 5525
2346 2430
4323 5329
226 740
1506 4510
1576 5563
1014 5921
2611 5221
1147 4196
262 5726
2544 2997
499 5819
1909 1974
2975 4609
228 5092
3742 5253
485 3683
3621 5957
3051 4169
3782 4085
807 3062
2648 3223
2688 5462
1048 4948
1154 5910
3753 4973
3866 5211
1458 4744
5203 5247
1065 5325
4040 5949
5299 5707
275 4685
787 5085
1934 4572
278 5498
1507 2887
109 1116
1219 5736
1394 3691
4784 5997
351 3348
956 3877
4361 5953
2057 5957
432 4192
3159 5006
2691 4588
756 5392
2879 5294
4098 4876
667 2699
612 4210
1898 3108
720 2786
2009 3210
477 3974
3572 4887
4471 5614
1738 1756
576 2654
1717 2374
48 4411
804 4027
2904 4934
1744 2652
525 628
798 2967
4129 4557
1397 5232
201 5170
3201 5137
392 2105
154 1452
575 5115
646 4243
4115 5434
800 1809
754 5593
2921 4084
834 837
376 1923
311 2197
2260 4921
926 5019
3559 4716
611 4060
240 5195
2911 5536
560 3744
1766 5543
4202 4283
4116 4910
2086 2299
52 114
1131 3204
2996 4799
5217 5230
2596 3727
4594 5860
155 3512
2054 5216
1067 5456
193 5340
2019 4979
4627 5262
207 5863
3238 4341
136 2498
1276 5786
3582 4279
1704 4653
4248 5972
1800 3726
4376 4703
3992 4520
170 340
562 4212
3424 4882
360 4706
2108 3289
991 1745
2005 2763
2513 5107
1150 1181
1433 2383
4617 5641
2617 4119
2554 4684
3263 5707
443 4399
1192 2612
1052 1844
756 2408
1765 3232
193 479
3393 4118
1022 5953
5032 5644
2063 3151
2372 3257
5108 5318
155 3048
1867 3514
1821 5112
218 2010
1280 2800
1556 1850
2003 4843
1116 4164
3994 4899
4942 5966
1542 1868
1084 3440
1257 3871
2740 3694
999 5836
3856 4437
17 2900
404 5624
5515 5855
1615 2132
4626 5203
252 1458
1005 5563
1251 4632
862 4149
643 5774
1712 5834
2625 3326
2526 5181
3211 5847
3671 3864
4639 5279
570 2337
2265 5293
236 1559
2081 5797
155 2359
4093 4402
4169 4472
2270 5620
3948 5896
339 3679
1709 5141
3640 3692
1314 4721
3985 4286
925 1077
4090 5370
300 2236
1981 4596
928 4280
3440 3626
3896 3929
4182 4984
3561 5686
357 3536
868 2516
1790 5978
1918 1920
5338 5657
1239 2112
5454 5615
1134 2511
1603 5322
136 926
650 3282
1514 5634
3947 5361
1194 3524
4350 4852
1104 4800
5209 5838
1680 3426
2962 3041
2612 5212
2237 3004
948 2929
3723 4222
496 1320
2962 2982
754 2430
1296 3680
2760 3925
1786 2415
2186 4657
2492 4475
3050 5097
480 4926
4644 5908
1359 4774
3520 3741
1043 3373
3335 4126
2273 3444
1990 5355
1323 1731
176 689
4342 5188
3276 5123
1985 3119
2660 2671
656 2440
4431 5612
772 5857
1160 3964
1646 3634
749 2512
2647 5298
5372 5551
216 2604
618 648
1096 2102
3445 4829
2399 3952
1299 2996
90 2637
570 4762
609 5055
1300 2604
2555 5146
4287 5765
2990 5982
994 2245
2004 5366
1429 2575
152 3428
2122 5198
104 5841
3144 4993
1201 5998
3373 5991
104 1735
3871 4649
2109 4953
4542 4927
40 4727
2935 5183
104 4535
3470 4502
474 2461
1869 5813
4235 5087
2312 4822
299 542
1389 1554
206 4614
1592 1760
2718 4917
850 4121
2097 5753
3645 3803
3263 3998
3014 5899
3115 5730
3748 4711
617 5382
280 4622
675 4852
3501 4533
4599 4627
2236 3494
291 2187
1771 3604
4188 5385
1862 5344
755 2817
2943 5066
22 404
1496 2775
1407 1715
4444 5455
872 5487
1397 2300
2803 5406
1536 1569
2642 3868
2517 3341
1911 5702
1518 4695
377 1402
3120 3982
2772 3596
2855 4066
3078 4575
255 2564
199 4017
3670 4043
3707 3992
3472 5742
975 5648
4014 4237
350 3914
3935 4425
2843 3130
5075 5152
2636 5512
152 2506
3472 3930
1630 2264
1621 4178
62 3763
1448 2628
1463 1957
809 5316
2268 4100
1453 3474
1285 5289
5124 5281
2783 5787
1891 4423
155 5520
3089 4013
4854 4914
1481 3678
5139 5225
4984 5464
2553 5240
4058 4835
1601 5691
2548 3064
381 3392
69 3886
1495 1696
82 2887
3017 5209
2172 2737
689 4560
400 2908
1273 3394
65 4495
1356 3224
4400 4454
1547 1846
3492 5647
2780 4990
3295 5299
1616 1864
2973 4447
382 5219
1654 4957
2059 3354
1117 3692
3872 3977
1385 5155
359 2723
927 1721
5589 5852
3164 5779
1059 5477
2337 3572
2736 5147
1459 1707
4261 4823
2975 3503
107 4669
4048 4753
4461 5885
2202 3695
3173 3891
2205 4883
156 5659
1882 2458
2990 3150
2513 2882
2201 2288
3944 4297
1600 4613
1216 3772
2045 5319
269 1002
5530 5926
137 4709
3733 4547
2609 5870
4143 5247
263 3588
735 5534
2753 3507
262 4237
265 5327
1891 3460
127 2192
3134 4091
1366 4934
1870 5592
572 4193
4017 5421
2736 5996
384 5583
3257 5067
639 1639
3553 3574
4450 5249
4757 5184
3323 4420
695 5540
1589 2621
977 1396
148 3252
372 2382
5269 5283
1856 2380
1989 4032
1857 3498
2116 4416
2161 5044
804 1161
1159 1237
192 3113
2289 2690
1334 5763
3382 4550
3894 4772
3050 5154
4489 5592
1688 4032
862 4540
952 1032
184 1339
1169 1966
4652 5196
589 4647
3655 5405
2203 3655
656 4222
132 2491
195 5779
3110 3545
346 1610
4121 5203
2197 4294
1520 4874
4233 4598
1196 3006
1973 3634
2916 3417
1392 4305
4 800
546 4782
920 2529
2900 5034
648 1578
