300
39 41
26 40
13 21
9 19
285 294
209 220
27 27
283 292
113 130
196 205
43 60
50 65
218 227
11 21
200 215
247 262
297 300
21 34
41 57
293 298
177 182
31 35
194 202
261 271
285 298
170 182
32 43
266 279
200 205
129 138
286 286
300 300
68 84
241 252
245 258
242 250
22 33
125 130
1 16
244 246
16 22
20 30
280 295
216 232
139 152
145 156
266 271
212 213
262 269
38 43
224 230
144 160
24 24
139 142
116 127
40 50
39 51
248 261
191 206
216 217
230 241
53 58
79 94
121 128
164 175
83 96
76 89
204 219
53 55
233 239
209 225
11 12
73 89
61 62
115 129
28 30
126 131
172 186
19 24
199 215
174 190
162 177
229 243
238 251
40 55
288 298
120 120
214 226
226 239
119 132
80 96
54 57
28 34
111 113
233 245
85 87
219 235
286 300
193 204
223 230
114 129
182 194
13 23
112 123
62 79
291 300
95 99
273 279
105 122
40 52
266 283
222 232
163 163
143 160
284 294
12 23
233 236
45 48
106 122
154 162
66 77
189 192
230 242
222 230
251 253
223 229
166 172
214 230
142 142
175 179
223 240
54 58
78 87
129 133
91 101
286 287
91 95
216 225
10 25
141 155
175 186
187 195
32 33
248 261
247 248
235 246
99 101
55 68
45 55
296 300
54 61
180 195
7 17
211 213
287 300
18 30
223 236
41 55
74 85
293 298
145 162
137 145
23 37
171 188
189 196
132 135
243 245
194 211
149 166
177 194
213 217
172 185
188 198
110 127
292 300
22 31
221 233
149 150
160 170
42 55
55 70
124 124
183 188
125 136
7 17
208 214
134 136
40 48
241 251
220 232
263 273
125 125
2 18
55 57
265 275
226 234
32 35
106 123
165 170
234 242
199 212
201 217
192 198
89 93
127 134
166 173
17 29
124 130
246 260
17 20
92 92
29 45
90 90
299 299
92 107
220 224
279 294
256 263
209 222
165 173
40 41
233 247
84 87
166 183
108 117
70 70
38 39
85 96
9 22
249 259
245 249
29 41
146 152
90 97
97 103
262 276
192 202
227 234
123 130
141 147
220 236
3 19
51 58
88 96
83 96
183 193
127 134
95 107
102 106
257 261
54 54
236 244
278 286
193 207
215 226
296 300
191 194
110 115
29 33
242 246
28 30
66 66
173 184
53 53
42 42
28 39
17 27
72 82
91 97
20 27
153 159
90 94
133 140
1 12
206 215
231 236
45 56
271 271
119 125
173 182
180 185
164 178
121 127
197 200
208 217
132 148
47 51
162 166
260 269
80 91
230 247
31 44
32 47
88 103
181 196
34 38
271 279
232 241
59 62
198 213
