2500
460 1545
487 2050
475 578
31 469
1453 2381
1984 2298
1688 1859
1888 2146
767 993
466 2436
684 856
1535 1633
672 866
1229 1561
1088 2107
390 1450
571 750
858 1340
339 826
241 1344
337 465
1330 1397
261 1171
1469 2209
453 490
199 2085
1282 2222
143 600
1274 1339
1464 2003
1512 2190
1172 2318
1106 2034
729 2343
901 1826
456 1462
717 1746
1498 1926
1544 2146
894 2118
1554 2053
465 2157
1881 2132
1503 2343
880 2271
1415 1540
2137 2244
1481 2232
1162 1839
1257 1403
173 2028
1514 1533
178 265
1151 2438
380 427
1024 1387
862 1294
2068 2149
1341 1452
1409 1901
1169 2153
162 1798
91 1437
1281 2465
299 316
852 1506
378 1209
576 2434
654 1096
578 665
2182 2264
1323 1769
105 166
1262 2151
1029 2027
1675 2184
1436 2287
4 1561
1276 1905
437 559
496 1466
1311 1727
927 2184
8 1779
784 1981
1230 1641
1181 1953
401 2284
1407 2079
246 329
560 1221
1906 2391
242 533
746 844
895 2168
1622 2050
1758 2079
439 754
1092 2199
152 191
8 73
26 132
1567 2378
1112 2139
131 1214
165 1199
1238 1928
1672 1730
147 1175
527 1688
1611 2497
697 2289
584 1471
635 1303
315 1206
371 2101
1435 2274
1463 2459
1281 1948
37 2000
1286 2065
1507 2146
1252 2474
843 2472
512 1657
520 702
391 662
1343 2041
401 1591
1351 1597
1019 2218
596 685
1474 2365
871 1822
1703 1732
160 1096
1053 2364
101 1019
970 1284
1240 1335
737 1436
350 698
414 736
1614 2248
591 1753
1129 1313
283 1951
558 1668
492 1861
573 1580
1126 2178
369 895
972 2194
242 2059
54 359
1196 1590
136 986
750 1201
506 2344
24 1765
414 834
914 1371
270 1682
193 1244
1226 1702
2030 2302
2108 2337
1098 1951
1196 1518
863 1694
1796 2199
879 1072
1304 1744
19 1425
3 390
873 1753
389 705
83 602
573 1064
402 2375
364 2155
353 1056
26 2202
1141 1894
1061 2066
766 1654
1878 1958
985 1213
613 2129
664 1691
538 1507
525 527
1673 1744
1214 1649
2355 2490
664 1497
484 846
1031 1288
480 1495
461 549
1833 1904
822 1132
733 1722
1636 1909
2068 2353
79 2305
625 1278
293 295
991 1043
1290 1878
507 2170
848 1071
503 1936
853 1779
2147 2205
353 969
804 1937
2443 2467
222 642
997 1515
526 1785
1134 2354
530 1584
2258 2270
1425 2267
55 1403
1527 1625
160 2074
8 646
1553 2195
749 2294
152 612
51 727
613 1136
604 726
414 527
1118 1634
289 573
2035 2170
84 334
1281 1457
2112 2360
747 2388
620 1302
684 1178
1181 2175
56 1145
404 550
36 1294
843 2221
1574 2339
367 1613
1354 2188
808 1808
1255 1341
511 1949
888 960
248 1074
411 2438
2009 2303
693 1509
1846 2213
2397 2465
793 1894
984 1121
529 827
2420 2493
1087 2439
685 1814
1773 2345
640 1030
840 2259
954 1090
10 760
820 2044
913 1416
1235 1657
669 2005
783 1990
1900 2485
572 2414
1075 2228
1394 1945
1423 1439
1475 2065
285 1186
416 1640
8 993
1680 1852
113 1226
2072 2436
422 2023
517 1093
859 2200
2028 2046
1786 2162
1258 2211
311 1294
69 1362
631 2066
1639 1955
2176 2428
103 1405
603 1443
1405 1505
460 1352
304 1548
669 1782
660 1297
127 572
1437 1758
35 424
182 1048
622 2096
576 2289
814 2198
507 1725
58 1520
400 650
1965 2205
1104 1664
1555 2060
686 1177
742 2285
59 487
681 1687
348 1380
126 377
1832 2470
10 2411
83 1328
1151 2071
262 1033
426 1420
1892 2310
824 1003
659 2097
249 713
78 350
1135 1965
397 877
538 539
1200 2041
836 2389
183 1954
592 2201
273 1936
133 1368
715 1028
1006 1362
1044 2068
1774 1829
102 1937
545 2097
29 1186
1168 1302
710 1521
136 1137
204 1060
153 2485
174 318
588 2221
1762 2083
490 725
151 2086
79 1344
1471 1534
1074 2414
1136 1577
406 1499
738 1328
527 2472
657 2123
37 1240
1310 1707
1892 2014
118 1122
395 1152
53 253
1778 2445
1561 2123
1799 2086
166 2003
808 983
249 1190
1636 1879
1566 2190
889 1091
1748 2341
809 2299
145 2497
2220 2307
97 831
1374 2318
722 1924
576 2030
108 797
238 2403
401 1287
51 2401
1637 1769
1544 1636
1582 2039
1270 2264
127 1464
216 786
2038 2393
864 1537
1146 1276
513 1459
239 1337
1763 1838
1886 2443
803 2407
333 409
510 987
473 533
160 1457
949 1693
421 1023
1597 1809
606 2297
328 1270
1264 1729
1207 1284
1099 1748
1198 1283
1932 2353
1161 2024
240 1154
738 1830
61 670
976 1972
198 447
1377 2440
733 1996
257 2096
128 1131
1157 1327
1122 2485
221 510
92 1688
800 1816
260 1555
716 1464
26 382
1420 1967
854 1432
1085 1561
1110 1313
649 1868
508 2298
484 2271
1657 2386
825 1648
6 785
215 2304
26 1493
384 1940
398 2497
1007 1010
706 1347
573 2454
1394 2101
1189 1617
1527 1642
1636 2226
176 2401
444 1791
279 2158
1270 1713
20 2374
204 1261
674 2428
647 2034
611 980
1381 2300
604 744
2052 2450
1295 1526
2279 2362
1126 1417
492 548
231 2189
613 1166
802 1278
683 2495
353 736
968 2337
383 2129
1236 1405
572 2026
1364 2304
1555 2203
379 2281
1439 1711
1456 1868
611 2094
1231 2223
429 1471
266 917
575 1977
546 842
1152 1296
658 2038
91 2455
647 1567
1769 1967
1603 2098
246 2355
229 736
190 363
1010 2423
342 1200
1066 2065
902 2354
550 1951
131 753
129 2100
1320 2361
1870 2361
1003 2480
152 930
443 1913
77 812
95 628
627 1134
405 2013
349 899
225 374
452 505
164 897
590 1411
724 1452
227 2172
184 533
617 2090
1574 1928
2202 2420
451 845
1517 2003
1927 1950
462 981
24 1406
1736 2289
1344 1884
862 2357
576 1701
1157 1735
1313 1919
96 1017
1148 2396
1050 1294
468 2467
309 1525
1304 2411
1530 1822
201 719
509 2287
362 1481
1552 1611
723 2042
11 2092
112 1683
892 1744
988 1035
1497 2489
474 2042
1943 2300
1269 2467
479 1990
1025 2103
169 1368
496 1569
1695 1786
206 1533
228 1184
374 2365
614 2135
1219 1329
95 2133
298 754
1931 1958
1424 2245
507 2097
172 347
70 360
1048 1240
99 2358
176 2494
80 1907
43 1630
1975 2114
631 1376
325 2406
1831 1903
851 2020
217 1806
51 699
394 811
710 2224
125 754
534 2236
1567 1662
1252 2044
794 880
325 988
928 2219
622 1098
143 1480
2365 2495
568 1108
1052 1468
548 1722
302 1389
542 1812
211 2200
795 2462
1759 2072
611 728
1228 1595
1583 1606
227 279
1316 1972
1757 2200
142 2040
442 2055
2149 2275
1292 1522
1542 1717
106 2032
197 2295
726 2148
159 602
724 2390
514 1190
1510 1750
2227 2234
272 2129
903 1433
224 1140
509 2265
1200 1370
1164 2373
1018 1888
1527 2283
302 2430
315 1067
1287 1544
1022 2391
1250 2122
663 1606
1080 2145
1505 1692
227 1742
1082 1410
541 1703
1774 1798
1331 1617
1612 1635
947 2153
2083 2178
1734 2347
293 995
878 1790
2013 2165
1666 2247
1448 2055
1267 2056
211 687
1276 1432
62 2055
347 418
382 527
1237 2231
1456 1608
1547 1963
407 1820
1812 2260
165 2389
882 2237
1645 1820
928 1517
717 1362
1018 2153
234 1441
524 546
1201 1709
1182 1913
1632 2469
354 1023
1070 2267
1353 1416
1790 2220
2246 2254
682 1521
863 1644
1926 2251
166 2365
697 1914
1313 2099
2005 2452
200 2027
1991 2208
579 1413
108 1657
523 1076
606 771
777 1665
493 557
1040 1145
550 811
979 2104
1379 2190
1306 2302
12 18
809 2362
2215 2232
1075 1947
232 1231
602 2108
872 2021
187 1130
840 1142
697 1076
1067 2414
107 682
1474 2125
820 2022
1829 2448
182 811
698 2390
823 1502
338 1714
2005 2177
1053 2128
1461 2007
248 384
610 932
354 1167
387 2186
942 2072
964 2231
366 486
230 572
54 129
1893 2240
313 2149
14 2148
968 1552
582 1632
791 2198
1216 1650
853 974
557 894
1836 1925
125 1144
153 245
622 2372
568 1143
1066 1683
841 886
1472 1915
2217 2365
1816 2339
663 1697
362 1918
1134 1334
1509 1577
1923 2085
1353 2269
479 1525
1031 2160
1288 1302
1037 2069
596 2312
1469 2201
1206 2348
646 2465
782 1707
481 584
597 1196
221 1649
347 2018
10 1345
497 1384
86 1920
624 1181
1025 1731
982 1674
1632 2437
962 2351
62 1932
330 2137
1004 2454
470 1194
37 472
45 2260
454 1604
245 406
384 1706
207 725
63 589
128 626
335 1687
397 1259
134 502
522 2499
547 2240
1293 2019
34 133
399 2088
942 1527
192 611
1782 2167
980 1927
1436 2070
248 1147
485 2105
1846 2026
857 2421
1571 2138
1310 1856
403 525
1936 2133
147 484
1008 1501
1465 1752
445 2333
656 712
68 2135
630 2271
1502 2043
1865 1905
1466 1763
384 1428
1502 1674
400 898
1311 1546
788 791
1959 2477
417 2102
617 1871
1919 2188
714 2373
1172 1933
209 1479
1796 2382
1612 2472
85 1210
813 2052
1770 1816
481 1969
1367 1606
351 1513
319 1027
66 1033
633 2286
12 1092
1179 1807
1128 1699
1693 2394
453 1066
728 2215
1396 1438
244 896
520 1056
308 385
319 1575
577 765
1126 1704
830 1387
292 1740
1232 1670
515 2262
312 854
1679 2007
796 1933
1926 2434
135 1502
32 733
379 898
797 1574
457 1996
584 754
268 2316
527 1877
428 1672
845 1803
137 2009
1832 1961
1035 1393
122 2300
1369 1749
1363 2313
810 2264
1731 2400
821 1816
122 2409
721 2473
2388 2445
211 1528
638 741
2456 2500
8 1180
116 1736
339 2269
1448 2312
980 1654
510 1244
833 1182
1361 2034
497 2183
121 1406
1986 2243
40 1762
735 1807
259 1052
515 1190
2060 2240
548 842
368 522
1391 2074
595 909
1271 2384
252 430
1347 1791
893 1073
75 499
1034 1271
1100 1513
180 2449
404 648
1343 1606
1371 1668
526 2284
1303 1643
1581 1630
105 1244
1507 2287
1317 1326
122 1894
491 1213
876 923
2006 2147
164 264
126 689
970 2321
1582 1906
340 668
1893 2445
877 2425
1139 2294
300 1121
2096 2203
1781 2039
1366 2276
243 1345
1644 1787
1041 1820
62 662
566 657
1522 2243
1735 2467
374 1577
217 772
1072 2321
392 579
1773 2191
347 2350
1435 1778
702 741
536 1246
1044 2175
1734 1846
751 914
347 1517
849 866
207 1992
1071 2323
1164 1632
1055 2454
686 1389
516 1268
283 693
1577 1776
945 1026
629 977
828 1382
1003 2068
478 1722
761 1335
561 939
1168 2448
1244 2147
1801 2047
83 1903
1110 2344
801 2212
1754 2420
473 2439
203 1700
1184 1478
1870 1929
1617 1859
373 1330
601 1504
1121 2312
712 1279
452 1101
1327 1476
372 1882
1100 1571
216 913
788 2464
447 632
2116 2415
766 1571
1142 1388
1216 1777
1165 1329
153 1055
230 1286
1681 2491
457 1115
1004 2315
264 747
1217 1822
423 1183
1242 1349
1642 1927
1441 2008
1874 2092
1487 1896
50 1377
203 1853
1579 1719
605 1633
1751 1915
754 772
701 2365
359 1785
37 687
800 2435
1095 1154
532 1547
1483 2191
39 1440
879 1267
601 845
1730 1841
1536 2335
61 169
1651 2188
1470 2428
962 1258
267 2479
1322 2337
885 2278
1712 2368
1042 2030
783 2021
243 1367
273 1607
359 2466
1279 1286
1566 2031
617 1196
556 1142
754 1133
1074 1444
1847 2250
1162 1813
802 902
1024 1440
346 2116
987 1303
1628 2451
1550 2442
225 2350
637 1507
66 260
1111 2277
136 1090
1026 1993
46 2094
443 1905
1734 2170
1369 2083
1040 1724
370 629
67 2287
1345 1958
444 772
1356 1693
915 2222
933 1180
1127 1889
359 1350
1279 2295
203 244
121 1553
178 988
173 2180
813 1334
721 1640
609 1500
1900 2199
1286 2408
714 2042
280 795
44 585
1521 2252
1083 2211
56 1719
968 2391
2284 2360
352 2331
960 2423
808 1009
779 1642
596 1253
114 1621
1666 1784
59 1952
1627 2099
536 1481
1044 2250
1248 1471
1016 2454
1606 1905
599 1478
2223 2386
842 2065
1354 1763
861 1377
2374 2432
10 682
466 1645
990 1074
177 725
1331 1828
1203 1484
633 2047
1250 1772
1106 2409
1252 1379
1119 1884
53 450
1129 1667
118 2431
154 913
2217 2269
1286 1329
41 828
37 1185
894 1251
1172 2160
327 1458
652 1377
639 2220
290 808
86 1163
1373 1505
796 2456
1238 1558
647 1714
1120 1204
504 1242
382 1943
695 1876
174 1866
1162 1513
483 949
1526 1592
132 614
276 1725
371 1031
881 1773
241 1457
614 1417
1382 2237
174 316
967 2470
1555 1931
837 1406
1712 1976
164 1641
835 2450
125 2083
257 1721
768 1265
392 2249
319 1752
195 489
194 1095
388 1529
438 1396
1784 2011
763 1614
661 1120
1161 1461
1188 2427
1261 2499
1164 1280
71 990
166 380
44 1938
587 1633
381 1058
1801 2277
104 2453
457 2241
500 983
1000 2449
152 2119
1064 1966
990 1077
28 2130
950 1507
759 1303
489 2492
878 1205
36 522
619 1366
70 1380
632 1347
1052 1950
86 2454
332 1208
1907 2152
627 2452
1108 2065
512 892
575 1522
1872 2003
405 1534
1065 2129
1438 1830
724 1587
1803 2333
1289 1642
675 1884
1333 2252
1127 2273
1388 1546
1855 2361
803 1620
325 947
835 1190
1269 1740
822 1610
1318 1853
665 1401
248 825
622 1257
741 1621
148 1981
572 2066
1634 2442
50 1689
364 559
875 1514
1670 1753
1093 1203
1424 2133
2032 2107
844 1970
501 1114
871 2218
1761 2470
1764 2084
55 2203
1451 2147
262 1751
336 2483
980 2244
1207 2156
189 931
1817 2006
448 1634
330 630
1574 2129
2197 2313
1549 2389
1456 1730
1371 2116
812 1425
2234 2460
506 902
48 2054
947 1794
439 1035
196 2283
1080 2137
1233 1652
219 1621
1897 2335
923 2231
522 1174
80 1503
532 1806
174 1433
311 2434
284 2391
1626 2349
1866 2344
825 2065
475 1108
774 1364
943 2414
69 2139
780 2374
1220 1327
587 770
10 1735
207 2434
1168 2114
276 1778
368 2479
108 2163
1603 1742
406 2240
1679 2240
435 769
125 1191
1099 1724
1207 2201
563 1467
1791 2055
854 927
1445 2294
1299 1862
1189 2385
757 1896
309 2164
1441 2370
91 970
465 730
1817 1874
1182 1646
617 969
596 1689
1006 2229
570 1774
966 1026
373 2158
621 1052
1766 2482
1960 2146
305 1122
117 891
726 1685
164 915
125 1491
1630 2094
925 1199
1789 2464
1909 2209
873 1866
676 1349
74 760
1756 2143
1664 2237
1305 2327
599 1406
114 1945
1408 2206
27 1933
398 753
1479 2027
1777 2347
2083 2275
1076 1846
1416 1455
207 2168
1713 2387
818 1310
457 2319
1539 2029
1132 1473
6 1587
281 1496
767 2227
1362 1807
2048 2377
283 1591
464 1325
1193 1747
154 2426
240 1372
499 931
1266 1958
587 792
1141 1969
259 468
35 155
324 1152
269 275
1354 2415
274 2053
1227 1786
2061 2141
1526 2372
644 2287
1207 2420
65 343
4 994
419 1014
1782 2108
1516 1991
989 2305
1374 2063
547 1436
1128 2478
586 1499
237 1126
154 2122
1845 2403
1107 1495
1488 2100
616 899
1353 1461
764 1294
1252 2373
859 1666
656 1081
754 1807
1481 1642
1453 1839
432 1110
1220 2450
2092 2320
694 767
1272 1576
348 1539
356 1961
955 1095
1426 1596
1954 2151
564 1441
190 925
716 1857
955 2365
1875 2270
1355 1894
682 1399
1085 1306
974 2196
563 1422
533 1772
695 1085
839 2010
306 1507
49 1968
1500 1958
446 1978
746 1543
2114 2319
2104 2229
1872 2077
358 1031
137 2476
479 1931
847 986
1265 2100
437 579
1369 1558
1656 1749
610 979
5 2122
428 1370
1010 2400
261 2162
1469 2151
1234 1535
634 648
151 1982
961 1831
407 1171
317 850
1739 2156
69 388
159 380
238 1869
352 2151
1711 2372
861 1917
4 569
455 2430
1699 1867
1284 1480
391 897
324 706
1031 1380
1574 2211
444 1817
1354 1382
849 2374
943 962
637 1615
339 837
1124 2324
164 2282
1164 1170
439 442
816 2473
67 2345
171 919
82 406
66 1709
663 689
609 1063
410 2422
364 2259
2136 2440
88 1814
714 1432
36 1013
347 1893
1152 1457
238 555
388 1370
168 1199
1157 1892
1074 1675
279 1654
30 1479
324 2006
250 665
924 2196
692 1827
1463 2021
1481 1997
381 2420
277 2289
462 2213
444 1764
295 1998
1010 1890
48 1381
385 1677
931 2082
859 2254
1275 2498
1195 2273
259 1211
247 1292
1938 2492
1353 2376
1059 1170
144 1975
103 2156
318 880
421 1611
895 1406
128 1779
1241 1315
86 929
2078 2283
999 1116
1097 1294
227 1268
2052 2059
2378 2494
250 1167
402 766
1929 2337
102 903
88 2083
1133 1175
641 1755
1262 1370
1058 1629
2325 2330
2105 2275
246 2298
664 1668
851 1955
345 1732
1475 2170
229 1955
435 1172
1402 2224
333 1855
117 1642
1349 1938
773 2221
1140 1220
852 1528
428 1300
1075 1600
1593 2039
2010 2267
265 1078
109 2152
696 698
571 2355
1842 1937
460 953
1289 1713
1996 2121
1339 2110
760 1312
1464 1617
726 1922
28 1956
1581 2096
1730 2494
436 843
883 1502
606 1078
697 1567
1820 2463
993 1784
2083 2213
525 1778
1180 1340
464 1264
586 1000
955 2362
1763 2311
812 1291
2000 2360
166 1962
552 979
1871 2216
1458 2472
179 1140
1478 2323
1203 1479
721 2023
409 1094
583 1689
1903 1916
1506 1790
247 2023
397 1898
491 686
1363 2313
779 1540
970 2213
593 1006
306 2212
2146 2290
1214 1642
1872 1914
596 705
650 726
763 1113
653 2101
490 1247
503 2109
162 530
1353 1484
719 2330
109 1958
290 1517
2008 2390
1461 2310
500 2480
593 1452
206 857
632 1138
176 1746
1081 2049
237 856
1595 1696
239 494
756 1876
2349 2396
454 2039
85 893
1698 1804
462 1209
699 1411
275 2209
76 2078
1414 2027
1321 2493
11 521
1527 1849
1011 2412
1693 1893
604 975
1402 1988
1812 2494
556 1164
264 2490
1054 1377
731 2382
2016 2055
1052 1528
339 482
722 740
196 1029
735 1882
745 2179
34 634
938 2349
1544 1923
995 1635
839 2427
565 2022
483 1977
1106 1967
1032 2471
200 684
1879 2361
1323 1842
726 1585
270 2088
690 2375
17 1433
382 1382
413 803
479 810
448 2119
2160 2483
53 2392
761 835
1730 1828
623 1836
136 1208
919 1792
405 2325
911 1409
319 2167
1157 1688
142 1185
667 913
412 2007
274 2045
61 1280
1720 2207
465 1396
1070 1257
108 1231
230 1242
922 1344
89 1724
1126 1475
547 1481
357 2023
1394 1930
17 707
1305 2351
111 1723
730 1983
1965 2139
794 1289
851 2070
1149 1958
1409 2120
2088 2196
474 852
1287 2087
289 2420
1227 2040
797 1070
382 388
83 2066
1280 2296
890 2411
1213 1364
4 1974
694 2394
589 2155
282 305
1324 1564
992 2213
786 1527
607 996
1163 2350
2129 2491
737 2129
857 1744
143 1208
857 1527
1523 1716
1177 1844
1087 1371
963 1709
956 1949
2101 2293
1247 1481
508 1874
932 2270
99 535
33 1736
788 2273
1631 1671
1285 1417
988 1615
452 896
1197 1320
1165 1395
769 1300
1184 1608
831 849
1890 2482
1103 1782
531 782
479 1918
3 1580
375 963
1657 2457
88 841
1536 1778
1825 2341
1771 1785
75 1001
279 2438
743 1346
800 845
1410 1503
881 1081
1335 1721
578 1881
1741 1969
32 2158
1050 1196
1156 1400
789 2191
1680 2098
227 1976
620 2329
993 2151
159 284
441 599
831 1879
720 2028
1316 2414
1136 2310
212 728
164 554
1202 1259
622 2380
1284 1962
900 1261
2136 2273
1785 2356
1847 1990
1620 2239
1368 1974
37 544
542 2218
68 1091
83 1412
175 1541
1266 1603
586 1447
419 1897
652 2463
747 2140
1375 2293
156 904
338 1774
2021 2448
108 2261
278 1102
297 648
166 1293
1379 1833
1089 2424
439 1150
361 591
370 1473
236 1712
41 713
631 1196
1653 2270
522 2276
1203 2469
1260 2492
414 1573
21 971
115 1735
203 2457
1045 2023
1078 1619
553 766
1281 1449
121 176
1619 2195
744 2364
108 714
359 496
216 442
164 1613
758 1460
566 751
1004 1920
574 1573
1903 2124
1677 1902
1209 2494
1942 2285
4 1095
1219 2284
624 1244
577 2305
78 733
1454 2310
36 436
1665 2325
236 683
486 1855
592 1692
1019 2050
990 1961
590 2388
782 1974
79 1406
422 847
665 1300
1399 1562
989 2035
54 2218
788 2256
230 1917
199 2278
787 1624
1166 2414
1839 2129
1168 1378
874 2303
323 850
398 1036
335 1483
535 964
504 1527
207 1937
432 1611
1201 1230
36 1517
1054 1154
182 1217
598 2453
1679 1919
963 1881
378 514
537 825
1384 2149
347 718
1 329
1005 2488
29 460
103 1030
1197 1652
1137 1149
938 1954
1194 1578
1553 2179
1 156
252 731
300 1065
113 1030
1276 1388
1981 2247
1236 1980
730 1169
62 347
21 1908
1004 1493
1299 1819
920 2386
1983 2345
62 2357
113 1425
1660 2158
459 1484
1091 1855
385 886
683 2225
817 983
547 1038
258 339
1 2041
928 2461
398 1928
494 2370
346 1030
156 1572
345 1714
4 1191
794 1460
663 1358
225 2085
745 2030
145 1275
1388 1960
1770 1844
283 1706
113 1320
2154 2220
207 1309
1322 1862
180 314
628 2029
995 1645
114 477
1679 2239
1293 1978
155 1575
389 948
1926 2207
858 1528
466 747
196 1028
1202 2168
559 1983
1800 2364
351 2398
376 2301
215 1920
194 1494
1782 2172
1257 2387
614 645
621 1176
2112 2209
610 751
1624 2465
837 1604
1458 1599
1700 1869
2053 2325
1986 2425
1100 1365
1927 1961
252 1240
747 1489
144 2461
973 2005
473 1185
1316 1954
279 1308
919 948
1907 2458
2116 2222
793 2448
925 1514
193 552
1864 2256
310 1317
1478 2058
1320 2394
1747 2415
924 1409
1345 1476
2401 2469
846 980
1163 1886
532 874
1181 1277
19 2095
1711 2273
894 2485
1752 2205
798 2261
2042 2374
147 2282
1135 1925
331 1485
1694 2283
1564 1972
826 2251
1329 2481
68 326
119 1544
537 1837
903 1286
2022 2095
1606 2054
1556 2224
454 1844
1402 2178
1520 2213
2075 2081
15 513
360 1202
1069 1151
67 499
536 1857
405 1197
222 1335
471 2083
1378 1558
978 1855
262 1267
1470 2399
303 1214
860 1597
1783 2224
227 2115
3 565
392 641
88 374
914 1365
893 1259
1652 2147
713 2489
767 1852
300 558
1528 2219
907 1522
1419 1814
889 1948
845 1218
731 1446
815 1134
1454 1754
19 1895
1280 1775
1886 2029
249 1943
1708 2071
917 1962
79 689
284 2187
576 833
599 2130
846 1045
158 1120
351 1231
1249 1840
1598 2204
2419 2454
503 1843
808 2377
2187 2426
1729 2203
1210 2382
862 905
2309 2373
2 84
632 1518
1618 1979
1435 2352
383 1637
587 1012
559 1377
72 1941
61 627
428 2003
364 1143
1723 2331
8 1859
1566 2341
530 743
1693 1714
256 1455
1197 1315
1155 2355
754 2328
514 1911
2125 2304
467 1202
295 1952
6 2129
1310 2480
149 790
1030 1754
1004 1783
93 393
1110 1260
1213 2496
832 1418
1817 2089
804 2393
681 1395
1978 2490
240 241
28 293
1198 1926
146 320
968 1640
1511 2060
449 588
1224 2363
280 1510
930 1349
1437 1467
1784 2131
468 1668
439 571
673 1203
815 2471
125 207
1060 1909
190 1562
263 1302
193 1374
632 1905
737 2109
425 1047
765 979
1614 1998
1199 2378
672 893
1194 1815
68 2420
1534 2400
962 2450
1106 1757
309 691
142 901
1767 2154
1107 2336
141 1092
1240 2493
1186 2381
80 1323
332 1345
1136 1344
1923 2026
769 2056
473 782
138 1640
615 685
1745 2291
1031 1643
252 2449
1600 2499
114 135
87 1553
1008 2099
652 1835
523 1022
38 1444
2160 2330
299 1026
115 155
1509 2214
1418 1784
1501 1786
759 2307
288 2374
185 887
1249 2416
38 1042
1774 2048
2046 2363
1593 1617
1626 2121
654 1607
1228 2043
309 1458
1613 1786
2214 2377
2159 2231
422 2143
925 1836
510 2148
1470 2386
1510 2236
676 2175
723 2223
477 831
1744 1923
301 942
993 1864
177 328
963 2256
1162 1383
50 594
941 1392
321 1784
1422 1607
41 1037
1570 1815
1300 1754
808 1794
1714 1927
1982 2145
620 1185
1220 2205
2336 2473
1047 1210
1708 2263
1803 2316
608 1887
72 168
1612 2339
785 1533
188 2373
156 409
926 1489
196 2397
1557 1778
2024 2146
197 1372
677 1704
2015 2151
1124 1798
389 498
1565 2142
1502 2068
593 1857
135 764
253 474
235 2172
1626 2462
274 2051
596 1430
752 2194
1289 2027
127 1598
373 1839
310 1792
2426 2441
595 2053
252 1603
412 1867
494 958
48 321
83 1920
848 1576
1564 1684
1826 2447
1205 2002
1007 1586
1234 1848
2117 2396
357 718
889 1046
1930 2343
384 421
919 1171
98 1872
903 1101
344 821
986 1573
2077 2394
2152 2203
274 1348
434 950
458 2438
1879 1941
1231 2342
472 2398
332 503
1187 2026
1136 2492
228 1207
1660 2229
1235 2094
484 1746
446 2480
325 1205
848 1547
567 2430
407 1679
228 1318
566 1056
578 808
1738 2324
855 1225
1096 1554
2000 2179
1455 1758
260 647
283 355
221 362
649 2119
362 793
1154 2017
591 1841
1691 1942
660 1924
221 1347
98 273
999 1787
27 961
85 2050
992 2061
822 1390
1066 1823
989 1094
921 2368
446 685
1771 2295
2064 2419
1671 2096
553 676
130 2274
1745 1748
1587 2416
646 1182
540 1615
1626 1841
677 1797
284 1505
329 2301
1816 2034
528 2235
1878 1922
1578 2176
166 2095
2060 2438
85 719
765 1096
1770 2283
1219 1886
107 1137
365 868
464 2087
1647 1722
894 2248
1775 2237
1439 1485
174 945
552 1766
1839 1954
793 2201
503 2341
1165 2209
871 2244
1679 2065
265 498
994 2268
785 1728
392 412
1086 2036
221 1923
1215 1771
462 2466
629 959
189 1136
153 689
1277 1397
863 1091
1460 2088
435 984
398 883
153 1317
910 1290
238 1350
420 1413
204 1501
1763 2286
1720 2281
660 1828
997 1923
1986 2083
974 2468
399 1100
873 1279
706 1732
603 1334
969 1193
430 465
239 1076
2154 2213
1375 2113
276 2400
60 895
1163 1525
1402 2174
430 1124
932 1838
421 1159
26 619
897 2401
590 2283
2227 2294
624 1002
1529 1689
1 724
1702 1878
656 2119
1078 1332
612 1383
13 90
693 1768
189 1864
297 1640
212 2268
1014 1929
388 1255
1 2369
962 2040
362 2181
1584 2489
1290 2051
280 1836
837 1709
398 908
542 2214
785 1854
744 922
1576 2134
623 1408
1302 1501
504 1346
782 2109
1565 1602
655 2155
274 696
