2333
88685736 78855800 -1363
312971696 897847052 -1310
733325923 692620457 1719
330666352 290640956 -1635
583879498 146399648 559
943805143 466864355 1577
269827626 892757646 -2253
532086649 894338577 -1410
274715926 451230068 -35
415688832 508237658 370
84952685 225774797 -550
158131040 496455392 -1812
976339347 856164250 -1824
982305809 450022357 -1608
945639225 133946071 -1259
382105110 763608573 2046
638463138 122806366 -2315
664012204 688536590 958
804276336 213407692 1893
479432130 595010920 2308
907748519 466883317 -1325
61953514 968954086 -846
257724634 765344072 90
384424868 420259097 2282
578554500 301584867 1933
854836127 498708679 2292
133636158 608718624 -890
127484085 948764215 243
580411138 686546163 -1612
117461648 842098995 -223
618560676 292074097 -2300
716554397 299916648 -700
863930986 664321185 -1047
419388299 392311628 215
181003851 734013679 507
655847787 543679837 720
374364928 577593431 -2261
435351616 382572983 -632
771853953 72068185 407
768476380 756591064 2213
840787044 298794961 -642
827819972 466992725 805
439761284 658263946 -1440
886937716 47309657 1762
85457336 896458057 -1532
141303351 681609194 1711
803083411 683428675 -718
153245253 720229912 -1399
205439362 217870482 2001
581773488 431857654 426
813761101 150124212 -936
442312189 630836068 2250
890575228 748619651 671
829634506 719917679 2247
13852904 16217499 -816
23913983 174220315 -1442
610453142 713209909 2105
503146379 491981291 -1132
744718081 408238775 -1663
76252822 450441681 1345
146751969 913865838 632
13361961 722095385 1200
806627020 82707211 -1631
110041143 186055463 1801
862515828 273775188 -320
578833759 931135596 880
412303553 242299822 1700
644737384 843782110 1741
11577706 228249585 455
251072941 834927313 -1970
598700752 812880998 2040
467377882 993788460 -2228
463555581 390664228 -1592
704887052 46086091 -97
649017063 766335409 885
462855421 287738276 236
829488774 346606936 -2196
474369510 179160302 1295
672746105 62657420 573
947945412 664830145 -555
346677639 820944651 1108
134997691 250064777 -1137
81675087 640067275 809
440428525 287209269 -868
657290191 388833888 2319
594681453 25282898 -1290
587548788 496751606 78
436723349 624119779 -1312
685425168 104309979 -2215
428754349 777323489 358
686851736 465469985 256
386482146 243323870 -1606
713233961 532648642 1530
892294468 841342525 -517
773296848 578444062 -55
8420772 458943410 740
806562186 868949203 1671
900883440 827974601 744
424585528 121731661 2228
253532825 93073594 -1861
393743035 997595913 -767
26483345 91698108 -1394
383753700 776073827 1262
872674869 338567596 -901
595468684 955763732 -460
709931597 475078708 2195
930592489 495324744 -2013
258918424 921712274 -676
188221147 718583906 -19
161038131 232603142 -2222
452187890 645049451 384
962948 212630296 937
958782168 357435809 1833
366027768 664614881 -1526
48171322 452895115 -1599
265543033 612087007 488
626210633 230228711 -1160
212396135 53266903 -1911
404907098 799206704 -1740
105637855 892923675 -190
10346226 842644974 -2195
590728435 940787968 -1869
117051639 136318917 1456
343873753 846236726 -2323
402643303 457970993 325
986153684 745436712 899
26074089 267125237 915
428265668 867709067 71
744442627 966199909 452
594192224 794134105 1662
915041743 694709938 431
266446883 655306573 1753
993743317 738566993 -2140
433286577 509380128 234
840620030 341730803 358
56260724 229749795 458
427294361 604529016 265
68843630 563967966 1361
630928523 464204198 -1562
568860046 317607149 2293
444305564 235280863 -979
540864422 824891648 -939
119339452 948437683 -235
725633985 195275041 69
856595693 332624622 552
259307612 540674618 -373
715921999 21903614 -1867
854394594 559339125 69
767381602 764399314 -1414
950462638 909761199 -558
864388240 806849016 2256
426569047 471757815 2176
239840661 539809751 -331
429650277 616901174 -1280
181053274 542177578 683
464968826 837064864 -9
334773860 397231494 950
291002524 267751236 2205
375383774 254103145 -1181
138977807 130126360 -234
773812976 134772755 -296
190755474 401135282 -922
424871677 564252393 978
889559948 14225687 -1429
689830543 645300395 1512
615072496 961244991 923
706621101 183549273 1241
890750838 184529806 -773
580244006 148968333 -1745
845161138 896421671 -145
827651951 770516516 -1864
568847574 376952754 -488
319263895 906915187 -2097
984006715 682366277 -1425
957738471 998675567 -2118
160521055 87791025 -141
216074341 515474814 1521
734435051 486897906 -2197
342392019 509224046 -2055
255122177 443472251 -828
652541188 443836880 -1517
835336319 752054113 -1264
170325555 929565807 1304
319018423 545261052 1309
310452793 880780816 1893
543279887 629008948 -939
385703758 951566130 1265
284984429 112507385 -1127
922552648 45242566 1436
863698172 133238893 -346
688411552 153750372 1101
544396334 72451123 1109
35411382 376910010 -1397
37085759 17149986 -575
595901284 78928741 -1687
152445211 846841317 -1370
592404825 796394505 -228
300922141 571639106 -824
128275241 266259611 -1249
819643807 176664381 912
32876757 900217673 1714
955728910 650780014 -1420
265337580 252939359 -313
155893844 257026514 -153
168543273 197924574 1522
125428532 298712535 -95
404749735 456804489 2055
927910876 729448072 -188
292808871 58483741 -755
833227686 743237234 -2166
21843733 140587502 725
618045778 676278000 2310
960877639 888830107 -246
549748656 946301877 -1287
561875057 719957056 127
571900808 572997708 -1315
130221904 650206459 -77
960271379 399819777 297
786062501 965579694 -156
798983172 91693659 -1311
652387934 420527008 1655
394512397 364669332 2271
931482280 952693406 -982
328499354 869708834 1727
32410266 957814194 347
170972709 530035613 -1781
372134416 651911726 -305
448879634 906813465 -1726
223422988 349390569 1662
62234848 614247402 -2054
394547790 298863826 1433
223414949 12426245 -2222
641667428 243502523 1701
775096874 575216506 5
891987036 152789470 -257
102363553 177916376 -990
740249549 778885311 460
687714582 40557792 -697
331848502 1471889 579
818347467 153494397 1598
427119042 536021010 210
208372840 61068194 2140
883399450 973273271 -1302
483532036 812206093 903
891917231 7219986 -53
275804280 620356592 1072
433146295 263748534 -791
427610523 35214419 -1469
575884445 268706917 767
248662506 377861706 -348
393698712 826398795 -800
480186519 955840941 2047
355162395 147833235 -495
595830475 916996683 -562
59352390 91954169 -1126
520745995 316691372 -322
975363720 359232310 753
180314650 436738838 758
828267656 378847140 -1712
977569513 542616590 -675
862610798 194342956 -2007
308463198 382513810 656
536059614 262897685 -718
465456279 824368455 -2053
440732449 250373477 13
104335302 580376805 2126
277999326 115784821 -977
691368009 422234036 288
399391030 109205405 151
608911657 330770166 -683
414288281 979713336 -1206
208043268 163736776 731
269131009 426016255 1953
362875188 830875302 719
519829303 262945546 287
2637114 16240182 949
448538174 642411639 -1287
146909683 11650698 -364
159564301 556418980 152
616817548 39044659 1334
322229753 53520335 -223
898251724 657857785 1139
974242024 531801958 -158
953587130 75845746 -194
803923525 740571250 -787
903777942 208903320 -1341
80561211 433270283 1970
979391406 455904007 -1986
517046739 511318039 -263
799403540 86635656 468
7271889 666634149 -545
931054485 440422852 -1757
448014115 233870428 -2270
252918399 196074317 433
718155146 577618659 -443
126916988 595978912 -1921
200551950 930121450 902
377880327 811133526 -837
874724609 577311061 1484
912363147 615449484 -1344
517787764 351824362 751
711782211 649662176 -113
566715439 83850431 372
125275856 514269254 1866
386020751 938870025 1786
981141350 995859207 837
907742489 724054930 1003
192991897 286575233 -409
425583573 339115780 -1605
892606049 282437538 -1886
23491959 825684250 983
158288948 722130699 -544
485935889 204530577 819
131428682 672355356 808
72388822 134175785 153
269237740 827876853 -2200
846393019 391681108 1559
304117943 755750011 322
279003825 143622682 -1492
640378625 682262924 185
491140138 452890313 174
448577524 481844755 -516
585068916 893467521 195
942673421 896645670 900
774120001 386685192 1088
182015728 607083001 -1760
398242138 892781739 965
764580304 501433363 -572
222600530 911256195 2088
432082632 258460858 -258
96972549 933385212 -1144
989127181 471021035 -1615
157472127 884183863 -247
961572448 272122330 -158
49188616 465268338 -723
320722314 652153692 1368
153899914 2055481 -747
540140843 314899509 -1946
726848868 252417916 -712
162838020 168112627 -461
845313731 583168229 88
458203957 149187330 1427
221233679 124391780 -2056
866973218 940126231 528
942743814 130679532 -388
451406067 606184075 -821
332204061 4876538 -2104
533708715 112921920 2075
606091418 829070241 -1147
192925437 155291725 1058
124117250 469278566 834
488925952 250840057 1413
705266921 890483280 168
834995691 699104059 1675
505659975 142452085 -2313
663431505 405402652 7
163784519 363739086 -2002
319290445 851257319 -44
231766008 543879343 1742
959801333 484658401 -172
411966627 373128594 -1293
858420472 828243198 -1320
800627272 530431950 -2259
167083827 327685576 1126
498813633 368769993 -60
217818553 199930160 -958
314620193 644547443 -1713
698648756 781494180 973
201525403 6601153 339
407690157 825278549 875
242132209 665499989 1713
350530370 508481278 -1324
187138657 368332497 2206
992458977 857479787 -427
823646037 979895532 1759
199374808 656806232 1299
313039125 496735081 2105
714240396 37406827 -598
878605942 965258055 2087
827566308 598795325 712
74743425 215078072 -959
975236403 242159068 -1986
586294158 296320299 -1655
36573095 905559252 1434
717869001 855594312 152
176269882 884467857 557
355952090 778429071 -1347
524934556 522304525 509
554164451 664204645 -619
551499738 655325015 2246
37606562 948314979 519
684749429 140079324 1877
492619114 944672821 -238
40716930 67504187 1467
782748639 472929383 -750
670999700 729694126 -835
623005238 192181201 -2053
567401654 127639269 1723
661864068 972234956 -1970
850874689 579269300 -2303
345562502 567475926 2197
105307889 13700170 -450
474380979 127089347 1519
33873391 914254226 -2271
942768841 56241327 1164
265764325 540393205 1698
709572276 698679559 -1849
591719499 423859295 1662
894460318 736935086 1278
326512395 962010165 51
569048922 473847508 1368
311928052 734135692 1363
597209602 245264259 -1769
942293664 769163230 725
987025587 481743846 -1519
275647476 384090138 987
959470205 637392175 1523
479709678 415366909 216
174202473 683994301 1589
621682244 612838826 2072
767514209 47829947 727
954305285 421299357 1234
637173856 482404152 1202
400551230 664572394 1534
808614223 958494139 1713
835334487 431818045 -709
667929612 810502734 1827
690631977 219066071 1970
990118227 438926925 1582
155667929 41984017 1994
79091400 167728697 1165
275047147 615234561 -2002
532197411 190873161 698
692895080 107360840 -1847
961532073 960422972 -2088
794728322 167073812 1210
904161389 880879918 920
733707723 134440460 -2010
705999359 885062959 66
211715473 291326063 493
744868223 301976669 -927
974162599 598052670 295
102970153 526734790 677
24812313 895742035 -1033
301287908 99796343 1103
168129494 343790133 -14
428332368 722210250 -1260
936382151 297518822 1074
873430117 834808377 72
521279099 490187737 1993
784973424 668746469 -2006
883550762 233032000 -2021
622561643 179394409 464
799730620 12667200 1942
546100145 547829248 1739
133208832 406641117 -947
101530471 727742013 1228
899624413 709295650 1493
232625651 317259506 -1311
754376678 409459860 -1642
309670665 530511804 -603
344011961 771053005 -184
17390431 477397786 252
536175916 747692214 -351
955094664 790614671 1958
872617758 85482340 1267
666928203 521128823 337
276210384 715784862 -1634
675421471 892643983 -1667
912894912 256849841 1034
661619092 572105399 1297
47261281 150951905 47
182943107 252970819 1000
274281703 879877285 2239
319718556 81157748 522
375898816 313310608 -405
821725733 393686106 79
743398803 681509314 -2216
959603269 151091757 1862
876528711 13640902 516
548816153 122045795 1598
859657023 285910669 2041
29154267 100740412 1215
867889187 878600787 961
418645138 759461076 854
725521550 798327188 -1648
925644764 598002629 -434
153819249 726790989 1905
118393570 79815054 -55
529038188 835416968 -1008
693932013 82448413 198
17100226 671672866 234
645235073 185085832 1355
145876654 22491778 85
855018966 741479760 -1097
561228051 290430082 1821
519609554 516452961 1027
917562116 281231703 -2276
646724791 195571082 -1131
547330308 325247143 -2109
892655561 225655897 -2003
276072956 246152839 -355
6270293 487588733 1469
395469286 460626573 943
274238478 811335264 -476
570151774 258151370 -601
729789510 775730235 -2311
498015389 853937634 1472
331519484 200671496 1429
996968269 956988560 1753
958262663 298306573 1423
991643727 456792660 -1792
256019274 963362311 784
794404249 328075158 1624
393257395 494434056 -986
946577510 679475638 2304
408354183 969669593 -976
463460323 700384845 1039
319437240 921826667 175
296779542 293287019 -748
834837321 43150411 -2212
786819644 153541198 439
310777454 68115379 215
4951510 711878331 1080
425903665 325925679 -914
226880393 977254244 -173
731840922 8502989 -90
456727195 246964784 1766
228336924 690421558 158
791783736 777964688 -808
748040055 996822268 443
766235105 74622495 1314
162140156 239808760 -1875
212947967 806324039 1549
382712942 490783688 -1003
192859213 728318470 1541
737373112 149591053 137
294529098 144037154 2292
758197207 436734675 -869
961774048 372789276 -791
664458940 336818652 1332
794809186 590714065 -1331
563069618 8636718 2061
804172332 526597341 2190
588357417 48431299 -2053
280374476 313908432 -216
873242092 138122829 1748
883943979 309064138 -332
919335076 173743064 1328
75388876 693730447 1208
140597989 337880523 -761
755354091 978501379 -2117
761031913 979007648 -591
809949699 359756242 -1278
562211457 676684088 1142
377616450 167328061 -1619
532378150 627575333 1681
131933988 125097899 1700
927244941 397575444 848
181317795 142413949 814
889163521 463928631 -17
645149959 896317190 1715
980178546 485692443 -1513
297961042 325032852 1705
62998297 265101647 -1133
227468962 89960676 -388
540448771 232872960 -434
982464847 622990045 1148
542940335 549645956 863
652220352 369266509 142
264249146 962116517 324
985631893 127957381 -920
327617962 125373441 1968
419038759 813056058 -745
568167622 171701735 1653
426373722 225921823 720
204202103 15556587 2166
514291850 495920006 -560
454399026 507811479 879
812849633 398523326 -245
283716674 842310746 -661
256654142 113424814 258
73915840 275799279 -911
128333747 362105118 1341
473602479 423076562 -1927
621364350 693522334 491
468771235 82189220 2055
225466634 443497270 -54
540991010 608106324 200
860972076 32602821 -239
855850001 470375382 2318
881076229 431890913 1725
893649117 280019248 -225
116058202 109176179 1339
218978768 658943545 756
421915710 148143820 -2045
251657048 173744470 233
249390327 113565448 1993
987538689 267254433 -349
452866115 492880961 -1003
725985629 221769261 1242
524872647 751263940 -1138
159099044 978633384 1206
783328823 543169958 159
658206706 808324680 366
903803578 124368070 999
331607754 152349118 517
330289527 789109910 -371
272347179 258368870 -1811
228095894 25956075 642
772036615 695872445 -2006
422861475 539314647 1060
968866429 766113507 1467
235432966 478962334 -47
174846993 409315732 1405
457704275 488105590 -1289
323622930 929507103 2114
112921577 36318615 1159
936390710 779769171 1501
589951399 461232460 1540
101196473 332910972 -1189
529937816 628633588 754
373547066 924592621 -2205
471572072 85281343 -884
838667792 731609618 961
693515061 788615268 1246
307774114 394970538 -1735
475917951 348230541 -1979
647675466 804286441 1979
173163677 210979756 -1392
208006906 557907101 -2098
977627853 561005108 -760
140425253 926278271 1255
379731933 198426395 -1638
420397958 177976337 -424
907711073 290954313 494
74567819 975924563 -320
131574723 565696761 1671
446053758 558932324 2170
586234895 772279457 -1855
380535754 591872276 -985
783238328 493026061 1621
364808780 989560025 2250
550449424 831900955 -1159
404139791 195079024 -2114
549124813 216499280 -1488
934207009 272278008 -2315
244140648 21737531 490
370582992 438739552 729
774827608 328127049 -908
645398042 388338074 1065
268755523 659082096 -385
59239956 895547203 80
568172134 37593716 -708
936154131 590728084 -1774
224436268 145007973 824
150035077 912610735 1308
918862539 751950208 1397
536536524 67615471 -1375
225055407 43337236 545
362707271 273669773 2322
477749573 562214669 20
485227062 514273023 -1663
292606863 148008837 1281
452192522 973698135 -2009
633802129 734172349 1615
281381000 182978016 1643
358301588 290311455 -1795
355164947 793648323 211
738468467 911368215 -1853
11936145 433636143 1471
785666413 960679084 2175
850887390 843386178 1444
623879458 799029646 -1973
37460941 87237598 844
41288698 510587364 -2292
786385820 15276126 885
899914143 385968221 766
487755250 944345254 472
45033310 512715846 321
834295113 178359129 -540
517570178 914531129 -1501
572000786 693893997 974
613614541 322066302 -2105
609651882 358259995 1381
865235728 622297503 1688
311157042 24818382 1353
998192975 63364458 2326
791642743 951605644 -42
936797250 94617274 -1353
990433645 639743048 -2162
47267181 510756167 1832
315534902 910142968 1640
142514236 350101016 2330
155278425 779393922 -1031
678981345 421313034 158
84731895 904675237 1859
392909589 607104110 -2123
598188777 106910571 1521
463360908 19680173 1064
361153202 337816709 -195
469479656 245284968 -684
477232673 102234022 1605
693126251 486845671 515
248949639 581084266 -2129
406398079 350757939 -1936
701844083 354969610 853
526248566 729422809 -812
579976335 425341777 480
325721372 507856325 649
366992520 698371298 -1512
198350307 335154930 1340
271933469 936883025 1411
135808583 370831888 1621
83269253 834639484 871
315813242 902406911 1545
178476718 57817862 1808
14185647 8014904 -2109
219770002 443244907 -1776
318772960 168379564 1599
449375899 241576845 2152
247057376 842053896 -138
142867915 752284574 1660
91189319 49132233 1203
332811429 986270994 438
404759854 99333165 2267
44068364 616615254 887
816507121 147472345 1599
41801666 674632291 115
501101875 661563767 -256
982861684 218672179 2260
978563925 87727141 1643
186347319 33509559 1784
789815536 393959824 1254
701569387 354888657 -1929
513274132 757025557 845
466288422 828802548 -1857
329354176 933877639 -809
66861613 192542492 -941
523431710 365515138 -2033
852940203 734261212 1469
741301774 171665249 -1736
54001220 672673725 -1726
633513023 640982954 -2175
325007213 255884011 1067
695971507 447271234 747
175612674 349944345 -1562
751145758 53052911 647
498045764 698102992 -120
829635119 411146925 2146
885109614 583898512 -296
176740320 122202711 463
64226584 771390305 38
409872614 442423006 145
635512942 252391915 2180
151954796 881813214 -1534
153634567 38324306 1612
816465899 210430209 38
4819420 331303952 1505
404418590 466462888 -770
890261 36020024 -535
631148186 67085293 -1584
938583708 979172204 2228
449607260 661931976 -1735
660109978 776867433 495
212314999 181400040 -1841
212167497 172193100 1646
783699554 639253288 -2086
690151524 65887947 -656
517426434 374860191 1896
232967466 270823573 -975
525476164 626462963 -36
901332265 658524377 1231
173804225 49305946 -2014
679078891 798915741 498
328811816 97126393 210
761090040 895626063 -922
820590744 815101404 698
915005624 942121347 122
358688170 55056574 -1369
241311763 267410825 638
959900300 965379826 -858
146804482 180079806 1334
729680287 288050955 -1099
387662298 827530791 156
768738080 418424624 2128
216139502 981822644 -471
48994687 119964887 614
259250464 740751262 2242
696977605 573449202 1111
200609095 85592492 1538
280513246 534668297 -596
930614397 3666385 -269
90519970 777899511 349
631440486 283296498 -1072
170865933 88234849 -1840
676052789 557838037 290
937127484 872860948 722
630195639 245930630 -154
812001937 472196413 -2269
530960480 429738319 -244
422659560 322676011 139
720463615 372352750 506
813916892 134298104 -1061
345999301 343297155 1688
251681967 865826126 1839
756039518 23573933 941
103096606 752701610 982
421530404 1629728 1013
68884277 733486736 1695
186777378 73255696 941
738649194 10147705 -2213
664156317 956877396 -1975
243302317 172651435 -1923
451290716 958131222 -431
285546459 925783423 -578
632475230 91075659 109
922293598 671984363 -1957
590804028 248685821 996
778582538 262982959 -2258
698749688 197133175 1811
563284692 589181657 1521
87157549 803243816 413
63983583 202462788 -2240
404166270 648315537 -2302
457961353 8761570 -1269
574222240 768024338 -2087
945175918 473565242 1215
167254293 477575055 -466
517649092 717659496 1113
117054476 671176663 1272
746674918 582456784 1988
460928812 257554207 826
524759186 407667544 -640
687881595 289892193 -1245
16146260 396361278 -114
55339207 177239634 998
148670232 624532613 -1627
806655421 245372969 -1333
711232134 239279644 -1410
743362730 229696681 51
590338422 464656590 679
860673124 956549287 2055
338547353 325232443 -2154
879362700 435347838 1278
990158347 252598425 -1304
510801590 768450116 214
344464269 159526276 -1573
412183192 698418080 1478
953519171 580444345 -1787
704014130 289381057 1858
510035441 244555909 -1228
113874719 998979333 1555
749366838 885333624 -1377
826918300 243243492 2246
147037953 237243331 -1128
122352614 523254835 1031
672636607 475108371 -1170
314858513 653155334 -416
57816954 587967377 -912
761446945 748784610 -1131
757757115 190847068 -1719
554177701 542158879 -1590
109110956 205028974 1894
650948913 529870755 503
513197653 74014040 -1829
764136551 815471993 1567
949465463 453294262 910
407508121 176045592 -1452
377504394 923848482 -281
804170745 988428703 703
354476690 666897502 1057
992717635 712167663 -1156
570161756 649531400 -1506
808548445 641809991 -1193
785171327 630634495 777
734188416 293186281 1876
125207661 977874086 -2297
271565486 715314288 1767
621384411 348939922 1302
374615480 127356658 -2284
514041606 855316737 -373
882357049 221287325 386
775240682 334232953 488
492040093 674516067 1806
724457145 797095411 1737
120246122 379815588 -1628
120115896 6935801 2055
18411641 282085304 1525
171842982 101415137 1541
895166684 486021474 -1014
782041338 11841663 1856
372708430 478155670 -1485
82321537 230156045 -984
531653995 449897127 -971
836142125 89213143 -817
70532066 113603359 437
113102071 154130382 -1747
506517424 827571035 -2258
299936912 690404491 -2134
839740295 803670265 1139
550207829 730270794 -1113
884241513 956046072 536
908874199 302078480 1159
470864681 106613456 266
517713216 675365546 995
867327344 35430604 -2317
814760783 259009266 -2277
612176662 608271599 -1107
903057226 646223621 1154
687151494 417254036 2273
577742555 713981156 1154
119206812 85708422 900
885107870 280353137 1473
487869901 539419933 2333
961184993 148421313 734
121095137 890871091 -1879
542499136 370868609 826
629625961 842805532 949
881787042 611794424 1024
394376278 917351294 -166
228128469 830833119 -547
52932913 135128680 2274
316754456 372333362 -1492
695654618 280238981 -2188
550511924 313672601 -19
41893691 735989453 1029
510966297 917441857 -1332
853195683 981345382 255
337883903 861564845 806
554312800 603566181 1476
368663123 244252253 -745
127999402 579581421 -1375
457537072 314836328 611
555035895 849733268 -1633
680311519 921284520 786
284602219 530203769 426
292700177 206463752 -2149
721967625 406827220 -414
593382270 340145067 1969
106127941 750121551 -148
283238417 359815444 -120
58115303 176263097 -560
842988479 659110336 -1998
691648603 162334823 -1476
649177895 167555078 1239
601971970 483600177 -812
52436165 606036783 -492
631695693 2110699 -1580
818903356 293981952 -1485
206788341 679589977 216
151533439 491878095 1010
567164339 178044252 -1663
696041045 685154560 1395
67189136 16347361 1613
581859242 632350682 2107
918785829 845695167 2258
726224724 11270466 173
20160952 481811924 469
858392810 946911731 -2172
439469417 902088612 619
642514943 396119692 -1163
497568708 975887502 -807
895511518 918915402 -743
722519946 480952643 -977
142585468 429917890 1672
215579353 647399061 551
811352890 847051340 707
261810594 770043013 -1986
334524387 29501453 -752
54932586 502494482 80
223786151 273583554 218
938304697 386289524 2199
572675457 38224908 1462
115379175 235312564 1902
307621584 602790977 -1526
801831984 805038969 1502
613797378 459528873 46
93756042 281707761 -1441
223702356 631855047 773
513252674 85551281 -1104
487523954 341797336 -470
872180969 977099246 -1919
385332396 773279952 -1255
142353679 962276607 1116
442170613 843618570 1181
689535614 475406383 -1305
967475676 239548799 431
24998187 900169540 408
595967403 589133170 1136
410238288 820392365 -1543
438043982 221434157 -553
707976015 70408459 2034
117007932 933072276 -119
688151322 6107916 1428
197387295 472452127 606
598494992 638553116 -1503
551300574 247724394 -506
536790159 74714078 1816
708850559 150998035 1921
373460853 528894074 2164
85790343 525831317 -1993
586180289 753908581 1237
929378288 754173986 -86
208868400 638660342 684
44899693 459632972 2217
152005782 926312738 255
897511548 355622988 1547
949982577 546773783 2304
672699844 211570978 -1301
993577201 380994554 -1028
443823989 325369513 1633
897989266 784092561 -1084
653951465 212708862 -20
270374932 675398640 -2180
701681863 464789834 569
561153711 336391899 1469
630225915 267943630 1839
527312380 185547277 1822
156259743 782168084 983
93593166 944717381 -1288
387379051 822890785 -530
799110508 44108805 -143
232664431 103298346 970
992813111 520865035 809
186358872 830641324 1549
779903224 228574867 1441
473881953 104996181 -1072
879461329 344457497 1912
147534506 475392532 -1416
484659917 254352628 1810
680989522 197738249 1436
433108048 525848504 1540
587258886 757365089 -984
179533361 463381242 26
832376500 579116912 -415
124517196 879220375 -603
949134758 308331023 -380
611898371 835502312 1537
801970540 881700769 -592
918350537 153729850 1820
353563340 14070790 -1586
698259821 526276305 -1923
89642755 889668845 -1834
735192397 560965133 -2265
11610173 247946440 1452
215649246 950554020 -2186
777055955 384877908 -142
678405669 916926063 -330
352703877 477027106 -1627
606365841 269982099 626
184473699 425808660 -1907
151795884 285277462 -1817
214826781 941211177 1201
813329444 560483857 1588
932081262 112499753 -638
956267486 423298870 1483
351147217 943796986 -1544
428548882 329003561 -1971
354381081 384874453 2003
835239497 575192501 -1247
833008497 277046127 -1834
334035220 22898429 -1900
861008367 78319406 668
991231033 176081265 82
471875553 744499248 -1032
540395628 749741756 -1856
707105404 548876659 -1603
208019646 249155078 1701
184867824 387141703 -847
947638512 97884457 1836
932852194 804138257 -1031
464838694 814304409 -622
440256501 88156191 418
242464840 617118419 -723
379271317 808114745 -551
9141027 647350923 1454
949694291 494377936 -68
451365811 444967529 -245
34277077 65549196 2268
177888476 2917991 1560
255493880 867766817 846
984541026 469651792 1164
783207245 444172402 1521
742749068 476980414 177
398797984 522363096 -1831
953166819 667213543 1283
109989433 488516765 -1660
779853329 436217120 -434
712303905 838319064 1497
469187395 13430496 596
111589165 286512250 1584
546963854 207907023 -2260
368822968 129654908 2059
772047651 994049981 37
2350044 696932414 -365
140809664 838174341 -441
647201710 619258743 -462
472879627 808886725 -1635
657911251 168443731 -678
585574167 585546424 78
573726048 444943927 -312
635189093 331082073 2235
288925384 138689043 -71
558029757 456380131 1351
740820340 495840403 811
262740051 347856826 -1081
65184793 292358975 -1519
561856272 712367748 1387
508487989 136739722 -909
35308084 949316773 -384
52456020 734429294 -2217
448858914 568150085 -364
214137227 231552339 -1326
159401290 1376195 -317
783117812 949678213 136
564341018 187958539 2200
493503848 234960718 -932
316978319 339767663 160
793886283 150329692 -1392
63853360 480565900 -1731
24654291 251967414 -2333
334916747 420668439 -535
984991208 451814567 1983
371120099 358866077 -590
844604803 858064118 -763
644218260 274238083 -2072
18744747 169719630 -1063
880191277 733502108 -690
430297354 315282709 2049
109436811 638812387 2323
150064026 561318424 1910
100161537 288175031 775
830479845 894567439 1480
784271341 569684481 158
90221875 305799103 1781
190234730 668653463 -2300
932493310 805757274 1767
227187471 525961779 1196
297334477 775905274 -522
738116672 939608797 912
293416129 769628540 2217
708470945 205180145 -105
495060298 129225362 -1601
482374674 45486488 -848
812109894 345406187 -1335
569098208 887708950 -788
226859831 541381181 1682
921926981 201977894 606
388671242 386272096 -1225
569486965 733418141 -1167
838612290 241661333 1368
402611312 877224449 -1932
423235674 741998971 -300
838956318 109787226 2117
609590008 767487184 870
849531283 246399543 -2188
956833357 916948067 504
205920415 495571774 -14
981448022 984040130 1641
200951721 295327093 -396
826927336 600221926 950
221390457 649284287 -1022
417690096 585140968 -2273
461090614 347259193 -1731
357681106 124871692 399
788197347 742427848 -225
312623689 626146171 2305
530109900 713964403 -2259
796917251 593479884 -1383
904241094 349601993 -768
485976291 958446643 -1207
219722121 497924950 1442
839672648 190507976 -680
114044547 130591535 -1431
223130123 437150795 -1317
407793871 655069679 -1332
749919904 746976464 226
327538652 810109553 679
517465635 556153627 -1755
496808890 478526410 979
336484216 222651416 -354
38837705 741736535 1883
612601823 232654125 2236
782159862 66188348 -1770
809034874 326953597 1317
755573675 881187897 600
784663648 199443218 -1735
687538225 16519579 -981
806288681 940387391 2112
821798914 175115879 -1339
313125511 203704738 1417
990932765 969601949 501
633742986 443759165 59
190221505 547828422 359
275709773 731047663 1773
630394230 593094088 -2315
363972995 297281215 765
709854370 833942549 -563
777582498 580623950 -1059
180763901 871328101 -2186
83343942 560738076 2126
44501903 283812259 -2132
809913009 966070535 -1037
685896384 390682938 -565
121568986 733735594 1811
423928812 432961214 -1942
671599333 345757249 -2012
741478140 801340300 69
942094868 392301175 45
628401351 367931513 -304
586350147 840803341 825
73175458 994339 -294
684596094 277990328 888
398788687 337142511 114
851604907 391063763 307
141161621 637149207 1845
159759716 765422859 -297
325401412 165508637 256
831737413 808933310 -238
722787005 279659096 -2304
419566318 907051383 -1889
466262281 272521420 -876
704738941 444138096 1947
466877045 851074286 -432
753205816 288967191 633
87150700 371084864 -7
175977340 700791655 2225
109481072 548441462 1348
192328105 111355643 1219
196664832 588739986 1140
753784795 875733269 1101
800342849 765058166 -2249
842393621 311695706 -1924
166246755 154978051 -291
164761898 682753369 1976
901553177 48311905 143
982723251 205330953 460
450907115 214893589 -859
13037004 791767756 -477
869884361 508169602 1534
876806886 771834361 923
254615398 961069942 2280
673875327 915855413 917
39997547 665421024 1200
940112506 784333875 480
659178794 561030871 682
232995847 640866492 -263
328215672 539149424 2320
269681997 661338858 -458
756460905 695519354 783
191299167 608383374 945
413747021 459375232 -1168
232447487 121972380 -1866
258839309 817749495 872
298343754 259130244 515
547022872 542773920 -470
697804555 593801656 -1181
717790292 328651851 1069
454165411 21144641 428
337013379 521544390 2049
443564477 99344056 -1503
738961475 300847285 2212
850696171 443187889 -1038
445352014 225187274 179
597177942 223947699 1121
851470129 88801107 1739
773373098 141422980 2157
583878620 435498975 -455
781334773 538921343 1225
894517347 371731656 2162
28822019 78475813 2298
422627566 869977052 -472
915136563 262691563 2124
126869904 438473987 237
166532283 15585895 -35
214796968 918819090 -1629
359530382 271596724 -222
909683225 658391969 -1999
603850971 254607671 2323
726823137 801270470 1090
373588242 344861217 1260
893240339 3534579 840
409964934 160173863 2154
765403370 844425561 -1223
850313084 187434898 -97
81063037 926414254 -1503
244751804 898129446 235
113581680 16038909 197
990346711 234987560 -1106
484864114 332582124 -18
549853651 371649093 -53
940432719 899331595 2280
420783644 409063309 1678
908968398 222329047 1155
884478661 239588564 1706
538340921 243174175 709
466765071 495900527 1871
769644649 804276226 1458
530803207 336967821 -1093
61487174 317962124 -748
4435561 33924444 -1442
729449976 760812754 1572
510631764 146910632 -1971
50810577 759305305 -2021
501109504 427689197 1363
979167932 757311413 -451
145565106 834113016 2240
213302056 306090984 -819
430409917 584991445 1533
303024346 403579271 1913
515344422 194210158 74
392240212 653491219 839
706077291 318124915 -1293
748676918 501556021 -823
757630980 454229412 785
885162139 881795223 -1646
650710626 301191879 -2080
152545273 301381841 1725
974897690 734970000 2144
168660837 159621098 2174
587398264 718438864 -1897
592690842 496357671 1763
375267234 590863516 -1707
284774378 134997618 128
570249139 125733365 1947
718807364 273014613 817
518046616 438646794 -1066
695921687 382676860 1112
131684746 156306564 1909
151800647 401299374 1803
592739982 62101631 266
938715989 629574697 -1916
100369645 186548640 1894
465412797 588851858 -412
723381434 704990872 63
962792322 972062075 -1334
296645621 386764023 1052
948870309 447491454 -1556
86154580 305967157 760
780208806 59144819 990
488464164 556589246 1398
491056980 118374323 739
410504699 547479678 -2036
163139318 153387464 -1754
159258323 75533927 -973
639080228 493953275 -1326
882319504 558670773 1188
602355481 857603517 1790
785288713 60417321 2061
683156275 804840436 336
407044243 976219531 -901
414547064 883902303 -1933
799738431 83419278 758
569562306 336842190 -710
863887493 21351239 -2127
324523221 369523053 1989
427926835 811604645 -1445
480917081 102319328 1052
82664738 938167431 -1141
877308183 90514970 426
562484613 309018181 -1099
492812193 613510002 -1309
483085634 550515426 822
297885629 78762900 36
82045708 301531441 2084
694143898 361285802 1558
637798713 249518507 -557
906160091 53770378 -1790
548572757 772425696 799
958788383 562637810 1938
368074413 429323126 1495
577370105 131326439 -1595
938344002 300533169 -765
74692778 183893120 -1842
650969547 304856638 -542
221004627 632767201 531
453975238 747295039 413
491431755 451525846 1512
528271183 432992362 -1042
577186431 150836659 -1587
915577159 456055075 -186
59814701 708535775 -929
69278455 466001033 -897
734199231 148270563 799
6916044 484758379 384
823271270 790009776 -2220
78387942 248877392 363
19943980 76598699 1440
324621882 142431750 1744
550520954 421499805 2146
470621288 431982461 1951
442276728 598580226 1252
713691302 886604659 -298
816357060 615678585 -467
539123988 114191063 -481
646696139 544283727 1308
488413900 222243357 2121
139439332 257195666 274
427247172 743334837 -1047
720202844 836516660 2266
780530134 95724257 833
164238237 746024982 -668
836774131 337201844 744
317439496 723824700 -1614
973428255 388050677 1902
127108176 147899851 2064
603293214 566914554 2063
29029956 95199693 1094
483546115 85702649 -1552
193377604 302619238 -350
545130735 483231540 2082
598419381 593747685 1618
380002929 93655226 -1529
119671130 758880177 1776
395514977 98585355 2163
399957973 958159843 677
209295326 846739134 1507
70183689 216466111 820
360372758 645829929 749
398675075 968495781 -84
576818327 7571589 501
867539624 656381099 1852
585461579 695307242 -1129
918130215 156832065 -1516
892297754 821409681 192
634723573 203565579 -1210
137966427 696921444 866
674891508 107156694 -2187
614698032 163205371 428
196550536 682294895 2302
130431592 537812756 -1252
997197605 396429239 201
409731021 981360278 -1831
747235757 209424662 1411
536358071 389913270 -611
753311751 577160485 1507
440002883 751353974 -1205
455908711 312692908 -1288
751313613 925615520 1951
244308396 718751303 506
757871910 223649320 513
662242010 536146366 -899
348963063 332885715 -2206
652297490 576911480 439
258778502 108859307 -218
715291184 224714601 2068
863356543 943614710 -1694
960570241 27440536 2304
703102211 184431627 37
998107684 129829094 2013
204608754 587944184 2237
500453310 476888425 620
419356203 290161965 -1130
106375760 971658063 -355
157514197 378173617 1595
179902518 997634775 690
493774364 890702294 -1427
971768370 45947811 -846
132543993 232108719 1258
383523120 773403615 -382
227868662 127159432 -446
680782798 348450084 1640
669390972 858314452 -1319
710650772 622935411 -611
126774833 103994293 2128
437365498 467679458 1657
868253800 58701440 1971
985800079 69931563 807
238830026 473406526 -174
683762475 443608662 410
128223899 485924879 216
188607795 310328379 -458
406114177 521567909 -568
311017713 465075974 1741
450801067 723567573 1108
549833813 506575782 1542
713496508 420078967 439
659264306 301930083 -2140
720932023 861860024 -1743
417873133 950474571 1751
767277522 455768661 604
803926352 40879565 2313
169748271 860549813 -649
728048839 749984760 -1577
209509055 805221134 543
278313580 271850195 279
53854376 762035892 1410
645039720 362449222 -983
681421877 477064630 456
201796229 311281328 1019
895164589 541636443 -1324
705179830 439474372 -1152
331678963 344815647 1525
396309701 122476123 -2116
496480219 288424049 -319
476347691 165867419 1798
386640916 681346965 2191
786887551 487498718 -360
41538046 344387431 -943
913043906 623791208 -1276
38917559 426493725 1543
177516124 815438940 -181
788055395 200675860 -560
805411442 524254638 -2025
639951320 155409182 -398
901913940 63522191 293
109782910 363108475 726
766257613 392520219 2244
841338671 935782731 109
443619513 142137745 -452
350256851 308280877 1783
657271329 481844598 1748
927068640 462360493 -1875
979393979 741640747 196
154212983 394137134 1961
613308617 165157112 1485
31951852 737471900 -2188
717272548 77345882 -455
50431087 154427409 251
449042835 43328153 -1743
465695932 961631856 -1849
961978298 423612149 -258
14513715 529561120 -556
30230479 577017778 -1503
450252784 271696472 -58
935331875 70515458 687
170958081 640226056 154
612651423 618805695 -272
449633108 607962574 2331
892638238 154478981 236
759392440 970473756 -78
820929987 512709428 2224
315915686 548975358 -798
446754799 13965630 882
872667309 471707608 -1995
814971621 403133342 -58
212586977 134516314 -1926
819082281 726188928 -1609
434238212 722789760 634
711044262 333036837 1221
542395346 372856850 1166
8987810 819836632 -2135
449357342 519159332 2217
979211032 350007014 2256
970471544 38292232 1135
948336764 349606842 -839
513886016 667412529 -330
148999065 936865289 9
122661967 885323302 -2004
154857143 56278758 460
634412658 219101341 -1878
309579175 218384583 -909
1115202 950096142 1654
629311442 488492418 970
220903524 215230972 303
3024156 960696391 -2220
176990702 834223101 2063
129495790 264851620 723
836549942 251623796 -2320
790075323 920733529 -535
4511323 571766194 -1686
554512940 445604859 -1557
631236600 466918671 675
218567938 152654448 19
773359581 993679765 1160
28844273 398200427 1220
467939900 677878925 -55
186715913 703217286 448
352018532 383269303 -2231
778075264 341755138 -76
301152500 992610788 -1576
210365864 170982039 -2056
198744682 502197193 -1201
460989426 439760522 891
14056504 919034777 -956
769966394 451090973 1520
654077075 698070700 1634
800573395 638023186 -311
49061927 80124253 1880
563232569 624410881 -1206
374744281 481064430 416
329541107 566912013 2262
214869354 990345319 16
61400667 383862290 -360
579491442 978712184 -1665
374902537 87936918 146
160389462 708752684 364
235239224 704566535 -1473
542789729 102614045 -174
388306895 60340077 1555
47749134 130233289 814
912818873 993309661 130
373589744 572295807 1677
295704339 880185351 2279
990103133 789889582 -1003
729442876 59413147 1213
205296478 908523814 -726
76991200 14611745 -783
887783835 40180770 712
277376404 999070518 -977
864994350 433435873 -2097
777229126 978250070 435
628055848 669053509 1939
274164884 988158404 987
46855517 973919380 1120
629388048 798303141 -1279
276417330 915121505 1435
949290826 872880547 -927
319275106 663486694 1675
504930392 271793548 -2269
352625257 718372082 -1479
416258432 396779522 -1737
966508155 801451175 -982
847439278 413902826 86
823739900 905822697 -2297
373725556 90389895 153
308036084 374230005 1680
518421814 974880994 -1301
52780776 36610378 1589
491205542 414771192 303
77836387 692320093 -1413
245759834 831393830 -335
328649993 76994589 433
219754250 163815921 1822
216562846 768065851 69
131776938 828656944 -1689
411669929 153424117 1481
354954830 611168268 811
611434276 368418289 1909
261580809 80074774 -2160
513264020 288212301 180
795243066 719870270 -2093
947919439 643626126 901
121136203 296471778 -1364
241882956 232449089 -2148
631517277 503094971 -2265
523412474 235086374 2277
100218587 64070692 49
660749296 443434757 2235
645654278 487283856 -1055
157372462 982301580 -1654
326866475 49197680 -1667
357216885 380821851 -1125
202106721 671399399 -546
1274228 609578800 1724
97060063 41494700 -2098
733562515 363333826 -2284
232148506 416059199 710
686682300 782705718 -2228
657507578 330413566 -172
349881310 402233280 -2331
796839644 727856810 -148
50422592 208938278 847
445334991 163753816 1171
533451777 953577634 -275
546151402 912803070 -1253
757830149 620058454 2155
941095051 298925392 -2201
911007313 724895151 552
683554472 710393925 2291
736046642 200811156 -2036
368844631 617923857 1752
878306516 583949815 -1019
389823287 526706488 706
458010066 100149045 -2162
939876014 566439388 -243
504719643 722080412 -890
930847860 81581330 227
986033615 242365334 -968
817227745 300404152 639
930912240 858571980 1501
86851614 229764559 -1099
843120926 262992082 -290
560691148 910258476 1369
629396010 277168849 -852
689852372 489710255 874
4496921 93260188 1977
80341312 521544824 -1962
199045801 688106136 1489
816703919 40199323 -489
520013254 920142550 145
879906381 971085340 -207
322888207 210987802 1189
931356105 557829440 -897
225252226 255733519 1858
819705233 552030306 -303
856512647 985493720 2203
305007798 509138960 -226
413185105 255401753 1885
453913440 547725766 -2238
607471559 959734404 -589
664017539 882511280 -2260
294719176 839194113 -404
884595725 547417222 99
187847980 56974711 681
500523784 291240821 -1074
640570841 361570869 1655
377439406 640748510 144
861269098 268223408 -2016
193592659 352804338 1362
68562090 837309411 936
705657481 27020746 1551
51394322 832308241 1612
48504053 906808248 1091
647425635 355848124 -761
349026180 312571432 -2046
234586438 580442162 -281
66759723 77652238 484
982822935 829289328 2017
350952753 864634037 -1511
630573125 566708707 -1824
232026534 343902045 2239
432933247 623875521 -1771
444305813 72833610 1518
388666 561680372 655
788032480 46568516 -2223
805991437 799958378 -1439
646945436 41781851 1017
978249186 376812930 241
979191232 883518873 1981
941653353 999316372 1814
808445645 414616431 -676
826403357 840512287 378
47589339 242937777 -1887
652657061 102984011 -404
268000882 499545480 -1973
108764405 813185733 1409
986353893 663228055 -2262
593265207 426942342 934
629958090 20546760 -455
435010045 751287742 1889
580468572 873950370 1249
804988937 171001110 1705
507420692 941125184 -2078
162165255 917332561 2167
843501731 486713143 744
813904121 438608529 1922
298946811 699932736 -258
9430462 620983396 -1872
488596751 865558436 2253
568609544 801270758 -867
111725701 211467832 -1605
889337474 490279422 -2294
567059684 964482870 -304
890678189 886902030 -1672
943176751 443334966 -828
636978382 9747644 81
737274380 444700937 2242
370877792 381145564 -610
205946198 240156554 1738
249711880 901742573 -2064
649646527 837090861 1466
874737906 936256845 -2146
205665518 902967868 -419
709197458 8473928 1171
476049116 346705592 2328
779577910 28747779 -1889
492785144 206537067 1833
102301356 332730364 1556
742432129 573701477 111
343944646 613189810 -1917
775058342 731786747 -1005
434846801 439956874 1774
921614838 767990415 1670
618601946 98030211 1880
575471154 979604995 -735
817692233 584112966 2079
542386780 814430449 -507
603169814 471680515 1875
147768635 969704183 311
767916972 847724669 -1132
709596405 462316983 -1716
355153303 881827432 1100
604106931 577455756 -1674
779205119 915784325 -39
817641182 279059124 1503
239747435 655623602 -1055
331832076 403511530 -2244
435028637 157084385 1780
164514453 804289997 1968
342513727 508200254 1654
194357437 897975740 -1775
492864756 178525535 -767
557701689 878763826 1808
719998197 67483335 -2110
310664952 878739762 -1138
319321226 133356035 -686
173366726 695479222 392
182912276 589932302 -11
479997152 195355003 2001
672979962 720258371 473
28333847 93734426 -345
16310237 89655009 953
864230697 185079342 1616
227022358 627277103 544
648046144 786805207 -784
712524673 466893158 -313
997946912 196522212 -70
261847017 397062745 -620
499798841 730454886 761
621693471 300481145 1122
478740184 244000535 948
160308996 451515997 1489
573878280 987872392 1480
73616961 719418869 -32
78616047 209719458 595
11560338 289945839 1085
941572811 229795809 188
404191225 621887598 -954
775333433 950356316 2044
479218028 73271183 1580
790291780 635918340 -1406
449467067 435154346 343
293155764 450322680 1645
799390958 523270882 -1597
422674040 574166318 -1264
96301809 721630267 -1011
923794996 34060255 1334
283807291 834863176 -435
574762596 217168244 -449
897358130 608379082 -1673
501532461 654208760 -406
303920557 115086870 -489
281195347 59942414 128
57261582 981346653 -764
454841925 853903109 286
27738000 302444989 2167
316379656 257554678 1942
241960651 712466620 1621
867646262 179485523 -1873
131117539 267519125 1784
64144674 291107854 1486
945653624 750529960 -309
630468150 755341439 -803
728061621 480685303 988
140076706 16446305 -410
533783010 516006978 98
87546160 426440988 1219
115411794 755119585 1658
104187228 102586209 -2201
730617962 551818583 -1785
868664587 363627923 2244
536777530 715606120 920
844472435 484578899 242
500863695 238825261 1238
31283725 765220364 721
648673271 25168274 949
671455023 895193858 434
401703347 489090238 1148
190690589 535534100 -434
798408895 777437699 -1063
208047231 888655261 -1055
794797243 357581922 201
433042482 468978446 1499
1194456 272782187 -613
521632448 85657749 -41
99111437 166919982 631
427988725 373028711 -13
138551803 220531685 -1265
408146981 290836074 -707
954786006 214534702 1643
889277293 540807273 1659
907638579 74222760 -2108
434694205 763647933 -2085
708236619 643792226 2075
72413712 267124042 1417
515232080 980056443 -355
570356970 15232396 -450
976076366 322676534 -1580
421821267 215333910 770
742974846 739857070 2215
734605103 327147017 -136
272559467 442488891 320
453653597 6112443 -1909
254463744 197914605 -2216
829389678 275951034 -1815
581570297 282470164 2180
977387291 23482098 1677
691563018 553907393 -556
795557762 124497015 297
829795957 682618049 -1140
86339437 749842226 795
870009433 577829097 10
509559061 33739981 -1736
984914655 756649076 -2093
928188056 148893510 981
702560523 493067613 -461
866080149 373385501 999
783168375 899805101 972
772503854 499026255 995
588285423 949696084 1492
556872032 48014448 1492
807656383 841959322 782
137912790 552354730 2331
46188913 583300894 1732
900711463 352914064 735
96559816 422344502 1531
949935647 412397481 1502
368758174 643048827 1637
720914538 972282716 -333
577757002 698412399 1089
943378973 429725290 1797
483663150 810097698 797
961440476 21006603 -2124
154314700 340262875 422
317015876 320117506 2099
741317888 382809060 1222
696212140 533465353 -1159
135262840 386239525 464
313131781 246421966 563
436706425 41677083 -718
676329750 855072004 744
785250565 856199554 1661
78670605 862582297 1850
497538009 59850885 -1862
783912170 453229463 272
460093256 160007281 4
335719477 733926842 933
178089297 827883867 -1435
338886987 507444387 -2029
581027440 601897586 1022
769880861 243448180 -2225
217590816 674836075 1545
141586952 655371476 104
275412616 239544032 1145
605620332 614294935 -2223
511442915 146628681 -1509
21864212 872880567 21
596084448 694977720 -1644
850826935 770322818 -1585
160527282 776532714 306
398763953 66520633 -2092
749725568 865052109 1600
75864591 879256811 927
2692820 361458357 1304
972458085 424441004 762
28485524 965575182 -108
138208707 293986367 -1345
497778934 75129264 -1111
917887861 375459941 204
939219228 329802026 356
449025828 183442700 -2219
872858334 568775200 -474
529113936 33805065 -1127
310662232 164901613 141
151228057 871147777 1290
173232138 147659912 2315
176870292 308871043 328
878937279 45834708 957
933210424 648187093 -908
544663560 19742027 2030
348754330 500863951 1801
512750590 402416226 -2223
531248796 454287295 -509
512367037 783992121 -875
820414860 885686381 667
822432068 870108214 723
359008278 202942084 -451
775313064 382932248 -321
456604114 142778940 -2106
840210080 30371063 455
611591986 341574285 -874
517473165 437678276 -965
137240110 791877733 389
325318118 506524665 61
343481148 399509896 -137
799701165 177067628 1008
684128323 461421581 1986
757249840 447538146 910
567834173 394879788 1462
202731536 838791793 -948
36475943 722302999 -1912
446011275 116173315 -1973
108710241 638117514 -2252
443742832 725369206 -432
203950893 92823281 -1119
760550737 457923080 -1751
662229882 136588263 561
728616057 719886872 -543
679916039 394165585 1711
393902382 338873879 1318
361440188 753510046 132
863653960 853910920 1983
795757670 969172306 510
529351082 488007573 -351
291014143 277026529 -641
830567045 570429233 -2123
654851058 944567988 1497
737923502 343511586 -1404
532670289 252264278 1963
136089672 373237729 472
852527537 826734897 1740
543364746 327099661 2087
56563904 684854900 -1195
819910630 552338977 879
172956354 264863009 464
172907485 948151539 -158
686012978 465147365 1040
903652737 327983850 -674
110451340 395195592 -2155
353087826 987966533 1267
283710422 1914173 509
905285742 197775453 114
895603017 205029870 1934
580352694 698677982 -114
28729243 93350600 -2126
204555818 616363851 -654
639311607 445711570 1731
443838953 883780610 -1857
876284372 128775485 -532
862770290 168904917 -1472
598349479 381722992 -1290
8423153 120087902 1684
715161480 598217033 1174
787765924 771976742 -750
944060324 834495415 -807
591294203 854896964 579
488365490 953117456 -1230
607911998 579643524 -152
673761519 418699883 570
116978634 567658375 1275
10951480 737752640 1019
236647293 190750343 -750
184225973 526001811 512
738753462 849602814 -1918
88743277 750691401 2267
835685921 259696545 -1279
607682978 697370129 210
228988047 169868681 -385
356500200 172131798 -2023
464086684 270286884 2251
425641498 608064566 -731
270047822 340792438 -84
108247204 313297791 1216
676197372 473567116 1229
937767437 602019105 1432
782388108 107215735 -1791
106081471 738976153 -945
379504971 366466479 -1792
645712218 793196722 -2108
479881735 282222152 -1853
13571004 277902218 -1842
236991571 535750224 -779
348601861 296257271 698
491783803 995571926 1401
762442449 295591574 417
806517302 242276984 1825
600433990 612165688 -467
812475000 743973505 -1642
5921134 171182073 1193
940521353 244225458 1817
839232502 447016621 -534
403828686 569100381 -2327
549050156 427769949 -430
416297393 304753952 -263
249343051 444555067 1057
162362200 23956375 -1852
353919228 687317246 -1537
393498411 825118019 -641
207675305 833201529 999
616898554 727181672 1404
18666206 480674733 24
111993376 784256606 -1375
798648601 858123901 -1230
63073726 79781062 -112
97321058 22093564 867
976364866 626783397 1619
123206049 653048281 1901
573133375 534850466 -409
784697536 525190750 -1851
707410517 161218217 631
864882822 324523118 1982
962374015 739859930 1656
324892441 197640961 -1594
801047892 934345766 2113
302946358 818138613 364
645703009 423703238 200
842126653 627812020 -150
131630945 572343304 521
885333374 500108982 1198
938466395 923842815 1669
790575492 101861992 -1065
583204287 218363155 1692
205113689 995392085 -671
311971845 6222278 -345
664778395 923529754 820
662287460 335826761 -350
481352514 855083201 1608
321763925 517100781 745
676732773 717883328 931
120651421 119598353 2196
339174533 89938850 505
937714651 132393342 -648
79336301 261553171 193
720978904 288349332 2044
107581917 572285524 2304
550917938 314397086 1531
903060639 295090979 1055
430817738 520115943 -1422
96609842 880682555 2314
607493011 452904697 -1539
292742158 831969652 2258
522791962 742652722 -2173
453646665 7693475 1214
889076996 728813738 -1317
998665722 704237537 937
639802239 299881022 -966
299535914 119458390 -87
695626776 908313879 -1805
314001690 987512662 -2221
164277289 454210035 -1001
537864794 4115775 931
918585263 222850887 1689
523559522 2020591 -397
850749525 263204549 -889
280053150 855546519 1492
729660292 973686150 2061
654233641 444749148 -1599
104547109 331366740 -1215
449906560 762998264 736
695225185 192078287 1832
803569446 608132027 1247
852135113 51705290 1312
285392007 95286935 1659
151501771 687126622 611
880369673 780606874 1014
525829333 615292810 -516
150242606 726315271 2209
880383564 687043841 1320
491081187 328653904 -1531
141071035 552653994 -1146
410362792 342544454 -921
224113407 786154115 -675
585205596 861915937 1638
780907884 919072446 -958
647160898 906430799 -580
603145616 990432562 1462
260390397 146170721 1278
375913326 734798489 -1821
116129593 404842531 2101
755183004 721017387 -241
880870358 540819621 -736
745401047 456794862 1576
166206507 648813199 -1608
699587158 806916297 148
819075294 220375280 -833
606921508 112225014 -2307
790042370 288823070 -901
777522027 693671067 1278
119727415 604690197 1948
72070602 221962390 -1445
610062245 838922506 897
678715335 910003693 2222
988476009 710689363 -2209
880430403 595835905 -1814
806315877 89740265 -1459
347160540 51464439 2239
101302605 381258290 1450
756440865 176370563 2220
441186679 742478548 1036
231669987 985170093 -962
270007790 363930673 709
728897088 251470770 1249
523789710 766139423 2059
127101511 706472091 2129
181222840 389674176 339
124347705 942654779 1290
664418419 133962998 -2138
509191433 495934215 -668
527693092 641659178 2180
300655715 963831675 -1439
324451933 461339875 -881
124974554 71330427 963
716606213 56620302 875
160850220 50457842 -1550
835410708 394310589 -391
338296021 256170332 45
766937275 911082329 11
143451405 961521339 1332
285977006 255730361 1040
257933230 978696100 1894
181392249 180568678 -820
661570121 769978862 17
157073276 226176804 -883
328568635 617259008 -1135
117832444 331594725 -279
14410562 555692209 -1045
426224965 115278862 1996
505046291 574838974 -2201
241160684 339005776 737
644759510 840530111 2014
875962709 335870360 1687
878938854 481205780 1734
994219642 602635968 1762
147599574 914299997 1227
383232391 570764442 -9
398051962 705717856 1092
533762521 774909213 -172
184576631 763675443 -1009
547008970 405007908 1593
579916078 197788647 1953
30924615 277440253 -1635
705328381 98171001 -441
345104723 982001889 -2010
580168728 466941930 382
119330275 648928401 511
836476235 955680067 -687
558202264 190056740 1008
282669390 796537541 1590
24006296 354874474 -2323
263381547 368961046 528
737211995 721170680 -2211
612475408 517531790 463
350106587 527695489 474
889436511 231900922 562
680847959 49783593 -1777
122009625 930980092 -648
351078411 882540728 484
502855650 135283031 -982
146771763 695481033 -1067
494415180 281763577 515
125833196 231922305 1801
940737094 539636413 -1008
988182479 837457094 2277
932848191 105454752 2311
132233674 449798175 5
411028885 238075243 1326
875732783 927816759 -1024
40233645 930133939 852
360328546 338489769 -667
908963949 403173562 1250
501790910 473853420 -2193
550792748 622687620 -518
675202577 187591771 83
163958932 221992835 1002
592298353 499887731 -52
486822535 164276460 143
432372468 288238274 1443
163067344 249077386 -1943
520230989 189042247 1840
333331141 223622905 -168
890046964 902655972 1600
130694664 525496441 2005
644295376 97245685 -669
541110701 594885175 665
216189620 612158940 1384
563073524 426760586 -344
895674538 554804453 -1010
364521279 514734322 1877
295464937 282230852 -446
934623727 214950126 -773
27021428 207190071 173
706742507 698395236 -2194
802167854 6961165 1846
595087242 404450122 -2255
256666567 795145158 -1915
697158302 931023054 -179
356844554 546161740 -1315
434232361 509701353 214
167025954 871017208 -2046
807875913 571114582 -523
820565827 698634435 -1482
630433688 202890342 -1245
185533216 89402065 1216
233372350 208603043 1853
707164142 100283060 -1591
670041117 650595244 2177
321707185 542439361 -1725
695065781 255472898 202
802079316 176711506 -2083
965577398 82209779 797
622454807 692270405 -1182
84227847 959853622 -2256
697159679 621881966 -1658
779457986 32603371 1177
185007383 871487044 1715
310250211 181225343 1304
568335701 10864099 1929
163641295 683487434 1358
853500185 667303525 1329
963056090 666482418 1821
497285877 779280452 459
146817529 569759470 -1327
86769165 461532407 37
213687349 260470178 -926
249423886 340717566 -665
651692773 225532201 2322
230141425 2097608 1367
842381675 918512909 -2018
582297843 138155362 1992
424417889 391898396 716
405279367 53106420 -1689
466668500 474806544 1129
132872174 762596551 1683
726595911 879145945 356
798173282 537010776 -2197
319423325 471686189 1491
735551736 428094680 -1871
58250256 264915235 1765
697701570 159257872 -1944
596035927 278671603 514
516502018 541426340 2038
595123109 889895954 1802
438815174 779358494 -909
501383550 138524892 -78
191871446 348599211 -695
502423796 755712894 928
856628026 124302463 2106
317603927 489672913 -521
775780320 841446719 612
431766329 650013787 328
430160904 620417129 1123
827660754 743212636 -1812
734446285 359375098 1924
376517214 732591522 -496
152514068 85413783 505
984376031 974279918 658
931704654 348557385 1197
699230428 960278567 -514
608359191 87326195 -648
956583906 569675366 1611
457035378 757280735 -602
335780391 837762739 879
553530624 98043799 1661
680063369 778401520 -282
397414773 835435962 -921
1483975 133209229 1558
752017798 162600801 -1766
390315254 437648857 -796
929172338 646848961 928
61937562 411399542 1248
697748393 977317547 2055
